Route_ID,Branch_ID,Start_Date_of_Route,Start_Time_of_Route,End_Time_of_Route,Planned_total_Mileage,Loaded_Kgs,Loaded_Total_Crates,Orders,Planned_total_Route_time,energyUsedByRefrige,equivalMileage,newJourneyMileage,Energy_Required,Energy_Needed,vannumber_ev_,vannumber_d_,chargerType
10538870,215,01/01/2020 00:00:00,01-Jan-2020 06:48:18,01-Jan-2020 12:41:45,36.211551409544,590.4,72,14.4,05:53:27,2.9417,3.9860433604336,40.1975947699776,29.6658249402435,29.6658249402435,1,0,45
10538868,215,01/01/2020 00:00:00,01-Jan-2020 07:33:58,01-Jan-2020 13:27:25,36.211551409544,590.4,72,14.4,05:53:27,2.9417,3.9860433604336,40.1975947699776,29.6658249402435,29.6658249402435,2,0,45
10538869,215,01/01/2020 00:00:00,01-Jan-2020 08:14:15,01-Jan-2020 14:07:42,36.211551409544,590.4,72,14.4,05:53:27,2.9417,3.9860433604336,40.1975947699776,29.6658249402435,29.6658249402435,3,0,45
10538871,215,02/01/2020 00:00:00,02-Jan-2020 08:19:35,02-Jan-2020 14:13:02,36.211551409544,590.4,72,14.4,05:53:27,2.9417,3.9860433604336,40.1975947699776,29.6658249402435,29.6658249402435,1,0,45
10538873,215,02/01/2020 00:00:00,02-Jan-2020 09:06:41,02-Jan-2020 15:00:08,36.211551409544,590.4,72,14.4,05:53:27,2.9417,3.9860433604336,40.1975947699776,29.6658249402435,29.6658249402435,2,0,45
10538872,215,02/01/2020 00:00:00,02-Jan-2020 09:22:00,02-Jan-2020 15:15:27,36.211551409544,590.4,72,14.4,05:53:27,2.9417,3.9860433604336,40.1975947699776,29.6658249402435,29.6658249402435,3,0,45
10538876,215,03/01/2020 00:00:00,03-Jan-2020 06:37:32,03-Jan-2020 12:31:00,36.211551409544,590.4,72,14.4,05:53:28,2.9417,3.9860433604336,40.1975947699776,29.6658249402435,29.6658249402435,1,0,45
10538874,215,03/01/2020 00:00:00,03-Jan-2020 07:08:23,03-Jan-2020 13:01:50,36.211551409544,590.4,72,14.4,05:53:27,2.9417,3.9860433604336,40.1975947699776,29.6658249402435,29.6658249402435,2,0,45
10538875,215,03/01/2020 00:00:00,03-Jan-2020 08:30:32,03-Jan-2020 14:23:59,36.211551409544,590.4,72,14.4,05:53:27,2.9417,3.9860433604336,40.1975947699776,29.6658249402435,29.6658249402435,3,0,45
10538880,215,04/01/2020 00:00:00,04-Jan-2020 06:30:51,04-Jan-2020 12:24:18,36.211551409544,590.4,72,14.4,05:53:27,2.9417,3.9860433604336,40.1975947699776,29.6658249402435,29.6658249402435,1,0,45
10538881,215,04/01/2020 00:00:00,04-Jan-2020 08:30:38,04-Jan-2020 14:24:05,36.211551409544,590.4,72,14.4,05:53:27,2.9417,3.9860433604336,40.1975947699776,29.6658249402435,29.6658249402435,2,0,45
10538879,215,04/01/2020 00:00:00,04-Jan-2020 08:41:49,04-Jan-2020 14:35:16,36.211551409544,590.4,72,14.4,05:53:27,2.9417,3.9860433604336,40.1975947699776,29.6658249402435,29.6658249402435,3,0,45
10538878,215,04/01/2020 00:00:00,04-Jan-2020 08:52:02,04-Jan-2020 14:45:29,36.211551409544,590.4,72,14.4,05:53:27,2.9417,3.9860433604336,40.1975947699776,29.6658249402435,29.6658249402435,4,0,45
10538877,215,04/01/2020 00:00:00,04-Jan-2020 09:19:25,04-Jan-2020 15:12:52,36.211551409544,590.4,72,14.4,05:53:27,2.9417,3.9860433604336,40.1975947699776,29.6658249402435,29.6658249402435,5,0,45
10538883,215,05/01/2020 00:00:00,05-Jan-2020 07:38:26,05-Jan-2020 13:31:53,36.211551409544,590.4,72,14.4,05:53:27,2.9417,3.9860433604336,40.1975947699776,29.6658249402435,29.6658249402435,1,0,45
10538885,215,05/01/2020 00:00:00,05-Jan-2020 07:45:42,05-Jan-2020 13:39:09,36.211551409544,590.4,72,14.4,05:53:27,2.9417,3.9860433604336,40.1975947699776,29.6658249402435,29.6658249402435,2,0,45
10538884,215,05/01/2020 00:00:00,05-Jan-2020 07:52:59,05-Jan-2020 13:46:26,36.211551409544,590.4,72,14.4,05:53:27,2.9417,3.9860433604336,40.1975947699776,29.6658249402435,29.6658249402435,3,0,45
10538882,215,05/01/2020 00:00:00,05-Jan-2020 08:46:36,05-Jan-2020 14:40:04,36.211551409544,590.4,72,14.4,05:53:28,2.9417,3.9860433604336,40.1975947699776,29.6658249402435,29.6658249402435,4,0,45
10538886,215,05/01/2020 00:00:00,05-Jan-2020 09:00:33,05-Jan-2020 14:54:00,36.211551409544,590.4,72,14.4,05:53:27,2.9417,3.9860433604336,40.1975947699776,29.6658249402435,29.6658249402435,5,0,45
10538889,215,06/01/2020 00:00:00,06-Jan-2020 07:10:57,06-Jan-2020 13:04:24,36.211551409544,590.4,72,14.4,05:53:27,2.9417,3.9860433604336,40.1975947699776,29.6658249402435,29.6658249402435,1,0,45
10538887,215,06/01/2020 00:00:00,06-Jan-2020 07:11:53,06-Jan-2020 13:05:20,36.211551409544,590.4,72,14.4,05:53:27,2.9417,3.9860433604336,40.1975947699776,29.6658249402435,29.6658249402435,2,0,45
10538888,215,06/01/2020 00:00:00,06-Jan-2020 07:26:08,06-Jan-2020 13:19:35,36.211551409544,590.4,72,14.4,05:53:27,2.9417,3.9860433604336,40.1975947699776,29.6658249402435,29.6658249402435,3,0,45
10538890,215,06/01/2020 00:00:00,06-Jan-2020 08:01:42,06-Jan-2020 13:55:09,36.211551409544,590.4,72,14.4,05:53:27,2.9417,3.9860433604336,40.1975947699776,29.6658249402435,29.6658249402435,4,0,45
10538891,215,07/01/2020 00:00:00,07-Jan-2020 07:56:26,07-Jan-2020 13:49:53,36.211551409544,590.4,72,14.4,05:53:27,2.9417,3.9860433604336,40.1975947699776,29.6658249402435,29.6658249402435,1,0,45
10538893,215,07/01/2020 00:00:00,07-Jan-2020 08:16:45,07-Jan-2020 14:10:12,36.211551409544,590.4,72,14.4,05:53:27,2.9417,3.9860433604336,40.1975947699776,29.6658249402435,29.6658249402435,2,0,45
10538892,215,07/01/2020 00:00:00,07-Jan-2020 08:22:26,07-Jan-2020 14:15:53,36.211551409544,590.4,72,14.4,05:53:27,2.9417,3.9860433604336,40.1975947699776,29.6658249402435,29.6658249402435,3,0,45
10538894,215,07/01/2020 00:00:00,07-Jan-2020 09:18:55,07-Jan-2020 15:12:22,36.211551409544,590.4,72,14.4,05:53:28,2.9417,3.9860433604336,40.1975947699776,29.6658249402435,29.6658249402435,4,0,45
10538897,215,08/01/2020 00:00:00,08-Jan-2020 06:47:18,08-Jan-2020 13:05:16,40.8110819182557,590.4,72,14.4,06:17:58,3.1417,4.2570460704607,45.0681279887164,33.2602784556727,33.2602784556727,1,0,45
10538896,215,08/01/2020 00:00:00,08-Jan-2020 06:58:27,08-Jan-2020 13:16:24,40.8110819182557,590.4,72,14.4,06:17:58,3.1417,4.2570460704607,45.0681279887164,33.2602784556727,33.2602784556727,2,0,45
10538899,215,08/01/2020 00:00:00,08-Jan-2020 07:27:28,08-Jan-2020 13:45:26,40.8110819182557,590.4,72,14.4,06:17:58,3.1417,4.2570460704607,45.0681279887164,33.2602784556727,33.2602784556727,3,0,45
10538895,215,08/01/2020 00:00:00,08-Jan-2020 08:15:48,08-Jan-2020 14:33:47,40.8110819182557,590.4,72,14.4,06:17:59,3.1417,4.2570460704607,45.0681279887164,33.2602784556727,33.2602784556727,4,0,45
10538898,215,08/01/2020 00:00:00,08-Jan-2020 08:57:32,08-Jan-2020 15:15:31,40.8110819182557,590.4,72,14.4,06:17:59,3.1417,4.2570460704607,45.0681279887164,33.2602784556727,33.2602784556727,5,0,45
10538900,215,08/01/2020 00:00:00,08-Jan-2020 09:09:02,08-Jan-2020 15:27:01,40.8110819182557,590.4,72,14.4,06:17:59,3.1417,4.2570460704607,45.0681279887164,33.2602784556727,33.2602784556727,6,0,45
10538902,215,09/01/2020 00:00:00,09-Jan-2020 06:33:09,09-Jan-2020 12:51:09,40.8110819182557,590.4,72,14.4,06:17:59,3.1417,4.2570460704607,45.0681279887164,33.2602784556727,33.2602784556727,1,0,45
10538905,215,09/01/2020 00:00:00,09-Jan-2020 07:00:16,09-Jan-2020 13:18:14,40.8110819182557,590.4,72,14.4,06:17:58,3.1417,4.2570460704607,45.0681279887164,33.2602784556727,33.2602784556727,2,0,45
10538903,215,09/01/2020 00:00:00,09-Jan-2020 07:18:43,09-Jan-2020 13:36:41,40.8110819182557,590.4,72,14.4,06:17:59,3.1417,4.2570460704607,45.0681279887164,33.2602784556727,33.2602784556727,3,0,45
10538901,215,09/01/2020 00:00:00,09-Jan-2020 08:12:25,09-Jan-2020 14:30:25,40.8110819182557,590.4,72,14.4,06:17:59,3.1417,4.2570460704607,45.0681279887164,33.2602784556727,33.2602784556727,4,0,45
10538904,215,09/01/2020 00:00:00,09-Jan-2020 09:11:23,09-Jan-2020 15:29:23,40.8110819182557,590.4,72,14.4,06:17:59,3.1417,4.2570460704607,45.0681279887164,33.2602784556727,33.2602784556727,5,0,45
10538906,215,10/01/2020 00:00:00,10-Jan-2020 06:47:36,10-Jan-2020 13:05:35,40.8110819182557,590.4,72,14.4,06:17:58,3.1417,4.2570460704607,45.0681279887164,33.2602784556727,33.2602784556727,1,0,45
10538911,215,10/01/2020 00:00:00,10-Jan-2020 06:49:05,10-Jan-2020 13:07:04,40.8110819182557,590.4,72,14.4,06:17:58,3.1417,4.2570460704607,45.0681279887164,33.2602784556727,33.2602784556727,2,0,45
10538910,215,10/01/2020 00:00:00,10-Jan-2020 07:21:07,10-Jan-2020 13:39:07,40.8110819182557,590.4,72,14.4,06:17:59,3.1417,4.2570460704607,45.0681279887164,33.2602784556727,33.2602784556727,3,0,45
10538908,215,10/01/2020 00:00:00,10-Jan-2020 08:25:24,10-Jan-2020 14:43:23,40.8110819182557,590.4,72,14.4,06:17:59,3.1417,4.2570460704607,45.0681279887164,33.2602784556727,33.2602784556727,4,0,45
10538909,215,10/01/2020 00:00:00,10-Jan-2020 08:53:02,10-Jan-2020 15:11:00,40.8110819182557,590.4,72,14.4,06:17:58,3.1417,4.2570460704607,45.0681279887164,33.2602784556727,33.2602784556727,5,0,45
10538907,215,10/01/2020 00:00:00,10-Jan-2020 09:09:12,10-Jan-2020 15:27:10,40.8110819182557,590.4,72,14.4,06:17:58,3.1417,4.2570460704607,45.0681279887164,33.2602784556727,33.2602784556727,6,0,45
10538913,215,11/01/2020 00:00:00,11-Jan-2020 06:57:16,11-Jan-2020 13:15:15,40.8110819182557,590.4,72,14.4,06:17:58,3.1417,4.2570460704607,45.0681279887164,33.2602784556727,33.2602784556727,1,0,45
10538917,215,11/01/2020 00:00:00,11-Jan-2020 07:10:50,11-Jan-2020 13:28:49,40.8110819182557,590.4,72,14.4,06:17:59,3.1417,4.2570460704607,45.0681279887164,33.2602784556727,33.2602784556727,2,0,45
10538918,215,11/01/2020 00:00:00,11-Jan-2020 07:34:23,11-Jan-2020 13:52:22,40.8110819182557,590.4,72,14.4,06:17:59,3.1417,4.2570460704607,45.0681279887164,33.2602784556727,33.2602784556727,3,0,45
10538915,215,11/01/2020 00:00:00,11-Jan-2020 08:01:55,11-Jan-2020 14:19:54,40.8110819182557,590.4,72,14.4,06:17:58,3.1417,4.2570460704607,45.0681279887164,33.2602784556727,33.2602784556727,4,0,45
10538914,215,11/01/2020 00:00:00,11-Jan-2020 08:39:32,11-Jan-2020 14:57:31,40.8110819182557,590.4,72,14.4,06:17:59,3.1417,4.2570460704607,45.0681279887164,33.2602784556727,33.2602784556727,5,0,45
10538916,215,11/01/2020 00:00:00,11-Jan-2020 08:53:05,11-Jan-2020 15:11:05,40.8110819182557,590.4,72,14.4,06:17:59,3.1417,4.2570460704607,45.0681279887164,33.2602784556727,33.2602784556727,6,0,45
10538919,215,11/01/2020 00:00:00,11-Jan-2020 09:10:17,11-Jan-2020 15:28:17,40.8110819182557,590.4,72,14.4,06:17:59,3.1417,4.2570460704607,45.0681279887164,33.2602784556727,33.2602784556727,7,0,45
10538912,215,11/01/2020 00:00:00,11-Jan-2020 09:12:15,11-Jan-2020 15:30:14,40.8110819182557,590.4,72,14.4,06:17:59,3.1417,4.2570460704607,45.0681279887164,33.2602784556727,33.2602784556727,8,0,45
10538921,215,12/01/2020 00:00:00,12-Jan-2020 06:36:47,12-Jan-2020 12:54:45,40.8110819182557,590.4,72,14.4,06:17:58,3.1417,4.2570460704607,45.0681279887164,33.2602784556727,33.2602784556727,1,0,45
10538923,215,12/01/2020 00:00:00,12-Jan-2020 06:36:54,12-Jan-2020 12:54:53,40.8110819182557,590.4,72,14.4,06:17:59,3.1417,4.2570460704607,45.0681279887164,33.2602784556727,33.2602784556727,2,0,45
10538926,215,12/01/2020 00:00:00,12-Jan-2020 06:43:09,12-Jan-2020 13:01:09,40.8110819182557,590.4,72,14.4,06:17:59,3.1417,4.2570460704607,45.0681279887164,33.2602784556727,33.2602784556727,3,0,45
10538927,215,12/01/2020 00:00:00,12-Jan-2020 07:22:19,12-Jan-2020 13:40:17,40.8110819182557,590.4,72,14.4,06:17:59,3.1417,4.2570460704607,45.0681279887164,33.2602784556727,33.2602784556727,4,0,45
10538924,215,12/01/2020 00:00:00,12-Jan-2020 07:52:45,12-Jan-2020 14:10:45,40.8110819182557,590.4,72,14.4,06:17:59,3.1417,4.2570460704607,45.0681279887164,33.2602784556727,33.2602784556727,5,0,45
10538922,215,12/01/2020 00:00:00,12-Jan-2020 07:58:49,12-Jan-2020 14:16:48,40.8110819182557,590.4,72,14.4,06:17:59,3.1417,4.2570460704607,45.0681279887164,33.2602784556727,33.2602784556727,6,0,45
10538920,215,12/01/2020 00:00:00,12-Jan-2020 08:19:56,12-Jan-2020 14:37:54,40.8110819182557,590.4,72,14.4,06:17:59,3.1417,4.2570460704607,45.0681279887164,33.2602784556727,33.2602784556727,7,0,45
10538925,215,12/01/2020 00:00:00,12-Jan-2020 09:26:12,12-Jan-2020 15:44:11,40.8110819182557,590.4,72,14.4,06:17:59,3.1417,4.2570460704607,45.0681279887164,33.2602784556727,33.2602784556727,8,0,45
10538928,215,13/01/2020 00:00:00,13-Jan-2020 07:13:31,13-Jan-2020 13:31:29,40.8110819182557,590.4,72,14.4,06:17:58,3.1417,4.2570460704607,45.0681279887164,33.2602784556727,33.2602784556727,1,0,45
10538930,215,13/01/2020 00:00:00,13-Jan-2020 07:19:52,13-Jan-2020 13:37:51,40.8110819182557,590.4,72,14.4,06:17:58,3.1417,4.2570460704607,45.0681279887164,33.2602784556727,33.2602784556727,2,0,45
10538931,215,13/01/2020 00:00:00,13-Jan-2020 07:20:11,13-Jan-2020 13:38:10,40.8110819182557,590.4,72,14.4,06:17:59,3.1417,4.2570460704607,45.0681279887164,33.2602784556727,33.2602784556727,3,0,45
10538929,215,13/01/2020 00:00:00,13-Jan-2020 07:45:06,13-Jan-2020 14:03:06,40.8110819182557,590.4,72,14.4,06:17:59,3.1417,4.2570460704607,45.0681279887164,33.2602784556727,33.2602784556727,4,0,45
10538932,215,13/01/2020 00:00:00,13-Jan-2020 08:32:19,13-Jan-2020 14:50:19,40.8110819182557,590.4,72,14.4,06:17:59,3.1417,4.2570460704607,45.0681279887164,33.2602784556727,33.2602784556727,5,0,45
10538933,215,13/01/2020 00:00:00,13-Jan-2020 09:17:37,13-Jan-2020 15:35:36,40.8110819182557,590.4,72,14.4,06:17:59,3.1417,4.2570460704607,45.0681279887164,33.2602784556727,33.2602784556727,6,0,45
10538934,215,14/01/2020 00:00:00,14-Jan-2020 06:45:41,14-Jan-2020 13:03:39,40.8110819182557,590.4,72,14.4,06:17:58,3.1417,4.2570460704607,45.0681279887164,33.2602784556727,33.2602784556727,1,0,45
10538939,215,14/01/2020 00:00:00,14-Jan-2020 06:46:04,14-Jan-2020 13:04:03,40.8110819182557,590.4,72,14.4,06:17:59,3.1417,4.2570460704607,45.0681279887164,33.2602784556727,33.2602784556727,2,0,45
10538938,215,14/01/2020 00:00:00,14-Jan-2020 06:47:17,14-Jan-2020 13:05:16,40.8110819182557,590.4,72,14.4,06:17:59,3.1417,4.2570460704607,45.0681279887164,33.2602784556727,33.2602784556727,3,0,45
10538936,215,14/01/2020 00:00:00,14-Jan-2020 07:09:00,14-Jan-2020 13:26:59,40.8110819182557,590.4,72,14.4,06:17:58,3.1417,4.2570460704607,45.0681279887164,33.2602784556727,33.2602784556727,4,0,45
10538935,215,14/01/2020 00:00:00,14-Jan-2020 09:03:50,14-Jan-2020 15:21:50,40.8110819182557,590.4,72,14.4,06:17:59,3.1417,4.2570460704607,45.0681279887164,33.2602784556727,33.2602784556727,5,0,45
10538937,215,14/01/2020 00:00:00,14-Jan-2020 09:14:37,14-Jan-2020 15:32:37,40.8110819182557,590.4,72,14.4,06:17:59,3.1417,4.2570460704607,45.0681279887164,33.2602784556727,33.2602784556727,6,0,45
10538940,215,14/01/2020 00:00:00,14-Jan-2020 09:14:44,14-Jan-2020 15:32:44,40.8110819182557,590.4,72,14.4,06:17:59,3.1417,4.2570460704607,45.0681279887164,33.2602784556727,33.2602784556727,7,0,45
10538941,215,15/01/2020 00:00:00,15-Jan-2020 07:21:58,15-Jan-2020 13:45:55,39.4448732622231,590.4,72,14.4,06:23:56,3.1917,4.32479674796748,43.7696700101906,32.3020164675206,32.3020164675206,1,0,45
10538943,215,15/01/2020 00:00:00,15-Jan-2020 07:23:56,15-Jan-2020 13:47:53,39.4448732622231,590.4,72,14.4,06:23:57,3.1917,4.32479674796748,43.7696700101906,32.3020164675206,32.3020164675206,2,0,45
10538945,215,15/01/2020 00:00:00,15-Jan-2020 08:21:08,15-Jan-2020 14:45:03,39.4448732622231,590.4,72,14.4,06:23:56,3.1917,4.32479674796748,43.7696700101906,32.3020164675206,32.3020164675206,3,0,45
10538942,215,15/01/2020 00:00:00,15-Jan-2020 08:33:46,15-Jan-2020 14:57:42,39.4448732622231,590.4,72,14.4,06:23:56,3.1917,4.32479674796748,43.7696700101906,32.3020164675206,32.3020164675206,4,0,45
10538944,215,15/01/2020 00:00:00,15-Jan-2020 09:22:35,15-Jan-2020 15:46:30,39.4448732622231,590.4,72,14.4,06:23:56,3.1917,4.32479674796748,43.7696700101906,32.3020164675206,32.3020164675206,5,0,45
10538950,215,16/01/2020 00:00:00,16-Jan-2020 06:49:23,16-Jan-2020 13:13:19,39.4448732622231,590.4,72,14.4,06:23:56,3.1917,4.32479674796748,43.7696700101906,32.3020164675206,32.3020164675206,1,0,45
10538946,215,16/01/2020 00:00:00,16-Jan-2020 07:39:42,16-Jan-2020 14:03:38,39.4448732622231,590.4,72,14.4,06:23:56,3.1917,4.32479674796748,43.7696700101906,32.3020164675206,32.3020164675206,2,0,45
10538947,215,16/01/2020 00:00:00,16-Jan-2020 07:45:31,16-Jan-2020 14:09:27,39.4448732622231,590.4,72,14.4,06:23:56,3.1917,4.32479674796748,43.7696700101906,32.3020164675206,32.3020164675206,3,0,45
10538949,215,16/01/2020 00:00:00,16-Jan-2020 08:19:15,16-Jan-2020 14:43:11,39.4448732622231,590.4,72,14.4,06:23:56,3.1917,4.32479674796748,43.7696700101906,32.3020164675206,32.3020164675206,4,0,45
10538948,215,16/01/2020 00:00:00,16-Jan-2020 09:18:55,16-Jan-2020 15:42:51,39.4448732622231,590.4,72,14.4,06:23:56,3.1917,4.32479674796748,43.7696700101906,32.3020164675206,32.3020164675206,5,0,45
10538953,215,17/01/2020 00:00:00,17-Jan-2020 06:54:32,17-Jan-2020 13:18:29,39.4448732622231,590.4,72,14.4,06:23:56,3.1917,4.32479674796748,43.7696700101906,32.3020164675206,32.3020164675206,1,0,45
10538951,215,17/01/2020 00:00:00,17-Jan-2020 07:13:08,17-Jan-2020 13:37:03,39.4448732622231,590.4,72,14.4,06:23:56,3.1917,4.32479674796748,43.7696700101906,32.3020164675206,32.3020164675206,2,0,45
10538954,215,17/01/2020 00:00:00,17-Jan-2020 07:21:58,17-Jan-2020 13:45:55,39.4448732622231,590.4,72,14.4,06:23:56,3.1917,4.32479674796748,43.7696700101906,32.3020164675206,32.3020164675206,3,0,45
10538955,215,17/01/2020 00:00:00,17-Jan-2020 07:34:06,17-Jan-2020 13:58:03,39.4448732622231,590.4,72,14.4,06:23:56,3.1917,4.32479674796748,43.7696700101906,32.3020164675206,32.3020164675206,4,0,45
10538952,215,17/01/2020 00:00:00,17-Jan-2020 08:05:37,17-Jan-2020 14:29:34,39.4448732622231,590.4,72,14.4,06:23:56,3.1917,4.32479674796748,43.7696700101906,32.3020164675206,32.3020164675206,5,0,45
10538956,215,18/01/2020 00:00:00,18-Jan-2020 07:43:26,18-Jan-2020 14:07:21,39.4448732622231,590.4,72,14.4,06:23:56,3.1917,4.32479674796748,43.7696700101906,32.3020164675206,32.3020164675206,1,0,45
10538959,215,18/01/2020 00:00:00,18-Jan-2020 07:53:47,18-Jan-2020 14:17:44,39.4448732622231,590.4,72,14.4,06:23:57,3.1917,4.32479674796748,43.7696700101906,32.3020164675206,32.3020164675206,2,0,45
10538957,215,18/01/2020 00:00:00,18-Jan-2020 08:17:32,18-Jan-2020 14:41:28,39.4448732622231,590.4,72,14.4,06:23:57,3.1917,4.32479674796748,43.7696700101906,32.3020164675206,32.3020164675206,3,0,45
10538961,215,18/01/2020 00:00:00,18-Jan-2020 08:17:52,18-Jan-2020 14:41:49,39.4448732622231,590.4,72,14.4,06:23:56,3.1917,4.32479674796748,43.7696700101906,32.3020164675206,32.3020164675206,4,0,45
10538958,215,18/01/2020 00:00:00,18-Jan-2020 08:35:32,18-Jan-2020 14:59:28,39.4448732622231,590.4,72,14.4,06:23:56,3.1917,4.32479674796748,43.7696700101906,32.3020164675206,32.3020164675206,5,0,45
10538960,215,18/01/2020 00:00:00,18-Jan-2020 08:49:25,18-Jan-2020 15:13:21,39.4448732622231,590.4,72,14.4,06:23:56,3.1917,4.32479674796748,43.7696700101906,32.3020164675206,32.3020164675206,6,0,45
10538962,215,18/01/2020 00:00:00,18-Jan-2020 09:13:20,18-Jan-2020 15:37:16,39.4448732622231,590.4,72,14.4,06:23:56,3.1917,4.32479674796748,43.7696700101906,32.3020164675206,32.3020164675206,7,0,45
10538963,215,18/01/2020 00:00:00,18-Jan-2020 09:19:40,18-Jan-2020 15:43:38,39.4448732622231,590.4,72,14.4,06:23:57,3.1917,4.32479674796748,43.7696700101906,32.3020164675206,32.3020164675206,8,0,45
10538967,215,19/01/2020 00:00:00,19-Jan-2020 06:37:17,19-Jan-2020 13:01:12,39.4448732622231,590.4,72,14.4,06:23:56,3.1917,4.32479674796748,43.7696700101906,32.3020164675206,32.3020164675206,1,0,45
10538965,215,19/01/2020 00:00:00,19-Jan-2020 07:28:59,19-Jan-2020 13:52:54,39.4448732622231,590.4,72,14.4,06:23:56,3.1917,4.32479674796748,43.7696700101906,32.3020164675206,32.3020164675206,2,0,45
10538970,215,19/01/2020 00:00:00,19-Jan-2020 07:52:24,19-Jan-2020 14:16:21,39.4448732622231,590.4,72,14.4,06:23:56,3.1917,4.32479674796748,43.7696700101906,32.3020164675206,32.3020164675206,3,0,45
10538969,215,19/01/2020 00:00:00,19-Jan-2020 07:57:54,19-Jan-2020 14:21:49,39.4448732622231,590.4,72,14.4,06:23:56,3.1917,4.32479674796748,43.7696700101906,32.3020164675206,32.3020164675206,4,0,45
10538966,215,19/01/2020 00:00:00,19-Jan-2020 09:05:01,19-Jan-2020 15:28:57,39.4448732622231,590.4,72,14.4,06:23:57,3.1917,4.32479674796748,43.7696700101906,32.3020164675206,32.3020164675206,5,0,45
10538964,215,19/01/2020 00:00:00,19-Jan-2020 09:07:55,19-Jan-2020 15:31:52,39.4448732622231,590.4,72,14.4,06:23:56,3.1917,4.32479674796748,43.7696700101906,32.3020164675206,32.3020164675206,6,0,45
10538968,215,19/01/2020 00:00:00,19-Jan-2020 09:12:19,19-Jan-2020 15:36:14,39.4448732622231,590.4,72,14.4,06:23:56,3.1917,4.32479674796748,43.7696700101906,32.3020164675206,32.3020164675206,7,0,45
10538972,215,20/01/2020 00:00:00,20-Jan-2020 06:41:38,20-Jan-2020 13:05:35,39.4448732622231,590.4,72,14.4,06:23:57,3.1917,4.32479674796748,43.7696700101906,32.3020164675206,32.3020164675206,1,0,45
10538971,215,20/01/2020 00:00:00,20-Jan-2020 06:52:55,20-Jan-2020 13:16:52,39.4448732622231,590.4,72,14.4,06:23:56,3.1917,4.32479674796748,43.7696700101906,32.3020164675206,32.3020164675206,2,0,45
10538973,215,20/01/2020 00:00:00,20-Jan-2020 08:10:11,20-Jan-2020 14:34:09,39.4448732622231,590.4,72,14.4,06:23:57,3.1917,4.32479674796748,43.7696700101906,32.3020164675206,32.3020164675206,3,0,45
10538974,215,20/01/2020 00:00:00,20-Jan-2020 08:17:17,20-Jan-2020 14:41:13,39.4448732622231,590.4,72,14.4,06:23:56,3.1917,4.32479674796748,43.7696700101906,32.3020164675206,32.3020164675206,4,0,45
10538976,215,20/01/2020 00:00:00,20-Jan-2020 08:24:07,20-Jan-2020 14:48:04,39.4448732622231,590.4,72,14.4,06:23:57,3.1917,4.32479674796748,43.7696700101906,32.3020164675206,32.3020164675206,5,0,45
10538975,215,20/01/2020 00:00:00,20-Jan-2020 08:48:17,20-Jan-2020 15:12:14,39.4448732622231,590.4,72,14.4,06:23:56,3.1917,4.32479674796748,43.7696700101906,32.3020164675206,32.3020164675206,6,0,45
10538982,215,21/01/2020 00:00:00,21-Jan-2020 06:35:07,21-Jan-2020 12:59:03,39.4448732622231,590.4,72,14.4,06:23:56,3.1917,4.32479674796748,43.7696700101906,32.3020164675206,32.3020164675206,1,0,45
10538977,215,21/01/2020 00:00:00,21-Jan-2020 07:29:58,21-Jan-2020 13:53:55,39.4448732622231,590.4,72,14.4,06:23:57,3.1917,4.32479674796748,43.7696700101906,32.3020164675206,32.3020164675206,2,0,45
10538981,215,21/01/2020 00:00:00,21-Jan-2020 07:52:02,21-Jan-2020 14:15:59,39.4448732622231,590.4,72,14.4,06:23:56,3.1917,4.32479674796748,43.7696700101906,32.3020164675206,32.3020164675206,3,0,45
10538979,215,21/01/2020 00:00:00,21-Jan-2020 08:16:45,21-Jan-2020 14:40:43,39.4448732622231,590.4,72,14.4,06:23:57,3.1917,4.32479674796748,43.7696700101906,32.3020164675206,32.3020164675206,4,0,45
10538980,215,21/01/2020 00:00:00,21-Jan-2020 09:08:32,21-Jan-2020 15:32:28,39.4448732622231,590.4,72,14.4,06:23:56,3.1917,4.32479674796748,43.7696700101906,32.3020164675206,32.3020164675206,5,0,45
10538978,215,21/01/2020 00:00:00,21-Jan-2020 09:10:42,21-Jan-2020 15:34:37,39.4448732622231,590.4,72,14.4,06:23:56,3.1917,4.32479674796748,43.7696700101906,32.3020164675206,32.3020164675206,6,0,45
10538985,215,22/01/2020 00:00:00,22-Jan-2020 06:55:42,22-Jan-2020 13:09:21,41.8432828035402,590.4,72,14.4,06:13:39,3.1083,4.21178861788618,46.0550714214264,33.9886427090127,33.9886427090127,1,0,45
10538984,215,22/01/2020 00:00:00,22-Jan-2020 07:47:37,22-Jan-2020 14:01:16,41.8432828035402,590.4,72,14.4,06:13:39,3.1083,4.21178861788618,46.0550714214264,33.9886427090127,33.9886427090127,2,0,45
10538987,215,22/01/2020 00:00:00,22-Jan-2020 09:05:40,22-Jan-2020 15:19:20,41.8432828035402,590.4,72,14.4,06:13:40,3.1083,4.21178861788618,46.0550714214264,33.9886427090127,33.9886427090127,3,0,45
10538983,215,22/01/2020 00:00:00,22-Jan-2020 09:19:20,22-Jan-2020 15:33:00,41.8432828035402,590.4,72,14.4,06:13:40,3.1083,4.21178861788618,46.0550714214264,33.9886427090127,33.9886427090127,4,0,45
10538986,215,22/01/2020 00:00:00,22-Jan-2020 09:25:06,22-Jan-2020 15:38:46,41.8432828035402,590.4,72,14.4,06:13:39,3.1083,4.21178861788618,46.0550714214264,33.9886427090127,33.9886427090127,5,0,45
10538992,215,23/01/2020 00:00:00,23-Jan-2020 07:12:01,23-Jan-2020 13:25:41,41.8432828035402,590.4,72,14.4,06:13:40,3.1083,4.21178861788618,46.0550714214264,33.9886427090127,33.9886427090127,1,0,45
10538989,215,23/01/2020 00:00:00,23-Jan-2020 07:51:49,23-Jan-2020 14:05:29,41.8432828035402,590.4,72,14.4,06:13:40,3.1083,4.21178861788618,46.0550714214264,33.9886427090127,33.9886427090127,2,0,45
10538990,215,23/01/2020 00:00:00,23-Jan-2020 08:17:54,23-Jan-2020 14:31:33,41.8432828035402,590.4,72,14.4,06:13:39,3.1083,4.21178861788618,46.0550714214264,33.9886427090127,33.9886427090127,3,0,45
10538991,215,23/01/2020 00:00:00,23-Jan-2020 08:59:00,23-Jan-2020 15:12:40,41.8432828035402,590.4,72,14.4,06:13:40,3.1083,4.21178861788618,46.0550714214264,33.9886427090127,33.9886427090127,4,0,45
10538988,215,23/01/2020 00:00:00,23-Jan-2020 09:00:03,23-Jan-2020 15:13:42,41.8432828035402,590.4,72,14.4,06:13:39,3.1083,4.21178861788618,46.0550714214264,33.9886427090127,33.9886427090127,5,0,45
10538994,215,24/01/2020 00:00:00,24-Jan-2020 06:51:41,24-Jan-2020 13:05:21,41.8432828035402,590.4,72,14.4,06:13:40,3.1083,4.21178861788618,46.0550714214264,33.9886427090127,33.9886427090127,1,0,45
10538997,215,24/01/2020 00:00:00,24-Jan-2020 07:02:40,24-Jan-2020 13:16:20,41.8432828035402,590.4,72,14.4,06:13:40,3.1083,4.21178861788618,46.0550714214264,33.9886427090127,33.9886427090127,2,0,45
10538995,215,24/01/2020 00:00:00,24-Jan-2020 07:34:06,24-Jan-2020 13:47:47,41.8432828035402,590.4,72,14.4,06:13:40,3.1083,4.21178861788618,46.0550714214264,33.9886427090127,33.9886427090127,3,0,45
10538993,215,24/01/2020 00:00:00,24-Jan-2020 07:59:10,24-Jan-2020 14:12:50,41.8432828035402,590.4,72,14.4,06:13:40,3.1083,4.21178861788618,46.0550714214264,33.9886427090127,33.9886427090127,4,0,45
10538996,215,24/01/2020 00:00:00,24-Jan-2020 09:26:41,24-Jan-2020 15:40:21,41.8432828035402,590.4,72,14.4,06:13:40,3.1083,4.21178861788618,46.0550714214264,33.9886427090127,33.9886427090127,5,0,45
10539005,215,25/01/2020 00:00:00,25-Jan-2020 06:48:58,25-Jan-2020 13:02:38,41.8432828035402,590.4,72,14.4,06:13:40,3.1083,4.21178861788618,46.0550714214264,33.9886427090127,33.9886427090127,1,0,45
10539000,215,25/01/2020 00:00:00,25-Jan-2020 07:21:21,25-Jan-2020 13:35:01,41.8432828035402,590.4,72,14.4,06:13:40,3.1083,4.21178861788618,46.0550714214264,33.9886427090127,33.9886427090127,2,0,45
10539004,215,25/01/2020 00:00:00,25-Jan-2020 07:39:58,25-Jan-2020 13:53:37,41.8432828035402,590.4,72,14.4,06:13:39,3.1083,4.21178861788618,46.0550714214264,33.9886427090127,33.9886427090127,3,0,45
10539001,215,25/01/2020 00:00:00,25-Jan-2020 08:25:15,25-Jan-2020 14:38:53,41.8432828035402,590.4,72,14.4,06:13:39,3.1083,4.21178861788618,46.0550714214264,33.9886427090127,33.9886427090127,4,0,45
10539003,215,25/01/2020 00:00:00,25-Jan-2020 08:36:13,25-Jan-2020 14:49:52,41.8432828035402,590.4,72,14.4,06:13:39,3.1083,4.21178861788618,46.0550714214264,33.9886427090127,33.9886427090127,5,0,45
10538998,215,25/01/2020 00:00:00,25-Jan-2020 09:02:39,25-Jan-2020 15:16:18,41.8432828035402,590.4,72,14.4,06:13:39,3.1083,4.21178861788618,46.0550714214264,33.9886427090127,33.9886427090127,6,0,45
10538999,215,25/01/2020 00:00:00,25-Jan-2020 09:12:29,25-Jan-2020 15:26:09,41.8432828035402,590.4,72,14.4,06:13:40,3.1083,4.21178861788618,46.0550714214264,33.9886427090127,33.9886427090127,7,0,45
10539002,215,25/01/2020 00:00:00,25-Jan-2020 09:14:39,25-Jan-2020 15:28:19,41.8432828035402,590.4,72,14.4,06:13:40,3.1083,4.21178861788618,46.0550714214264,33.9886427090127,33.9886427090127,8,0,45
10539008,215,26/01/2020 00:00:00,26-Jan-2020 06:43:59,26-Jan-2020 12:57:38,41.8432828035402,590.4,72,14.4,06:13:40,3.1083,4.21178861788618,46.0550714214264,33.9886427090127,33.9886427090127,1,0,45
10539012,215,26/01/2020 00:00:00,26-Jan-2020 07:11:26,26-Jan-2020 13:25:05,41.8432828035402,590.4,72,14.4,06:13:40,3.1083,4.21178861788618,46.0550714214264,33.9886427090127,33.9886427090127,2,0,45
10539007,215,26/01/2020 00:00:00,26-Jan-2020 07:19:37,26-Jan-2020 13:33:17,41.8432828035402,590.4,72,14.4,06:13:39,3.1083,4.21178861788618,46.0550714214264,33.9886427090127,33.9886427090127,3,0,45
10539006,215,26/01/2020 00:00:00,26-Jan-2020 07:23:33,26-Jan-2020 13:37:12,41.8432828035402,590.4,72,14.4,06:13:40,3.1083,4.21178861788618,46.0550714214264,33.9886427090127,33.9886427090127,4,0,45
10539011,215,26/01/2020 00:00:00,26-Jan-2020 08:03:45,26-Jan-2020 14:17:25,41.8432828035402,590.4,72,14.4,06:13:39,3.1083,4.21178861788618,46.0550714214264,33.9886427090127,33.9886427090127,5,0,45
10539010,215,26/01/2020 00:00:00,26-Jan-2020 08:21:14,26-Jan-2020 14:34:54,41.8432828035402,590.4,72,14.4,06:13:40,3.1083,4.21178861788618,46.0550714214264,33.9886427090127,33.9886427090127,6,0,45
10539009,215,26/01/2020 00:00:00,26-Jan-2020 08:28:04,26-Jan-2020 14:41:43,41.8432828035402,590.4,72,14.4,06:13:40,3.1083,4.21178861788618,46.0550714214264,33.9886427090127,33.9886427090127,7,0,45
10539017,215,27/01/2020 00:00:00,27-Jan-2020 06:39:04,27-Jan-2020 12:52:43,41.8432828035402,590.4,72,14.4,06:13:39,3.1083,4.21178861788618,46.0550714214264,33.9886427090127,33.9886427090127,1,0,45
10539013,215,27/01/2020 00:00:00,27-Jan-2020 07:16:52,27-Jan-2020 13:30:30,41.8432828035402,590.4,72,14.4,06:13:39,3.1083,4.21178861788618,46.0550714214264,33.9886427090127,33.9886427090127,2,0,45
10539014,215,27/01/2020 00:00:00,27-Jan-2020 07:27:48,27-Jan-2020 13:41:29,41.8432828035402,590.4,72,14.4,06:13:40,3.1083,4.21178861788618,46.0550714214264,33.9886427090127,33.9886427090127,3,0,45
10539018,215,27/01/2020 00:00:00,27-Jan-2020 07:37:24,27-Jan-2020 13:51:02,41.8432828035402,590.4,72,14.4,06:13:39,3.1083,4.21178861788618,46.0550714214264,33.9886427090127,33.9886427090127,4,0,45
10539016,215,27/01/2020 00:00:00,27-Jan-2020 08:38:50,27-Jan-2020 14:52:28,41.8432828035402,590.4,72,14.4,06:13:39,3.1083,4.21178861788618,46.0550714214264,33.9886427090127,33.9886427090127,5,0,45
10539015,215,27/01/2020 00:00:00,27-Jan-2020 09:28:49,27-Jan-2020 15:42:30,41.8432828035402,590.4,72,14.4,06:13:40,3.1083,4.21178861788618,46.0550714214264,33.9886427090127,33.9886427090127,6,0,45
10539019,215,28/01/2020 00:00:00,28-Jan-2020 06:52:40,28-Jan-2020 13:06:20,41.8432828035402,590.4,72,14.4,06:13:40,3.1083,4.21178861788618,46.0550714214264,33.9886427090127,33.9886427090127,1,0,45
10539024,215,28/01/2020 00:00:00,28-Jan-2020 06:52:49,28-Jan-2020 13:06:30,41.8432828035402,590.4,72,14.4,06:13:40,3.1083,4.21178861788618,46.0550714214264,33.9886427090127,33.9886427090127,2,0,45
10539021,215,28/01/2020 00:00:00,28-Jan-2020 07:10:31,28-Jan-2020 13:24:11,41.8432828035402,590.4,72,14.4,06:13:40,3.1083,4.21178861788618,46.0550714214264,33.9886427090127,33.9886427090127,3,0,45
10539023,215,28/01/2020 00:00:00,28-Jan-2020 07:16:50,28-Jan-2020 13:30:30,41.8432828035402,590.4,72,14.4,06:13:40,3.1083,4.21178861788618,46.0550714214264,33.9886427090127,33.9886427090127,4,0,45
10539022,215,28/01/2020 00:00:00,28-Jan-2020 07:55:35,28-Jan-2020 14:09:15,41.8432828035402,590.4,72,14.4,06:13:40,3.1083,4.21178861788618,46.0550714214264,33.9886427090127,33.9886427090127,5,0,45
10539020,215,28/01/2020 00:00:00,28-Jan-2020 08:06:09,28-Jan-2020 14:19:48,41.8432828035402,590.4,72,14.4,06:13:39,3.1083,4.21178861788618,46.0550714214264,33.9886427090127,33.9886427090127,6,0,45
10539027,215,29/01/2020 00:00:00,29-Jan-2020 06:50:55,29-Jan-2020 13:16:50,42.0132305970981,590.4,72,14.4,06:25:55,3.2083,4.34728997289973,46.3605205699978,34.2140641806584,34.2140641806584,1,0,45
10539029,215,29/01/2020 00:00:00,29-Jan-2020 07:32:17,29-Jan-2020 13:58:12,42.0132305970981,590.4,72,14.4,06:25:55,3.2083,4.34728997289973,46.3605205699978,34.2140641806584,34.2140641806584,2,0,45
10539028,215,29/01/2020 00:00:00,29-Jan-2020 07:36:48,29-Jan-2020 14:02:43,42.0132305970981,590.4,72,14.4,06:25:55,3.2083,4.34728997289973,46.3605205699978,34.2140641806584,34.2140641806584,3,0,45
10539030,215,29/01/2020 00:00:00,29-Jan-2020 08:37:26,29-Jan-2020 15:03:21,42.0132305970981,590.4,72,14.4,06:25:55,3.2083,4.34728997289973,46.3605205699978,34.2140641806584,34.2140641806584,4,0,45
10539025,215,29/01/2020 00:00:00,29-Jan-2020 09:15:58,29-Jan-2020 15:41:54,42.0132305970981,590.4,72,14.4,06:25:55,3.2083,4.34728997289973,46.3605205699978,34.2140641806584,34.2140641806584,5,0,45
10539026,215,29/01/2020 00:00:00,29-Jan-2020 09:17:49,29-Jan-2020 15:43:44,42.0132305970981,590.4,72,14.4,06:25:55,3.2083,4.34728997289973,46.3605205699978,34.2140641806584,34.2140641806584,6,0,45
10539031,215,30/01/2020 00:00:00,30-Jan-2020 07:20:32,30-Jan-2020 13:46:27,42.0132305970981,590.4,72,14.4,06:25:55,3.2083,4.34728997289973,46.3605205699978,34.2140641806584,34.2140641806584,1,0,45
10539032,215,30/01/2020 00:00:00,30-Jan-2020 07:35:49,30-Jan-2020 14:01:45,42.0132305970981,590.4,72,14.4,06:25:55,3.2083,4.34728997289973,46.3605205699978,34.2140641806584,34.2140641806584,2,0,45
10539035,215,30/01/2020 00:00:00,30-Jan-2020 08:09:33,30-Jan-2020 14:35:28,42.0132305970981,590.4,72,14.4,06:25:55,3.2083,4.34728997289973,46.3605205699978,34.2140641806584,34.2140641806584,3,0,45
10539033,215,30/01/2020 00:00:00,30-Jan-2020 08:28:06,30-Jan-2020 14:54:01,42.0132305970981,590.4,72,14.4,06:25:55,3.2083,4.34728997289973,46.3605205699978,34.2140641806584,34.2140641806584,4,0,45
10539034,215,30/01/2020 00:00:00,30-Jan-2020 08:49:07,30-Jan-2020 15:15:02,42.0132305970981,590.4,72,14.4,06:25:55,3.2083,4.34728997289973,46.3605205699978,34.2140641806584,34.2140641806584,5,0,45
10539036,215,31/01/2020 00:00:00,31-Jan-2020 06:51:23,31-Jan-2020 13:17:17,42.0132305970981,590.4,72,14.4,06:25:55,3.2083,4.34728997289973,46.3605205699978,34.2140641806584,34.2140641806584,1,0,45
10539038,215,31/01/2020 00:00:00,31-Jan-2020 08:18:10,31-Jan-2020 14:44:04,42.0132305970981,590.4,72,14.4,06:25:55,3.2083,4.34728997289973,46.3605205699978,34.2140641806584,34.2140641806584,2,0,45
10539039,215,31/01/2020 00:00:00,31-Jan-2020 08:18:25,31-Jan-2020 14:44:19,42.0132305970981,590.4,72,14.4,06:25:55,3.2083,4.34728997289973,46.3605205699978,34.2140641806584,34.2140641806584,3,0,45
10539037,215,31/01/2020 00:00:00,31-Jan-2020 08:22:37,31-Jan-2020 14:48:31,42.0132305970981,590.4,72,14.4,06:25:54,3.2083,4.34728997289973,46.3605205699978,34.2140641806584,34.2140641806584,4,0,45
10539041,215,31/01/2020 00:00:00,31-Jan-2020 08:29:35,31-Jan-2020 14:55:30,42.0132305970981,590.4,72,14.4,06:25:55,3.2083,4.34728997289973,46.3605205699978,34.2140641806584,34.2140641806584,5,0,45
10539040,215,31/01/2020 00:00:00,31-Jan-2020 09:10:50,31-Jan-2020 15:36:44,42.0132305970981,590.4,72,14.4,06:25:55,3.2083,4.34728997289973,46.3605205699978,34.2140641806584,34.2140641806584,6,0,45
10539044,215,01/02/2020 00:00:00,01-Feb-2020 07:21:17,01-Feb-2020 13:47:11,42.0132305970981,590.4,72,14.4,06:25:55,3.2083,4.34728997289973,46.3605205699978,34.2140641806584,34.2140641806584,1,0,45
10539048,215,01/02/2020 00:00:00,01-Feb-2020 07:51:24,01-Feb-2020 14:17:20,42.0132305970981,590.4,72,14.4,06:25:55,3.2083,4.34728997289973,46.3605205699978,34.2140641806584,34.2140641806584,2,0,45
10539046,215,01/02/2020 00:00:00,01-Feb-2020 08:17:27,01-Feb-2020 14:43:22,42.0132305970981,590.4,72,14.4,06:25:55,3.2083,4.34728997289973,46.3605205699978,34.2140641806584,34.2140641806584,3,0,45
10539049,215,01/02/2020 00:00:00,01-Feb-2020 08:35:39,01-Feb-2020 15:01:35,42.0132305970981,590.4,72,14.4,06:25:55,3.2083,4.34728997289973,46.3605205699978,34.2140641806584,34.2140641806584,4,0,45
10539042,215,01/02/2020 00:00:00,01-Feb-2020 08:42:05,01-Feb-2020 15:08:00,42.0132305970981,590.4,72,14.4,06:25:55,3.2083,4.34728997289973,46.3605205699978,34.2140641806584,34.2140641806584,5,0,45
10539045,215,01/02/2020 00:00:00,01-Feb-2020 08:53:30,01-Feb-2020 15:19:25,42.0132305970981,590.4,72,14.4,06:25:55,3.2083,4.34728997289973,46.3605205699978,34.2140641806584,34.2140641806584,6,0,45
10539047,215,01/02/2020 00:00:00,01-Feb-2020 08:57:42,01-Feb-2020 15:23:37,42.0132305970981,590.4,72,14.4,06:25:55,3.2083,4.34728997289973,46.3605205699978,34.2140641806584,34.2140641806584,7,0,45
10539043,215,01/02/2020 00:00:00,01-Feb-2020 09:24:34,01-Feb-2020 15:50:27,42.0132305970981,590.4,72,14.4,06:25:54,3.2083,4.34728997289973,46.3605205699978,34.2140641806584,34.2140641806584,8,0,45
10539054,215,02/02/2020 00:00:00,02-Feb-2020 06:31:52,02-Feb-2020 12:57:47,42.0132305970981,590.4,72,14.4,06:25:55,3.2083,4.34728997289973,46.3605205699978,34.2140641806584,34.2140641806584,1,0,45
10539057,215,02/02/2020 00:00:00,02-Feb-2020 06:54:52,02-Feb-2020 13:20:47,42.0132305970981,590.4,72,14.4,06:25:55,3.2083,4.34728997289973,46.3605205699978,34.2140641806584,34.2140641806584,2,0,45
10539053,215,02/02/2020 00:00:00,02-Feb-2020 07:04:55,02-Feb-2020 13:30:51,42.0132305970981,590.4,72,14.4,06:25:55,3.2083,4.34728997289973,46.3605205699978,34.2140641806584,34.2140641806584,3,0,45
10539052,215,02/02/2020 00:00:00,02-Feb-2020 07:40:44,02-Feb-2020 14:06:39,42.0132305970981,590.4,72,14.4,06:25:55,3.2083,4.34728997289973,46.3605205699978,34.2140641806584,34.2140641806584,4,0,45
10539050,215,02/02/2020 00:00:00,02-Feb-2020 08:00:36,02-Feb-2020 14:26:30,42.0132305970981,590.4,72,14.4,06:25:55,3.2083,4.34728997289973,46.3605205699978,34.2140641806584,34.2140641806584,5,0,45
10539056,215,02/02/2020 00:00:00,02-Feb-2020 08:33:18,02-Feb-2020 14:59:14,42.0132305970981,590.4,72,14.4,06:25:55,3.2083,4.34728997289973,46.3605205699978,34.2140641806584,34.2140641806584,6,0,45
10539055,215,02/02/2020 00:00:00,02-Feb-2020 08:59:45,02-Feb-2020 15:25:40,42.0132305970981,590.4,72,14.4,06:25:55,3.2083,4.34728997289973,46.3605205699978,34.2140641806584,34.2140641806584,7,0,45
10539051,215,02/02/2020 00:00:00,02-Feb-2020 09:27:54,02-Feb-2020 15:53:48,42.0132305970981,590.4,72,14.4,06:25:55,3.2083,4.34728997289973,46.3605205699978,34.2140641806584,34.2140641806584,8,0,45
10539062,215,03/02/2020 00:00:00,03-Feb-2020 06:40:59,03-Feb-2020 13:06:53,42.0132305970981,590.4,72,14.4,06:25:55,3.2083,4.34728997289973,46.3605205699978,34.2140641806584,34.2140641806584,1,0,45
10539058,215,03/02/2020 00:00:00,03-Feb-2020 06:42:29,03-Feb-2020 13:08:22,42.0132305970981,590.4,72,14.4,06:25:54,3.2083,4.34728997289973,46.3605205699978,34.2140641806584,34.2140641806584,2,0,45
10539060,215,03/02/2020 00:00:00,03-Feb-2020 06:44:54,03-Feb-2020 13:10:50,42.0132305970981,590.4,72,14.4,06:25:55,3.2083,4.34728997289973,46.3605205699978,34.2140641806584,34.2140641806584,3,0,45
10539061,215,03/02/2020 00:00:00,03-Feb-2020 07:49:36,03-Feb-2020 14:15:30,42.0132305970981,590.4,72,14.4,06:25:55,3.2083,4.34728997289973,46.3605205699978,34.2140641806584,34.2140641806584,4,0,45
10539059,215,03/02/2020 00:00:00,03-Feb-2020 07:56:14,03-Feb-2020 14:22:10,42.0132305970981,590.4,72,14.4,06:25:55,3.2083,4.34728997289973,46.3605205699978,34.2140641806584,34.2140641806584,5,0,45
10539063,215,03/02/2020 00:00:00,03-Feb-2020 08:56:14,03-Feb-2020 15:22:08,42.0132305970981,590.4,72,14.4,06:25:55,3.2083,4.34728997289973,46.3605205699978,34.2140641806584,34.2140641806584,6,0,45
10539066,215,04/02/2020 00:00:00,04-Feb-2020 06:49:27,04-Feb-2020 13:15:22,42.0132305970981,590.4,72,14.4,06:25:55,3.2083,4.34728997289973,46.3605205699978,34.2140641806584,34.2140641806584,1,0,45
10539065,215,04/02/2020 00:00:00,04-Feb-2020 06:56:08,04-Feb-2020 13:22:02,42.0132305970981,590.4,72,14.4,06:25:54,3.2083,4.34728997289973,46.3605205699978,34.2140641806584,34.2140641806584,2,0,45
10539067,215,04/02/2020 00:00:00,04-Feb-2020 07:01:01,04-Feb-2020 13:26:55,42.0132305970981,590.4,72,14.4,06:25:55,3.2083,4.34728997289973,46.3605205699978,34.2140641806584,34.2140641806584,3,0,45
10539070,215,04/02/2020 00:00:00,04-Feb-2020 08:11:26,04-Feb-2020 14:37:22,42.0132305970981,590.4,72,14.4,06:25:55,3.2083,4.34728997289973,46.3605205699978,34.2140641806584,34.2140641806584,4,0,45
10539064,215,04/02/2020 00:00:00,04-Feb-2020 08:16:06,04-Feb-2020 14:42:01,42.0132305970981,590.4,72,14.4,06:25:55,3.2083,4.34728997289973,46.3605205699978,34.2140641806584,34.2140641806584,5,0,45
10539068,215,04/02/2020 00:00:00,04-Feb-2020 08:34:18,04-Feb-2020 15:00:13,42.0132305970981,590.4,72,14.4,06:25:55,3.2083,4.34728997289973,46.3605205699978,34.2140641806584,34.2140641806584,6,0,45
10539069,215,04/02/2020 00:00:00,04-Feb-2020 09:12:12,04-Feb-2020 15:38:05,42.0132305970981,590.4,72,14.4,06:25:54,3.2083,4.34728997289973,46.3605205699978,34.2140641806584,34.2140641806584,7,0,45
10539075,215,05/02/2020 00:00:00,05-Feb-2020 06:48:11,05-Feb-2020 13:17:21,40.9833732907558,590.4,72,14.4,06:29:10,3.2417,4.39254742547425,45.3759207162301,33.4874294885778,33.4874294885778,1,0,45
10539074,215,05/02/2020 00:00:00,05-Feb-2020 07:27:20,05-Feb-2020 13:56:29,40.9833732907558,590.4,72,14.4,06:29:10,3.2417,4.39254742547425,45.3759207162301,33.4874294885778,33.4874294885778,2,0,45
10539073,215,05/02/2020 00:00:00,05-Feb-2020 07:31:20,05-Feb-2020 14:00:29,40.9833732907558,590.4,72,14.4,06:29:09,3.2417,4.39254742547425,45.3759207162301,33.4874294885778,33.4874294885778,3,0,45
10539076,215,05/02/2020 00:00:00,05-Feb-2020 07:49:07,05-Feb-2020 14:18:17,40.9833732907558,590.4,72,14.4,06:29:10,3.2417,4.39254742547425,45.3759207162301,33.4874294885778,33.4874294885778,4,0,45
10539072,215,05/02/2020 00:00:00,05-Feb-2020 08:09:15,05-Feb-2020 14:38:25,40.9833732907558,590.4,72,14.4,06:29:10,3.2417,4.39254742547425,45.3759207162301,33.4874294885778,33.4874294885778,5,0,45
10539071,215,05/02/2020 00:00:00,05-Feb-2020 08:41:13,05-Feb-2020 15:10:24,40.9833732907558,590.4,72,14.4,06:29:10,3.2417,4.39254742547425,45.3759207162301,33.4874294885778,33.4874294885778,6,0,45
10539080,215,06/02/2020 00:00:00,06-Feb-2020 06:46:25,06-Feb-2020 13:15:35,40.9833732907558,590.4,72,14.4,06:29:10,3.2417,4.39254742547425,45.3759207162301,33.4874294885778,33.4874294885778,1,0,45
10539077,215,06/02/2020 00:00:00,06-Feb-2020 06:57:01,06-Feb-2020 13:26:11,40.9833732907558,590.4,72,14.4,06:29:10,3.2417,4.39254742547425,45.3759207162301,33.4874294885778,33.4874294885778,2,0,45
10539078,215,06/02/2020 00:00:00,06-Feb-2020 07:54:10,06-Feb-2020 14:23:20,40.9833732907558,590.4,72,14.4,06:29:10,3.2417,4.39254742547425,45.3759207162301,33.4874294885778,33.4874294885778,3,0,45
10539081,215,06/02/2020 00:00:00,06-Feb-2020 09:16:22,06-Feb-2020 15:45:31,40.9833732907558,590.4,72,14.4,06:29:10,3.2417,4.39254742547425,45.3759207162301,33.4874294885778,33.4874294885778,4,0,45
10539079,215,06/02/2020 00:00:00,06-Feb-2020 09:22:39,06-Feb-2020 15:51:49,40.9833732907558,590.4,72,14.4,06:29:10,3.2417,4.39254742547425,45.3759207162301,33.4874294885778,33.4874294885778,5,0,45
10539083,215,07/02/2020 00:00:00,07-Feb-2020 06:34:55,07-Feb-2020 13:04:04,40.9833732907558,590.4,72,14.4,06:29:10,3.2417,4.39254742547425,45.3759207162301,33.4874294885778,33.4874294885778,1,0,45
10539084,215,07/02/2020 00:00:00,07-Feb-2020 07:05:18,07-Feb-2020 13:34:28,40.9833732907558,590.4,72,14.4,06:29:10,3.2417,4.39254742547425,45.3759207162301,33.4874294885778,33.4874294885778,2,0,45
10539085,215,07/02/2020 00:00:00,07-Feb-2020 07:46:05,07-Feb-2020 14:15:15,40.9833732907558,590.4,72,14.4,06:29:10,3.2417,4.39254742547425,45.3759207162301,33.4874294885778,33.4874294885778,3,0,45
10539086,215,07/02/2020 00:00:00,07-Feb-2020 07:51:19,07-Feb-2020 14:20:28,40.9833732907558,590.4,72,14.4,06:29:10,3.2417,4.39254742547425,45.3759207162301,33.4874294885778,33.4874294885778,4,0,45
10539082,215,07/02/2020 00:00:00,07-Feb-2020 07:52:27,07-Feb-2020 14:21:37,40.9833732907558,590.4,72,14.4,06:29:10,3.2417,4.39254742547425,45.3759207162301,33.4874294885778,33.4874294885778,5,0,45
10539087,215,07/02/2020 00:00:00,07-Feb-2020 08:31:42,07-Feb-2020 15:00:52,40.9833732907558,590.4,72,14.4,06:29:10,3.2417,4.39254742547425,45.3759207162301,33.4874294885778,33.4874294885778,6,0,45
10539094,215,08/02/2020 00:00:00,08-Feb-2020 06:47:30,08-Feb-2020 13:16:39,40.9833732907558,590.4,72,14.4,06:29:09,3.2417,4.39254742547425,45.3759207162301,33.4874294885778,33.4874294885778,1,0,45
10539089,215,08/02/2020 00:00:00,08-Feb-2020 07:04:16,08-Feb-2020 13:33:26,40.9833732907558,590.4,72,14.4,06:29:10,3.2417,4.39254742547425,45.3759207162301,33.4874294885778,33.4874294885778,2,0,45
10539096,215,08/02/2020 00:00:00,08-Feb-2020 07:11:43,08-Feb-2020 13:40:53,40.9833732907558,590.4,72,14.4,06:29:10,3.2417,4.39254742547425,45.3759207162301,33.4874294885778,33.4874294885778,3,0,45
10539093,215,08/02/2020 00:00:00,08-Feb-2020 07:19:18,08-Feb-2020 13:48:27,40.9833732907558,590.4,72,14.4,06:29:10,3.2417,4.39254742547425,45.3759207162301,33.4874294885778,33.4874294885778,4,0,45
10539090,215,08/02/2020 00:00:00,08-Feb-2020 07:31:47,08-Feb-2020 14:00:55,40.9833732907558,590.4,72,14.4,06:29:09,3.2417,4.39254742547425,45.3759207162301,33.4874294885778,33.4874294885778,5,0,45
10539092,215,08/02/2020 00:00:00,08-Feb-2020 07:35:52,08-Feb-2020 14:05:02,40.9833732907558,590.4,72,14.4,06:29:10,3.2417,4.39254742547425,45.3759207162301,33.4874294885778,33.4874294885778,6,0,45
10539095,215,08/02/2020 00:00:00,08-Feb-2020 07:47:10,08-Feb-2020 14:16:20,40.9833732907558,590.4,72,14.4,06:29:10,3.2417,4.39254742547425,45.3759207162301,33.4874294885778,33.4874294885778,7,0,45
10539091,215,08/02/2020 00:00:00,08-Feb-2020 07:57:20,08-Feb-2020 14:26:30,40.9833732907558,590.4,72,14.4,06:29:10,3.2417,4.39254742547425,45.3759207162301,33.4874294885778,33.4874294885778,8,0,45
10539088,215,08/02/2020 00:00:00,08-Feb-2020 08:06:20,08-Feb-2020 14:35:29,40.9833732907558,590.4,72,14.4,06:29:09,3.2417,4.39254742547425,45.3759207162301,33.4874294885778,33.4874294885778,9,0,45
10539103,215,09/02/2020 00:00:00,09-Feb-2020 06:52:43,09-Feb-2020 13:21:52,40.9833732907558,590.4,72,14.4,06:29:10,3.2417,4.39254742547425,45.3759207162301,33.4874294885778,33.4874294885778,1,0,45
10539104,215,09/02/2020 00:00:00,09-Feb-2020 07:19:41,09-Feb-2020 13:48:51,40.9833732907558,590.4,72,14.4,06:29:10,3.2417,4.39254742547425,45.3759207162301,33.4874294885778,33.4874294885778,2,0,45
10539099,215,09/02/2020 00:00:00,09-Feb-2020 07:28:39,09-Feb-2020 13:57:49,40.9833732907558,590.4,72,14.4,06:29:10,3.2417,4.39254742547425,45.3759207162301,33.4874294885778,33.4874294885778,3,0,45
10539101,215,09/02/2020 00:00:00,09-Feb-2020 07:40:47,09-Feb-2020 14:09:57,40.9833732907558,590.4,72,14.4,06:29:10,3.2417,4.39254742547425,45.3759207162301,33.4874294885778,33.4874294885778,4,0,45
10539100,215,09/02/2020 00:00:00,09-Feb-2020 08:06:57,09-Feb-2020 14:36:07,40.9833732907558,590.4,72,14.4,06:29:10,3.2417,4.39254742547425,45.3759207162301,33.4874294885778,33.4874294885778,5,0,45
10539102,215,09/02/2020 00:00:00,09-Feb-2020 08:09:27,09-Feb-2020 14:38:37,40.9833732907558,590.4,72,14.4,06:29:10,3.2417,4.39254742547425,45.3759207162301,33.4874294885778,33.4874294885778,6,0,45
10539098,215,09/02/2020 00:00:00,09-Feb-2020 08:16:47,09-Feb-2020 14:45:56,40.9833732907558,590.4,72,14.4,06:29:10,3.2417,4.39254742547425,45.3759207162301,33.4874294885778,33.4874294885778,7,0,45
10539097,215,09/02/2020 00:00:00,09-Feb-2020 09:11:45,09-Feb-2020 15:40:55,40.9833732907558,590.4,72,14.4,06:29:10,3.2417,4.39254742547425,45.3759207162301,33.4874294885778,33.4874294885778,8,0,45
10539110,215,10/02/2020 00:00:00,10-Feb-2020 07:11:41,10-Feb-2020 13:40:51,40.9833732907558,590.4,72,14.4,06:29:10,3.2417,4.39254742547425,45.3759207162301,33.4874294885778,33.4874294885778,1,0,45
10539105,215,10/02/2020 00:00:00,10-Feb-2020 07:22:58,10-Feb-2020 13:52:08,40.9833732907558,590.4,72,14.4,06:29:10,3.2417,4.39254742547425,45.3759207162301,33.4874294885778,33.4874294885778,2,0,45
10539108,215,10/02/2020 00:00:00,10-Feb-2020 08:03:15,10-Feb-2020 14:32:25,40.9833732907558,590.4,72,14.4,06:29:10,3.2417,4.39254742547425,45.3759207162301,33.4874294885778,33.4874294885778,3,0,45
10539107,215,10/02/2020 00:00:00,10-Feb-2020 08:37:05,10-Feb-2020 15:06:15,40.9833732907558,590.4,72,14.4,06:29:10,3.2417,4.39254742547425,45.3759207162301,33.4874294885778,33.4874294885778,4,0,45
10539106,215,10/02/2020 00:00:00,10-Feb-2020 08:50:55,10-Feb-2020 15:20:03,40.9833732907558,590.4,72,14.4,06:29:09,3.2417,4.39254742547425,45.3759207162301,33.4874294885778,33.4874294885778,5,0,45
10539109,215,10/02/2020 00:00:00,10-Feb-2020 09:09:05,10-Feb-2020 15:38:15,40.9833732907558,590.4,72,14.4,06:29:10,3.2417,4.39254742547425,45.3759207162301,33.4874294885778,33.4874294885778,6,0,45
10539117,215,11/02/2020 00:00:00,11-Feb-2020 07:45:12,11-Feb-2020 14:14:22,40.9833732907558,590.4,72,14.4,06:29:10,3.2417,4.39254742547425,45.3759207162301,33.4874294885778,33.4874294885778,1,0,45
10539115,215,11/02/2020 00:00:00,11-Feb-2020 08:04:14,11-Feb-2020 14:33:24,40.9833732907558,590.4,72,14.4,06:29:10,3.2417,4.39254742547425,45.3759207162301,33.4874294885778,33.4874294885778,2,0,45
10539116,215,11/02/2020 00:00:00,11-Feb-2020 08:17:10,11-Feb-2020 14:46:20,40.9833732907558,590.4,72,14.4,06:29:10,3.2417,4.39254742547425,45.3759207162301,33.4874294885778,33.4874294885778,3,0,45
10539112,215,11/02/2020 00:00:00,11-Feb-2020 08:18:59,11-Feb-2020 14:48:09,40.9833732907558,590.4,72,14.4,06:29:10,3.2417,4.39254742547425,45.3759207162301,33.4874294885778,33.4874294885778,4,0,45
10539111,215,11/02/2020 00:00:00,11-Feb-2020 08:28:33,11-Feb-2020 14:57:42,40.9833732907558,590.4,72,14.4,06:29:09,3.2417,4.39254742547425,45.3759207162301,33.4874294885778,33.4874294885778,5,0,45
10539113,215,11/02/2020 00:00:00,11-Feb-2020 08:45:46,11-Feb-2020 15:14:56,40.9833732907558,590.4,72,14.4,06:29:10,3.2417,4.39254742547425,45.3759207162301,33.4874294885778,33.4874294885778,6,0,45
10539114,215,11/02/2020 00:00:00,11-Feb-2020 09:23:45,11-Feb-2020 15:52:55,40.9833732907558,590.4,72,14.4,06:29:10,3.2417,4.39254742547425,45.3759207162301,33.4874294885778,33.4874294885778,7,0,45
10539122,215,12/02/2020 00:00:00,12-Feb-2020 07:47:56,12-Feb-2020 14:29:06,41.5670207261814,590.4,72,14.4,06:41:10,3.3417,4.52804878048781,46.0950695066692,34.0181612959219,34.0181612959219,1,0,45
10539121,215,12/02/2020 00:00:00,12-Feb-2020 07:52:48,12-Feb-2020 14:33:58,41.5670207261814,590.4,72,14.4,06:41:10,3.3417,4.52804878048781,46.0950695066692,34.0181612959219,34.0181612959219,2,0,45
10539118,215,12/02/2020 00:00:00,12-Feb-2020 07:56:23,12-Feb-2020 14:37:33,41.5670207261814,590.4,72,14.4,06:41:10,3.3417,4.52804878048781,46.0950695066692,34.0181612959219,34.0181612959219,3,0,45
10539120,215,12/02/2020 00:00:00,12-Feb-2020 08:08:34,12-Feb-2020 14:49:44,41.5670207261814,590.4,72,14.4,06:41:10,3.3417,4.52804878048781,46.0950695066692,34.0181612959219,34.0181612959219,4,0,45
10539119,215,12/02/2020 00:00:00,12-Feb-2020 09:17:39,12-Feb-2020 15:58:49,41.5670207261814,590.4,72,14.4,06:41:10,3.3417,4.52804878048781,46.0950695066692,34.0181612959219,34.0181612959219,5,0,45
10539125,215,13/02/2020 00:00:00,13-Feb-2020 07:02:55,13-Feb-2020 13:44:05,41.5670207261814,590.4,72,14.4,06:41:10,3.3417,4.52804878048781,46.0950695066692,34.0181612959219,34.0181612959219,1,0,45
10539127,215,13/02/2020 00:00:00,13-Feb-2020 07:36:04,13-Feb-2020 14:17:14,41.5670207261814,590.4,72,14.4,06:41:10,3.3417,4.52804878048781,46.0950695066692,34.0181612959219,34.0181612959219,2,0,45
10539123,215,13/02/2020 00:00:00,13-Feb-2020 07:40:00,13-Feb-2020 14:21:10,41.5670207261814,590.4,72,14.4,06:41:10,3.3417,4.52804878048781,46.0950695066692,34.0181612959219,34.0181612959219,3,0,45
10539126,215,13/02/2020 00:00:00,13-Feb-2020 07:55:25,13-Feb-2020 14:36:35,41.5670207261814,590.4,72,14.4,06:41:10,3.3417,4.52804878048781,46.0950695066692,34.0181612959219,34.0181612959219,4,0,45
10539124,215,13/02/2020 00:00:00,13-Feb-2020 09:19:54,13-Feb-2020 16:01:04,41.5670207261814,590.4,72,14.4,06:41:10,3.3417,4.52804878048781,46.0950695066692,34.0181612959219,34.0181612959219,5,0,45
10539130,215,14/02/2020 00:00:00,14-Feb-2020 07:50:03,14-Feb-2020 14:31:13,41.5670207261814,590.4,72,14.4,06:41:10,3.3417,4.52804878048781,46.0950695066692,34.0181612959219,34.0181612959219,1,0,45
10539131,215,14/02/2020 00:00:00,14-Feb-2020 08:06:07,14-Feb-2020 14:47:17,41.5670207261814,590.4,72,14.4,06:41:10,3.3417,4.52804878048781,46.0950695066692,34.0181612959219,34.0181612959219,2,0,45
10539128,215,14/02/2020 00:00:00,14-Feb-2020 08:18:20,14-Feb-2020 14:59:30,41.5670207261814,590.4,72,14.4,06:41:10,3.3417,4.52804878048781,46.0950695066692,34.0181612959219,34.0181612959219,3,0,45
10539132,215,14/02/2020 00:00:00,14-Feb-2020 08:29:28,14-Feb-2020 15:10:38,41.5670207261814,590.4,72,14.4,06:41:10,3.3417,4.52804878048781,46.0950695066692,34.0181612959219,34.0181612959219,4,0,45
10539129,215,14/02/2020 00:00:00,14-Feb-2020 08:52:42,14-Feb-2020 15:33:52,41.5670207261814,590.4,72,14.4,06:41:10,3.3417,4.52804878048781,46.0950695066692,34.0181612959219,34.0181612959219,5,0,45
10539137,215,15/02/2020 00:00:00,15-Feb-2020 06:40:56,15-Feb-2020 13:22:06,41.5670207261814,590.4,72,14.4,06:41:10,3.3417,4.52804878048781,46.0950695066692,34.0181612959219,34.0181612959219,1,0,45
10539133,215,15/02/2020 00:00:00,15-Feb-2020 06:49:58,15-Feb-2020 13:31:08,41.5670207261814,590.4,72,14.4,06:41:10,3.3417,4.52804878048781,46.0950695066692,34.0181612959219,34.0181612959219,2,0,45
10539140,215,15/02/2020 00:00:00,15-Feb-2020 07:24:56,15-Feb-2020 14:06:06,41.5670207261814,590.4,72,14.4,06:41:10,3.3417,4.52804878048781,46.0950695066692,34.0181612959219,34.0181612959219,3,0,45
10539136,215,15/02/2020 00:00:00,15-Feb-2020 07:54:39,15-Feb-2020 14:35:49,41.5670207261814,590.4,72,14.4,06:41:10,3.3417,4.52804878048781,46.0950695066692,34.0181612959219,34.0181612959219,4,0,45
10539139,215,15/02/2020 00:00:00,15-Feb-2020 08:42:33,15-Feb-2020 15:23:43,41.5670207261814,590.4,72,14.4,06:41:10,3.3417,4.52804878048781,46.0950695066692,34.0181612959219,34.0181612959219,5,0,45
10539134,215,15/02/2020 00:00:00,15-Feb-2020 08:56:58,15-Feb-2020 15:38:08,41.5670207261814,590.4,72,14.4,06:41:10,3.3417,4.52804878048781,46.0950695066692,34.0181612959219,34.0181612959219,6,0,45
10539138,215,15/02/2020 00:00:00,15-Feb-2020 09:13:51,15-Feb-2020 15:55:00,41.5670207261814,590.4,72,14.4,06:41:09,3.3417,4.52804878048781,46.0950695066692,34.0181612959219,34.0181612959219,7,0,45
10539135,215,15/02/2020 00:00:00,15-Feb-2020 09:14:49,15-Feb-2020 15:55:58,41.5670207261814,590.4,72,14.4,06:41:09,3.3417,4.52804878048781,46.0950695066692,34.0181612959219,34.0181612959219,8,0,45
10539144,215,16/02/2020 00:00:00,16-Feb-2020 06:54:36,16-Feb-2020 13:35:46,41.5670207261814,590.4,72,14.4,06:41:10,3.3417,4.52804878048781,46.0950695066692,34.0181612959219,34.0181612959219,1,0,45
10539143,215,16/02/2020 00:00:00,16-Feb-2020 07:47:46,16-Feb-2020 14:28:56,41.5670207261814,590.4,72,14.4,06:41:10,3.3417,4.52804878048781,46.0950695066692,34.0181612959219,34.0181612959219,2,0,45
10539141,215,16/02/2020 00:00:00,16-Feb-2020 07:55:32,16-Feb-2020 14:36:42,41.5670207261814,590.4,72,14.4,06:41:10,3.3417,4.52804878048781,46.0950695066692,34.0181612959219,34.0181612959219,3,0,45
10539142,215,16/02/2020 00:00:00,16-Feb-2020 08:13:06,16-Feb-2020 14:54:16,41.5670207261814,590.4,72,14.4,06:41:10,3.3417,4.52804878048781,46.0950695066692,34.0181612959219,34.0181612959219,4,0,45
10539145,215,16/02/2020 00:00:00,16-Feb-2020 08:25:47,16-Feb-2020 15:06:57,41.5670207261814,590.4,72,14.4,06:41:10,3.3417,4.52804878048781,46.0950695066692,34.0181612959219,34.0181612959219,5,0,45
10539146,215,16/02/2020 00:00:00,16-Feb-2020 08:38:40,16-Feb-2020 15:19:50,41.5670207261814,590.4,72,14.4,06:41:10,3.3417,4.52804878048781,46.0950695066692,34.0181612959219,34.0181612959219,6,0,45
10539147,215,16/02/2020 00:00:00,16-Feb-2020 08:49:49,16-Feb-2020 15:30:59,41.5670207261814,590.4,72,14.4,06:41:10,3.3417,4.52804878048781,46.0950695066692,34.0181612959219,34.0181612959219,7,0,45
10539152,215,17/02/2020 00:00:00,17-Feb-2020 06:35:50,17-Feb-2020 13:17:00,41.5670207261814,590.4,72,14.4,06:41:10,3.3417,4.52804878048781,46.0950695066692,34.0181612959219,34.0181612959219,1,0,45
10539149,215,17/02/2020 00:00:00,17-Feb-2020 06:40:42,17-Feb-2020 13:21:52,41.5670207261814,590.4,72,14.4,06:41:10,3.3417,4.52804878048781,46.0950695066692,34.0181612959219,34.0181612959219,2,0,45
10539148,215,17/02/2020 00:00:00,17-Feb-2020 07:07:24,17-Feb-2020 13:48:34,41.5670207261814,590.4,72,14.4,06:41:10,3.3417,4.52804878048781,46.0950695066692,34.0181612959219,34.0181612959219,3,0,45
10539153,215,17/02/2020 00:00:00,17-Feb-2020 07:39:10,17-Feb-2020 14:20:20,41.5670207261814,590.4,72,14.4,06:41:10,3.3417,4.52804878048781,46.0950695066692,34.0181612959219,34.0181612959219,4,0,45
10539150,215,17/02/2020 00:00:00,17-Feb-2020 07:57:15,17-Feb-2020 14:38:25,41.5670207261814,590.4,72,14.4,06:41:10,3.3417,4.52804878048781,46.0950695066692,34.0181612959219,34.0181612959219,5,0,45
10539151,215,17/02/2020 00:00:00,17-Feb-2020 08:18:21,17-Feb-2020 14:59:31,41.5670207261814,590.4,72,14.4,06:41:10,3.3417,4.52804878048781,46.0950695066692,34.0181612959219,34.0181612959219,6,0,45
10539156,215,18/02/2020 00:00:00,18-Feb-2020 06:52:55,18-Feb-2020 13:34:05,41.5670207261814,590.4,72,14.4,06:41:10,3.3417,4.52804878048781,46.0950695066692,34.0181612959219,34.0181612959219,1,0,45
10539158,215,18/02/2020 00:00:00,18-Feb-2020 07:40:21,18-Feb-2020 14:21:30,41.5670207261814,590.4,72,14.4,06:41:09,3.3417,4.52804878048781,46.0950695066692,34.0181612959219,34.0181612959219,2,0,45
10539159,215,18/02/2020 00:00:00,18-Feb-2020 08:50:27,18-Feb-2020 15:31:37,41.5670207261814,590.4,72,14.4,06:41:10,3.3417,4.52804878048781,46.0950695066692,34.0181612959219,34.0181612959219,3,0,45
10539157,215,18/02/2020 00:00:00,18-Feb-2020 08:59:38,18-Feb-2020 15:40:48,41.5670207261814,590.4,72,14.4,06:41:10,3.3417,4.52804878048781,46.0950695066692,34.0181612959219,34.0181612959219,4,0,45
10539154,215,18/02/2020 00:00:00,18-Feb-2020 09:17:19,18-Feb-2020 15:58:29,41.5670207261814,590.4,72,14.4,06:41:09,3.3417,4.52804878048781,46.0950695066692,34.0181612959219,34.0181612959219,5,0,45
10539155,215,18/02/2020 00:00:00,18-Feb-2020 09:27:37,18-Feb-2020 16:08:45,41.5670207261814,590.4,72,14.4,06:41:09,3.3417,4.52804878048781,46.0950695066692,34.0181612959219,34.0181612959219,6,0,45
10539160,215,19/02/2020 00:00:00,19-Feb-2020 07:06:44,19-Feb-2020 14:18:03,42.7271151041352,590.4,72,14.4,07:11:19,3.5917,4.86680216802168,47.5939172721569,35.1243109468518,35.1243109468518,1,0,45
10539161,215,19/02/2020 00:00:00,19-Feb-2020 07:53:13,19-Feb-2020 15:04:33,42.7271151041352,590.4,72,14.4,07:11:20,3.5917,4.86680216802168,47.5939172721569,35.1243109468518,35.1243109468518,2,0,45
10539164,215,19/02/2020 00:00:00,19-Feb-2020 08:03:01,19-Feb-2020 15:14:21,42.7271151041352,590.4,72,14.4,07:11:19,3.5917,4.86680216802168,47.5939172721569,35.1243109468518,35.1243109468518,3,0,45
10539162,215,19/02/2020 00:00:00,19-Feb-2020 08:17:07,19-Feb-2020 15:28:26,42.7271151041352,590.4,72,14.4,07:11:19,3.5917,4.86680216802168,47.5939172721569,35.1243109468518,35.1243109468518,4,0,45
10539163,215,19/02/2020 00:00:00,19-Feb-2020 08:39:57,19-Feb-2020 15:51:16,42.7271151041352,590.4,72,14.4,07:11:19,3.5917,4.86680216802168,47.5939172721569,35.1243109468518,35.1243109468518,5,0,45
10539168,215,20/02/2020 00:00:00,20-Feb-2020 06:59:59,20-Feb-2020 14:11:19,42.7271151041352,590.4,72,14.4,07:11:20,3.5917,4.86680216802168,47.5939172721569,35.1243109468518,35.1243109468518,1,0,45
10539167,215,20/02/2020 00:00:00,20-Feb-2020 07:20:54,20-Feb-2020 14:32:12,42.7271151041352,590.4,72,14.4,07:11:19,3.5917,4.86680216802168,47.5939172721569,35.1243109468518,35.1243109468518,2,0,45
10539166,215,20/02/2020 00:00:00,20-Feb-2020 07:30:45,20-Feb-2020 14:42:04,42.7271151041352,590.4,72,14.4,07:11:19,3.5917,4.86680216802168,47.5939172721569,35.1243109468518,35.1243109468518,3,0,45
10539165,215,20/02/2020 00:00:00,20-Feb-2020 08:34:00,20-Feb-2020 15:45:19,42.7271151041352,590.4,72,14.4,07:11:19,3.5917,4.86680216802168,47.5939172721569,35.1243109468518,35.1243109468518,4,0,45
10539171,215,21/02/2020 00:00:00,21-Feb-2020 07:07:01,21-Feb-2020 14:18:20,42.7271151041352,590.4,72,14.4,07:11:19,3.5917,4.86680216802168,47.5939172721569,35.1243109468518,35.1243109468518,1,0,45
10539169,215,21/02/2020 00:00:00,21-Feb-2020 07:51:12,21-Feb-2020 15:02:32,42.7271151041352,590.4,72,14.4,07:11:20,3.5917,4.86680216802168,47.5939172721569,35.1243109468518,35.1243109468518,2,0,45
10539172,215,21/02/2020 00:00:00,21-Feb-2020 08:20:41,21-Feb-2020 15:32:00,42.7271151041352,590.4,72,14.4,07:11:19,3.5917,4.86680216802168,47.5939172721569,35.1243109468518,35.1243109468518,3,0,45
10539173,215,21/02/2020 00:00:00,21-Feb-2020 08:43:45,21-Feb-2020 15:55:04,42.7271151041352,590.4,72,14.4,07:11:19,3.5917,4.86680216802168,47.5939172721569,35.1243109468518,35.1243109468518,4,0,45
10539170,215,21/02/2020 00:00:00,21-Feb-2020 09:24:22,21-Feb-2020 16:35:42,42.7271151041352,590.4,72,14.4,07:11:19,3.5917,4.86680216802168,47.5939172721569,35.1243109468518,35.1243109468518,5,0,45
10539180,215,22/02/2020 00:00:00,22-Feb-2020 06:41:40,22-Feb-2020 13:52:59,42.7271151041352,590.4,72,14.4,07:11:19,3.5917,4.86680216802168,47.5939172721569,35.1243109468518,35.1243109468518,1,0,45
10539178,215,22/02/2020 00:00:00,22-Feb-2020 06:42:25,22-Feb-2020 13:53:45,42.7271151041352,590.4,72,14.4,07:11:19,3.5917,4.86680216802168,47.5939172721569,35.1243109468518,35.1243109468518,2,0,45
10539174,215,22/02/2020 00:00:00,22-Feb-2020 06:58:55,22-Feb-2020 14:10:15,42.7271151041352,590.4,72,14.4,07:11:20,3.5917,4.86680216802168,47.5939172721569,35.1243109468518,35.1243109468518,3,0,45
10539176,215,22/02/2020 00:00:00,22-Feb-2020 06:59:04,22-Feb-2020 14:10:23,42.7271151041352,590.4,72,14.4,07:11:19,3.5917,4.86680216802168,47.5939172721569,35.1243109468518,35.1243109468518,4,0,45
10539177,215,22/02/2020 00:00:00,22-Feb-2020 08:04:48,22-Feb-2020 15:16:06,42.7271151041352,590.4,72,14.4,07:11:19,3.5917,4.86680216802168,47.5939172721569,35.1243109468518,35.1243109468518,5,0,45
10539179,215,22/02/2020 00:00:00,22-Feb-2020 08:10:44,22-Feb-2020 15:22:02,42.7271151041352,590.4,72,14.4,07:11:19,3.5917,4.86680216802168,47.5939172721569,35.1243109468518,35.1243109468518,6,0,45
10539175,215,22/02/2020 00:00:00,22-Feb-2020 08:42:18,22-Feb-2020 15:53:37,42.7271151041352,590.4,72,14.4,07:11:19,3.5917,4.86680216802168,47.5939172721569,35.1243109468518,35.1243109468518,7,0,45
10539181,215,23/02/2020 00:00:00,23-Feb-2020 07:09:33,23-Feb-2020 14:20:52,42.7271151041352,590.4,72,14.4,07:11:19,3.5917,4.86680216802168,47.5939172721569,35.1243109468518,35.1243109468518,1,0,45
10539182,215,23/02/2020 00:00:00,23-Feb-2020 07:54:08,23-Feb-2020 15:05:27,42.7271151041352,590.4,72,14.4,07:11:19,3.5917,4.86680216802168,47.5939172721569,35.1243109468518,35.1243109468518,2,0,45
10539185,215,23/02/2020 00:00:00,23-Feb-2020 08:15:57,23-Feb-2020 15:27:16,42.7271151041352,590.4,72,14.4,07:11:19,3.5917,4.86680216802168,47.5939172721569,35.1243109468518,35.1243109468518,3,0,45
10539184,215,23/02/2020 00:00:00,23-Feb-2020 08:49:00,23-Feb-2020 16:00:19,42.7271151041352,590.4,72,14.4,07:11:19,3.5917,4.86680216802168,47.5939172721569,35.1243109468518,35.1243109468518,4,0,45
10539186,215,23/02/2020 00:00:00,23-Feb-2020 09:02:06,23-Feb-2020 16:13:25,42.7271151041352,590.4,72,14.4,07:11:19,3.5917,4.86680216802168,47.5939172721569,35.1243109468518,35.1243109468518,5,0,45
10539183,215,23/02/2020 00:00:00,23-Feb-2020 09:07:39,23-Feb-2020 16:18:58,42.7271151041352,590.4,72,14.4,07:11:19,3.5917,4.86680216802168,47.5939172721569,35.1243109468518,35.1243109468518,6,0,45
10539190,215,24/02/2020 00:00:00,24-Feb-2020 06:57:52,24-Feb-2020 14:09:12,42.7271151041352,590.4,72,14.4,07:11:19,3.5917,4.86680216802168,47.5939172721569,35.1243109468518,35.1243109468518,1,0,45
10539189,215,24/02/2020 00:00:00,24-Feb-2020 07:01:42,24-Feb-2020 14:13:01,42.7271151041352,590.4,72,14.4,07:11:19,3.5917,4.86680216802168,47.5939172721569,35.1243109468518,35.1243109468518,2,0,45
10539188,215,24/02/2020 00:00:00,24-Feb-2020 07:21:11,24-Feb-2020 14:32:30,42.7271151041352,590.4,72,14.4,07:11:19,3.5917,4.86680216802168,47.5939172721569,35.1243109468518,35.1243109468518,3,0,45
10539187,215,24/02/2020 00:00:00,24-Feb-2020 08:17:30,24-Feb-2020 15:28:49,42.7271151041352,590.4,72,14.4,07:11:19,3.5917,4.86680216802168,47.5939172721569,35.1243109468518,35.1243109468518,4,0,45
10539191,215,24/02/2020 00:00:00,24-Feb-2020 08:42:53,24-Feb-2020 15:54:12,42.7271151041352,590.4,72,14.4,07:11:19,3.5917,4.86680216802168,47.5939172721569,35.1243109468518,35.1243109468518,5,0,45
10539196,215,25/02/2020 00:00:00,25-Feb-2020 06:56:04,25-Feb-2020 14:07:23,42.7271151041352,590.4,72,14.4,07:11:19,3.5917,4.86680216802168,47.5939172721569,35.1243109468518,35.1243109468518,1,0,45
10539192,215,25/02/2020 00:00:00,25-Feb-2020 07:00:14,25-Feb-2020 14:11:33,42.7271151041352,590.4,72,14.4,07:11:19,3.5917,4.86680216802168,47.5939172721569,35.1243109468518,35.1243109468518,2,0,45
10539195,215,25/02/2020 00:00:00,25-Feb-2020 07:17:40,25-Feb-2020 14:28:59,42.7271151041352,590.4,72,14.4,07:11:19,3.5917,4.86680216802168,47.5939172721569,35.1243109468518,35.1243109468518,3,0,45
10539193,215,25/02/2020 00:00:00,25-Feb-2020 07:49:55,25-Feb-2020 15:01:15,42.7271151041352,590.4,72,14.4,07:11:19,3.5917,4.86680216802168,47.5939172721569,35.1243109468518,35.1243109468518,4,0,45
10539194,215,25/02/2020 00:00:00,25-Feb-2020 08:27:38,25-Feb-2020 15:38:57,42.7271151041352,590.4,72,14.4,07:11:19,3.5917,4.86680216802168,47.5939172721569,35.1243109468518,35.1243109468518,5,0,45
10539197,215,25/02/2020 00:00:00,25-Feb-2020 08:46:36,25-Feb-2020 15:57:56,42.7271151041352,590.4,72,14.4,07:11:20,3.5917,4.86680216802168,47.5939172721569,35.1243109468518,35.1243109468518,6,0,45
10539200,215,26/02/2020 00:00:00,26-Feb-2020 07:10:07,26-Feb-2020 13:45:55,40.5135359636983,590.4,72,14.4,06:35:47,3.2917,4.46029810298103,44.9738340666793,33.1906895412093,33.1906895412093,1,0,45
10539198,215,26/02/2020 00:00:00,26-Feb-2020 07:26:40,26-Feb-2020 14:02:28,40.5135359636983,590.4,72,14.4,06:35:48,3.2917,4.46029810298103,44.9738340666793,33.1906895412093,33.1906895412093,2,0,45
10539202,215,26/02/2020 00:00:00,26-Feb-2020 07:41:35,26-Feb-2020 14:17:21,40.5135359636983,590.4,72,14.4,06:35:47,3.2917,4.46029810298103,44.9738340666793,33.1906895412093,33.1906895412093,3,0,45
10539201,215,26/02/2020 00:00:00,26-Feb-2020 09:15:57,26-Feb-2020 15:51:45,40.5135359636983,590.4,72,14.4,06:35:48,3.2917,4.46029810298103,44.9738340666793,33.1906895412093,33.1906895412093,4,0,45
10539199,215,26/02/2020 00:00:00,26-Feb-2020 09:23:19,26-Feb-2020 15:59:06,40.5135359636983,590.4,72,14.4,06:35:47,3.2917,4.46029810298103,44.9738340666793,33.1906895412093,33.1906895412093,5,0,45
10539205,215,27/02/2020 00:00:00,27-Feb-2020 07:09:47,27-Feb-2020 13:45:34,40.5135359636983,590.4,72,14.4,06:35:47,3.2917,4.46029810298103,44.9738340666793,33.1906895412093,33.1906895412093,1,0,45
10539206,215,27/02/2020 00:00:00,27-Feb-2020 07:38:58,27-Feb-2020 14:14:46,40.5135359636983,590.4,72,14.4,06:35:48,3.2917,4.46029810298103,44.9738340666793,33.1906895412093,33.1906895412093,2,0,45
10539204,215,27/02/2020 00:00:00,27-Feb-2020 07:44:21,27-Feb-2020 14:20:10,40.5135359636983,590.4,72,14.4,06:35:48,3.2917,4.46029810298103,44.9738340666793,33.1906895412093,33.1906895412093,3,0,45
10539203,215,27/02/2020 00:00:00,27-Feb-2020 08:35:17,27-Feb-2020 15:11:05,40.5135359636983,590.4,72,14.4,06:35:48,3.2917,4.46029810298103,44.9738340666793,33.1906895412093,33.1906895412093,4,0,45
10539207,215,27/02/2020 00:00:00,27-Feb-2020 09:00:59,27-Feb-2020 15:36:47,40.5135359636983,590.4,72,14.4,06:35:48,3.2917,4.46029810298103,44.9738340666793,33.1906895412093,33.1906895412093,5,0,45
10539211,215,28/02/2020 00:00:00,28-Feb-2020 07:37:52,28-Feb-2020 14:13:39,40.5135359636983,590.4,72,14.4,06:35:48,3.2917,4.46029810298103,44.9738340666793,33.1906895412093,33.1906895412093,1,0,45
10539210,215,28/02/2020 00:00:00,28-Feb-2020 07:42:47,28-Feb-2020 14:18:35,40.5135359636983,590.4,72,14.4,06:35:48,3.2917,4.46029810298103,44.9738340666793,33.1906895412093,33.1906895412093,2,0,45
10539212,215,28/02/2020 00:00:00,28-Feb-2020 08:26:15,28-Feb-2020 15:02:03,40.5135359636983,590.4,72,14.4,06:35:47,3.2917,4.46029810298103,44.9738340666793,33.1906895412093,33.1906895412093,3,0,45
10539208,215,28/02/2020 00:00:00,28-Feb-2020 08:30:05,28-Feb-2020 15:05:52,40.5135359636983,590.4,72,14.4,06:35:47,3.2917,4.46029810298103,44.9738340666793,33.1906895412093,33.1906895412093,4,0,45
10539209,215,28/02/2020 00:00:00,28-Feb-2020 08:50:06,28-Feb-2020 15:25:52,40.5135359636983,590.4,72,14.4,06:35:47,3.2917,4.46029810298103,44.9738340666793,33.1906895412093,33.1906895412093,5,0,45
10539215,215,01/03/2020 00:00:00,01-Mar-2020 07:01:12,01-Mar-2020 13:36:59,40.5135359636983,590.4,72,14.4,06:35:47,3.2917,4.46029810298103,44.9738340666793,33.1906895412093,33.1906895412093,1,0,45
10539213,215,01/03/2020 00:00:00,01-Mar-2020 07:11:17,01-Mar-2020 13:47:04,40.5135359636983,590.4,72,14.4,06:35:48,3.2917,4.46029810298103,44.9738340666793,33.1906895412093,33.1906895412093,2,0,45
10539219,215,01/03/2020 00:00:00,01-Mar-2020 07:12:12,01-Mar-2020 13:48:00,40.5135359636983,590.4,72,14.4,06:35:48,3.2917,4.46029810298103,44.9738340666793,33.1906895412093,33.1906895412093,3,0,45
10539218,215,01/03/2020 00:00:00,01-Mar-2020 08:02:59,01-Mar-2020 14:38:45,40.5135359636983,590.4,72,14.4,06:35:47,3.2917,4.46029810298103,44.9738340666793,33.1906895412093,33.1906895412093,4,0,45
10539216,215,01/03/2020 00:00:00,01-Mar-2020 08:46:40,01-Mar-2020 15:22:28,40.5135359636983,590.4,72,14.4,06:35:47,3.2917,4.46029810298103,44.9738340666793,33.1906895412093,33.1906895412093,5,0,45
10539217,215,01/03/2020 00:00:00,01-Mar-2020 08:56:36,01-Mar-2020 15:32:23,40.5135359636983,590.4,72,14.4,06:35:47,3.2917,4.46029810298103,44.9738340666793,33.1906895412093,33.1906895412093,6,0,45
10539214,215,01/03/2020 00:00:00,01-Mar-2020 09:13:50,01-Mar-2020 15:49:38,40.5135359636983,590.4,72,14.4,06:35:48,3.2917,4.46029810298103,44.9738340666793,33.1906895412093,33.1906895412093,7,0,45
10539221,215,02/03/2020 00:00:00,02-Mar-2020 06:55:27,02-Mar-2020 13:31:15,40.5135359636983,590.4,72,14.4,06:35:48,3.2917,4.46029810298103,44.9738340666793,33.1906895412093,33.1906895412093,1,0,45
10539222,215,02/03/2020 00:00:00,02-Mar-2020 07:50:24,02-Mar-2020 14:26:13,40.5135359636983,590.4,72,14.4,06:35:48,3.2917,4.46029810298103,44.9738340666793,33.1906895412093,33.1906895412093,2,0,45
10539226,215,02/03/2020 00:00:00,02-Mar-2020 08:04:34,02-Mar-2020 14:40:21,40.5135359636983,590.4,72,14.4,06:35:48,3.2917,4.46029810298103,44.9738340666793,33.1906895412093,33.1906895412093,3,0,45
10539220,215,02/03/2020 00:00:00,02-Mar-2020 08:12:47,02-Mar-2020 14:48:34,40.5135359636983,590.4,72,14.4,06:35:47,3.2917,4.46029810298103,44.9738340666793,33.1906895412093,33.1906895412093,4,0,45
10539224,215,02/03/2020 00:00:00,02-Mar-2020 08:30:33,02-Mar-2020 15:06:19,40.5135359636983,590.4,72,14.4,06:35:47,3.2917,4.46029810298103,44.9738340666793,33.1906895412093,33.1906895412093,5,0,45
10539223,215,02/03/2020 00:00:00,02-Mar-2020 09:27:23,02-Mar-2020 16:03:10,40.5135359636983,590.4,72,14.4,06:35:47,3.2917,4.46029810298103,44.9738340666793,33.1906895412093,33.1906895412093,6,0,45
10539225,215,02/03/2020 00:00:00,02-Mar-2020 09:27:47,02-Mar-2020 16:03:33,40.5135359636983,590.4,72,14.4,06:35:47,3.2917,4.46029810298103,44.9738340666793,33.1906895412093,33.1906895412093,7,0,45
10539232,215,03/03/2020 00:00:00,03-Mar-2020 07:08:08,03-Mar-2020 13:43:56,40.5135359636983,590.4,72,14.4,06:35:48,3.2917,4.46029810298103,44.9738340666793,33.1906895412093,33.1906895412093,1,0,45
10539231,215,03/03/2020 00:00:00,03-Mar-2020 07:08:45,03-Mar-2020 13:44:33,40.5135359636983,590.4,72,14.4,06:35:47,3.2917,4.46029810298103,44.9738340666793,33.1906895412093,33.1906895412093,2,0,45
10539229,215,03/03/2020 00:00:00,03-Mar-2020 07:59:18,03-Mar-2020 14:35:06,40.5135359636983,590.4,72,14.4,06:35:47,3.2917,4.46029810298103,44.9738340666793,33.1906895412093,33.1906895412093,3,0,45
10539227,215,03/03/2020 00:00:00,03-Mar-2020 08:36:24,03-Mar-2020 15:12:12,40.5135359636983,590.4,72,14.4,06:35:47,3.2917,4.46029810298103,44.9738340666793,33.1906895412093,33.1906895412093,4,0,45
10539230,215,03/03/2020 00:00:00,03-Mar-2020 08:45:06,03-Mar-2020 15:20:53,40.5135359636983,590.4,72,14.4,06:35:47,3.2917,4.46029810298103,44.9738340666793,33.1906895412093,33.1906895412093,5,0,45
10539228,215,03/03/2020 00:00:00,03-Mar-2020 08:52:21,03-Mar-2020 15:28:09,40.5135359636983,590.4,72,14.4,06:35:47,3.2917,4.46029810298103,44.9738340666793,33.1906895412093,33.1906895412093,6,0,45
10539238,215,04/03/2020 00:00:00,04-Mar-2020 07:30:41,04-Mar-2020 14:06:29,40.5135359636983,590.4,72,14.4,06:35:48,3.2917,4.46029810298103,44.9738340666793,33.1906895412093,33.1906895412093,1,0,45
10539235,215,04/03/2020 00:00:00,04-Mar-2020 07:46:41,04-Mar-2020 14:22:29,40.5135359636983,590.4,72,14.4,06:35:48,3.2917,4.46029810298103,44.9738340666793,33.1906895412093,33.1906895412093,2,0,45
10539237,215,04/03/2020 00:00:00,04-Mar-2020 08:07:27,04-Mar-2020 14:43:14,40.5135359636983,590.4,72,14.4,06:35:47,3.2917,4.46029810298103,44.9738340666793,33.1906895412093,33.1906895412093,3,0,45
10539236,215,04/03/2020 00:00:00,04-Mar-2020 08:20:12,04-Mar-2020 14:55:59,40.5135359636983,590.4,72,14.4,06:35:47,3.2917,4.46029810298103,44.9738340666793,33.1906895412093,33.1906895412093,4,0,45
10539233,215,04/03/2020 00:00:00,04-Mar-2020 08:32:33,04-Mar-2020 15:08:21,40.5135359636983,590.4,72,14.4,06:35:48,3.2917,4.46029810298103,44.9738340666793,33.1906895412093,33.1906895412093,5,0,45
10539234,215,04/03/2020 00:00:00,04-Mar-2020 09:00:58,04-Mar-2020 15:36:46,40.5135359636983,590.4,72,14.4,06:35:48,3.2917,4.46029810298103,44.9738340666793,33.1906895412093,33.1906895412093,6,0,45
10539240,215,05/03/2020 00:00:00,05-Mar-2020 06:32:39,05-Mar-2020 13:07:08,39.8457398574005,590.4,72,14.4,06:34:29,3.2833,4.44891598915989,44.2946558465604,32.6894560147616,32.6894560147616,1,0,45
10539242,215,05/03/2020 00:00:00,05-Mar-2020 07:14:59,05-Mar-2020 13:49:29,39.8457398574005,590.4,72,14.4,06:34:30,3.2833,4.44891598915989,44.2946558465604,32.6894560147616,32.6894560147616,2,0,45
10539239,215,05/03/2020 00:00:00,05-Mar-2020 08:10:02,05-Mar-2020 14:44:32,39.8457398574005,590.4,72,14.4,06:34:30,3.2833,4.44891598915989,44.2946558465604,32.6894560147616,32.6894560147616,3,0,45
10539244,215,05/03/2020 00:00:00,05-Mar-2020 09:05:59,05-Mar-2020 15:40:29,39.8457398574005,590.4,72,14.4,06:34:30,3.2833,4.44891598915989,44.2946558465604,32.6894560147616,32.6894560147616,4,0,45
10539243,215,05/03/2020 00:00:00,05-Mar-2020 09:08:54,05-Mar-2020 15:43:24,39.8457398574005,590.4,72,14.4,06:34:30,3.2833,4.44891598915989,44.2946558465604,32.6894560147616,32.6894560147616,5,0,45
10539241,215,05/03/2020 00:00:00,05-Mar-2020 09:11:14,05-Mar-2020 15:45:44,39.8457398574005,590.4,72,14.4,06:34:30,3.2833,4.44891598915989,44.2946558465604,32.6894560147616,32.6894560147616,6,0,45
10539245,215,06/03/2020 00:00:00,06-Mar-2020 06:36:05,06-Mar-2020 13:10:35,39.8457398574005,590.4,72,14.4,06:34:30,3.2833,4.44891598915989,44.2946558465604,32.6894560147616,32.6894560147616,1,0,45
10539248,215,06/03/2020 00:00:00,06-Mar-2020 07:49:40,06-Mar-2020 14:24:09,39.8457398574005,590.4,72,14.4,06:34:30,3.2833,4.44891598915989,44.2946558465604,32.6894560147616,32.6894560147616,2,0,45
10539247,215,06/03/2020 00:00:00,06-Mar-2020 07:57:57,06-Mar-2020 14:32:26,39.8457398574005,590.4,72,14.4,06:34:30,3.2833,4.44891598915989,44.2946558465604,32.6894560147616,32.6894560147616,3,0,45
10539249,215,06/03/2020 00:00:00,06-Mar-2020 08:42:49,06-Mar-2020 15:17:19,39.8457398574005,590.4,72,14.4,06:34:30,3.2833,4.44891598915989,44.2946558465604,32.6894560147616,32.6894560147616,4,0,45
10539246,215,06/03/2020 00:00:00,06-Mar-2020 09:25:35,06-Mar-2020 16:00:05,39.8457398574005,590.4,72,14.4,06:34:30,3.2833,4.44891598915989,44.2946558465604,32.6894560147616,32.6894560147616,5,0,45
10539252,215,07/03/2020 00:00:00,07-Mar-2020 06:43:15,07-Mar-2020 13:17:45,39.8457398574005,590.4,72,14.4,06:34:30,3.2833,4.44891598915989,44.2946558465604,32.6894560147616,32.6894560147616,1,0,45
10539250,215,07/03/2020 00:00:00,07-Mar-2020 06:45:00,07-Mar-2020 13:19:30,39.8457398574005,590.4,72,14.4,06:34:30,3.2833,4.44891598915989,44.2946558465604,32.6894560147616,32.6894560147616,2,0,45
10539253,215,07/03/2020 00:00:00,07-Mar-2020 07:19:42,07-Mar-2020 13:54:12,39.8457398574005,590.4,72,14.4,06:34:30,3.2833,4.44891598915989,44.2946558465604,32.6894560147616,32.6894560147616,3,0,45
10539255,215,07/03/2020 00:00:00,07-Mar-2020 08:26:11,07-Mar-2020 15:00:41,39.8457398574005,590.4,72,14.4,06:34:30,3.2833,4.44891598915989,44.2946558465604,32.6894560147616,32.6894560147616,4,0,45
10539254,215,07/03/2020 00:00:00,07-Mar-2020 08:58:17,07-Mar-2020 15:32:46,39.8457398574005,590.4,72,14.4,06:34:30,3.2833,4.44891598915989,44.2946558465604,32.6894560147616,32.6894560147616,5,0,45
10539251,215,07/03/2020 00:00:00,07-Mar-2020 09:08:33,07-Mar-2020 15:43:03,39.8457398574005,590.4,72,14.4,06:34:30,3.2833,4.44891598915989,44.2946558465604,32.6894560147616,32.6894560147616,6,0,45
10539260,215,08/03/2020 00:00:00,08-Mar-2020 07:06:37,08-Mar-2020 13:41:07,39.8457398574005,590.4,72,14.4,06:34:30,3.2833,4.44891598915989,44.2946558465604,32.6894560147616,32.6894560147616,1,0,45
10539257,215,08/03/2020 00:00:00,08-Mar-2020 07:25:09,08-Mar-2020 13:59:39,39.8457398574005,590.4,72,14.4,06:34:30,3.2833,4.44891598915989,44.2946558465604,32.6894560147616,32.6894560147616,2,0,45
10539259,215,08/03/2020 00:00:00,08-Mar-2020 07:25:27,08-Mar-2020 13:59:58,39.8457398574005,590.4,72,14.4,06:34:30,3.2833,4.44891598915989,44.2946558465604,32.6894560147616,32.6894560147616,3,0,45
10539261,215,08/03/2020 00:00:00,08-Mar-2020 07:35:37,08-Mar-2020 14:10:07,39.8457398574005,590.4,72,14.4,06:34:30,3.2833,4.44891598915989,44.2946558465604,32.6894560147616,32.6894560147616,4,0,45
10539256,215,08/03/2020 00:00:00,08-Mar-2020 08:37:11,08-Mar-2020 15:11:41,39.8457398574005,590.4,72,14.4,06:34:30,3.2833,4.44891598915989,44.2946558465604,32.6894560147616,32.6894560147616,5,0,45
10539263,215,08/03/2020 00:00:00,08-Mar-2020 08:38:29,08-Mar-2020 15:12:59,39.8457398574005,590.4,72,14.4,06:34:30,3.2833,4.44891598915989,44.2946558465604,32.6894560147616,32.6894560147616,6,0,45
10539262,215,08/03/2020 00:00:00,08-Mar-2020 09:02:36,08-Mar-2020 15:37:06,39.8457398574005,590.4,72,14.4,06:34:30,3.2833,4.44891598915989,44.2946558465604,32.6894560147616,32.6894560147616,7,0,45
10539258,215,08/03/2020 00:00:00,08-Mar-2020 09:10:20,08-Mar-2020 15:44:50,39.8457398574005,590.4,72,14.4,06:34:30,3.2833,4.44891598915989,44.2946558465604,32.6894560147616,32.6894560147616,8,0,45
10539268,215,09/03/2020 00:00:00,09-Mar-2020 06:38:27,09-Mar-2020 13:12:57,39.8457398574005,590.4,72,14.4,06:34:30,3.2833,4.44891598915989,44.2946558465604,32.6894560147616,32.6894560147616,1,0,45
10539270,215,09/03/2020 00:00:00,09-Mar-2020 06:40:53,09-Mar-2020 13:15:23,39.8457398574005,590.4,72,14.4,06:34:30,3.2833,4.44891598915989,44.2946558465604,32.6894560147616,32.6894560147616,2,0,45
10539265,215,09/03/2020 00:00:00,09-Mar-2020 06:51:56,09-Mar-2020 13:26:26,39.8457398574005,590.4,72,14.4,06:34:30,3.2833,4.44891598915989,44.2946558465604,32.6894560147616,32.6894560147616,3,0,45
10539266,215,09/03/2020 00:00:00,09-Mar-2020 07:59:39,09-Mar-2020 14:34:09,39.8457398574005,590.4,72,14.4,06:34:30,3.2833,4.44891598915989,44.2946558465604,32.6894560147616,32.6894560147616,4,0,45
10539264,215,09/03/2020 00:00:00,09-Mar-2020 08:25:34,09-Mar-2020 15:00:04,39.8457398574005,590.4,72,14.4,06:34:30,3.2833,4.44891598915989,44.2946558465604,32.6894560147616,32.6894560147616,5,0,45
10539267,215,09/03/2020 00:00:00,09-Mar-2020 08:26:03,09-Mar-2020 15:00:33,39.8457398574005,590.4,72,14.4,06:34:30,3.2833,4.44891598915989,44.2946558465604,32.6894560147616,32.6894560147616,6,0,45
10539271,215,09/03/2020 00:00:00,09-Mar-2020 09:00:33,09-Mar-2020 15:35:03,39.8457398574005,590.4,72,14.4,06:34:30,3.2833,4.44891598915989,44.2946558465604,32.6894560147616,32.6894560147616,7,0,45
10539269,215,09/03/2020 00:00:00,09-Mar-2020 09:11:50,09-Mar-2020 15:46:20,39.8457398574005,590.4,72,14.4,06:34:30,3.2833,4.44891598915989,44.2946558465604,32.6894560147616,32.6894560147616,8,0,45
10539277,215,10/03/2020 00:00:00,10-Mar-2020 06:32:46,10-Mar-2020 13:07:16,39.8457398574005,590.4,72,14.4,06:34:30,3.2833,4.44891598915989,44.2946558465604,32.6894560147616,32.6894560147616,1,0,45
10539275,215,10/03/2020 00:00:00,10-Mar-2020 07:23:56,10-Mar-2020 13:58:26,39.8457398574005,590.4,72,14.4,06:34:30,3.2833,4.44891598915989,44.2946558465604,32.6894560147616,32.6894560147616,2,0,45
10539273,215,10/03/2020 00:00:00,10-Mar-2020 07:35:09,10-Mar-2020 14:09:39,39.8457398574005,590.4,72,14.4,06:34:30,3.2833,4.44891598915989,44.2946558465604,32.6894560147616,32.6894560147616,3,0,45
10539272,215,10/03/2020 00:00:00,10-Mar-2020 07:45:08,10-Mar-2020 14:19:38,39.8457398574005,590.4,72,14.4,06:34:30,3.2833,4.44891598915989,44.2946558465604,32.6894560147616,32.6894560147616,4,0,45
10539276,215,10/03/2020 00:00:00,10-Mar-2020 08:08:00,10-Mar-2020 14:42:30,39.8457398574005,590.4,72,14.4,06:34:30,3.2833,4.44891598915989,44.2946558465604,32.6894560147616,32.6894560147616,5,0,45
10539274,215,10/03/2020 00:00:00,10-Mar-2020 09:06:48,10-Mar-2020 15:41:18,39.8457398574005,590.4,72,14.4,06:34:30,3.2833,4.44891598915989,44.2946558465604,32.6894560147616,32.6894560147616,6,0,45
10539279,215,11/03/2020 00:00:00,11-Mar-2020 06:40:11,11-Mar-2020 13:14:41,39.8457398574005,590.4,72,14.4,06:34:30,3.2833,4.44891598915989,44.2946558465604,32.6894560147616,32.6894560147616,1,0,45
10539281,215,11/03/2020 00:00:00,11-Mar-2020 06:43:21,11-Mar-2020 13:17:51,39.8457398574005,590.4,72,14.4,06:34:30,3.2833,4.44891598915989,44.2946558465604,32.6894560147616,32.6894560147616,2,0,45
10539283,215,11/03/2020 00:00:00,11-Mar-2020 06:57:00,11-Mar-2020 13:31:29,39.8457398574005,590.4,72,14.4,06:34:30,3.2833,4.44891598915989,44.2946558465604,32.6894560147616,32.6894560147616,3,0,45
10539280,215,11/03/2020 00:00:00,11-Mar-2020 06:57:29,11-Mar-2020 13:31:59,39.8457398574005,590.4,72,14.4,06:34:30,3.2833,4.44891598915989,44.2946558465604,32.6894560147616,32.6894560147616,4,0,45
10539278,215,11/03/2020 00:00:00,11-Mar-2020 07:45:13,11-Mar-2020 14:19:43,39.8457398574005,590.4,72,14.4,06:34:30,3.2833,4.44891598915989,44.2946558465604,32.6894560147616,32.6894560147616,5,0,45
10539284,215,11/03/2020 00:00:00,11-Mar-2020 08:42:20,11-Mar-2020 15:16:49,39.8457398574005,590.4,72,14.4,06:34:30,3.2833,4.44891598915989,44.2946558465604,32.6894560147616,32.6894560147616,6,0,45
10539282,215,11/03/2020 00:00:00,11-Mar-2020 09:02:14,11-Mar-2020 15:36:43,39.8457398574005,590.4,72,14.4,06:34:30,3.2833,4.44891598915989,44.2946558465604,32.6894560147616,32.6894560147616,7,0,45
10539290,215,12/03/2020 00:00:00,12-Mar-2020 07:24:10,12-Mar-2020 14:36:57,44.8588662637972,590.4,72,14.4,07:12:47,3.6,4.8780487804878,49.736915044285,36.7058433026823,36.7058433026823,1,0,45
10539285,215,12/03/2020 00:00:00,12-Mar-2020 07:52:20,12-Mar-2020 15:05:07,44.8588662637972,590.4,72,14.4,07:12:47,3.6,4.8780487804878,49.736915044285,36.7058433026823,36.7058433026823,2,0,45
10539288,215,12/03/2020 00:00:00,12-Mar-2020 08:07:13,12-Mar-2020 15:20:00,44.8588662637972,590.4,72,14.4,07:12:47,3.6,4.8780487804878,49.736915044285,36.7058433026823,36.7058433026823,3,0,45
10539287,215,12/03/2020 00:00:00,12-Mar-2020 08:11:44,12-Mar-2020 15:24:30,44.8588662637972,590.4,72,14.4,07:12:47,3.6,4.8780487804878,49.736915044285,36.7058433026823,36.7058433026823,4,0,45
10539286,215,12/03/2020 00:00:00,12-Mar-2020 08:59:35,12-Mar-2020 16:12:21,44.8588662637972,590.4,72,14.4,07:12:47,3.6,4.8780487804878,49.736915044285,36.7058433026823,36.7058433026823,5,0,45
10539289,215,12/03/2020 00:00:00,12-Mar-2020 09:09:55,12-Mar-2020 16:22:43,44.8588662637972,590.4,72,14.4,07:12:47,3.6,4.8780487804878,49.736915044285,36.7058433026823,36.7058433026823,6,0,45
10539292,215,13/03/2020 00:00:00,13-Mar-2020 06:59:29,13-Mar-2020 14:12:17,44.8588662637972,590.4,72,14.4,07:12:47,3.6,4.8780487804878,49.736915044285,36.7058433026823,36.7058433026823,1,0,45
10539295,215,13/03/2020 00:00:00,13-Mar-2020 07:00:50,13-Mar-2020 14:13:37,44.8588662637972,590.4,72,14.4,07:12:47,3.6,4.8780487804878,49.736915044285,36.7058433026823,36.7058433026823,2,0,45
10539293,215,13/03/2020 00:00:00,13-Mar-2020 07:42:59,13-Mar-2020 14:55:47,44.8588662637972,590.4,72,14.4,07:12:47,3.6,4.8780487804878,49.736915044285,36.7058433026823,36.7058433026823,3,0,45
10539291,215,13/03/2020 00:00:00,13-Mar-2020 08:15:33,13-Mar-2020 15:28:19,44.8588662637972,590.4,72,14.4,07:12:47,3.6,4.8780487804878,49.736915044285,36.7058433026823,36.7058433026823,4,0,45
10539294,215,13/03/2020 00:00:00,13-Mar-2020 09:01:04,13-Mar-2020 16:13:50,44.8588662637972,590.4,72,14.4,07:12:47,3.6,4.8780487804878,49.736915044285,36.7058433026823,36.7058433026823,5,0,45
10539296,215,14/03/2020 00:00:00,14-Mar-2020 07:57:58,14-Mar-2020 15:10:46,44.8588662637972,590.4,72,14.4,07:12:47,3.6,4.8780487804878,49.736915044285,36.7058433026823,36.7058433026823,1,0,45
10539299,215,14/03/2020 00:00:00,14-Mar-2020 08:11:10,14-Mar-2020 15:23:58,44.8588662637972,590.4,72,14.4,07:12:47,3.6,4.8780487804878,49.736915044285,36.7058433026823,36.7058433026823,2,0,45
10539301,215,14/03/2020 00:00:00,14-Mar-2020 08:33:44,14-Mar-2020 15:46:30,44.8588662637972,590.4,72,14.4,07:12:47,3.6,4.8780487804878,49.736915044285,36.7058433026823,36.7058433026823,3,0,45
10539300,215,14/03/2020 00:00:00,14-Mar-2020 08:46:46,14-Mar-2020 15:59:33,44.8588662637972,590.4,72,14.4,07:12:47,3.6,4.8780487804878,49.736915044285,36.7058433026823,36.7058433026823,4,0,45
10539298,215,14/03/2020 00:00:00,14-Mar-2020 08:53:12,14-Mar-2020 16:05:59,44.8588662637972,590.4,72,14.4,07:12:47,3.6,4.8780487804878,49.736915044285,36.7058433026823,36.7058433026823,5,0,45
10539297,215,14/03/2020 00:00:00,14-Mar-2020 09:26:28,14-Mar-2020 16:39:16,44.8588662637972,590.4,72,14.4,07:12:47,3.6,4.8780487804878,49.736915044285,36.7058433026823,36.7058433026823,6,0,45
10539307,215,15/03/2020 00:00:00,15-Mar-2020 06:48:49,15-Mar-2020 14:01:36,44.8588662637972,590.4,72,14.4,07:12:47,3.6,4.8780487804878,49.736915044285,36.7058433026823,36.7058433026823,1,0,45
10539302,215,15/03/2020 00:00:00,15-Mar-2020 08:01:02,15-Mar-2020 15:13:48,44.8588662637972,590.4,72,14.4,07:12:46,3.6,4.8780487804878,49.736915044285,36.7058433026823,36.7058433026823,2,0,45
10539304,215,15/03/2020 00:00:00,15-Mar-2020 08:09:45,15-Mar-2020 15:22:31,44.8588662637972,590.4,72,14.4,07:12:47,3.6,4.8780487804878,49.736915044285,36.7058433026823,36.7058433026823,3,0,45
10539305,215,15/03/2020 00:00:00,15-Mar-2020 08:36:16,15-Mar-2020 15:49:04,44.8588662637972,590.4,72,14.4,07:12:47,3.6,4.8780487804878,49.736915044285,36.7058433026823,36.7058433026823,4,0,45
10539306,215,15/03/2020 00:00:00,15-Mar-2020 08:43:54,15-Mar-2020 15:56:41,44.8588662637972,590.4,72,14.4,07:12:47,3.6,4.8780487804878,49.736915044285,36.7058433026823,36.7058433026823,5,0,45
10539303,215,15/03/2020 00:00:00,15-Mar-2020 08:57:00,15-Mar-2020 16:09:47,44.8588662637972,590.4,72,14.4,07:12:47,3.6,4.8780487804878,49.736915044285,36.7058433026823,36.7058433026823,6,0,45
10539309,215,15/03/2020 00:00:00,15-Mar-2020 09:10:30,15-Mar-2020 16:23:17,44.8588662637972,590.4,72,14.4,07:12:47,3.6,4.8780487804878,49.736915044285,36.7058433026823,36.7058433026823,7,0,45
10539308,215,15/03/2020 00:00:00,15-Mar-2020 09:14:14,15-Mar-2020 16:27:02,44.8588662637972,590.4,72,14.4,07:12:47,3.6,4.8780487804878,49.736915044285,36.7058433026823,36.7058433026823,8,0,45
10539312,215,16/03/2020 00:00:00,16-Mar-2020 06:42:46,16-Mar-2020 13:55:33,44.8588662637972,590.4,72,14.4,07:12:47,3.6,4.8780487804878,49.736915044285,36.7058433026823,36.7058433026823,1,0,45
10539316,215,16/03/2020 00:00:00,16-Mar-2020 07:29:45,16-Mar-2020 14:42:32,44.8588662637972,590.4,72,14.4,07:12:47,3.6,4.8780487804878,49.736915044285,36.7058433026823,36.7058433026823,2,0,45
10539311,215,16/03/2020 00:00:00,16-Mar-2020 07:47:56,16-Mar-2020 15:00:44,44.8588662637972,590.4,72,14.4,07:12:47,3.6,4.8780487804878,49.736915044285,36.7058433026823,36.7058433026823,3,0,45
10539313,215,16/03/2020 00:00:00,16-Mar-2020 08:14:30,16-Mar-2020 15:27:17,44.8588662637972,590.4,72,14.4,07:12:47,3.6,4.8780487804878,49.736915044285,36.7058433026823,36.7058433026823,4,0,45
10539314,215,16/03/2020 00:00:00,16-Mar-2020 08:21:33,16-Mar-2020 15:34:19,44.8588662637972,590.4,72,14.4,07:12:46,3.6,4.8780487804878,49.736915044285,36.7058433026823,36.7058433026823,5,0,45
10539310,215,16/03/2020 00:00:00,16-Mar-2020 08:31:05,16-Mar-2020 15:43:53,44.8588662637972,590.4,72,14.4,07:12:47,3.6,4.8780487804878,49.736915044285,36.7058433026823,36.7058433026823,6,0,45
10539315,215,16/03/2020 00:00:00,16-Mar-2020 08:51:50,16-Mar-2020 16:04:36,44.8588662637972,590.4,72,14.4,07:12:46,3.6,4.8780487804878,49.736915044285,36.7058433026823,36.7058433026823,7,0,45
10539318,215,17/03/2020 00:00:00,17-Mar-2020 07:23:19,17-Mar-2020 14:36:05,44.8588662637972,590.4,72,14.4,07:12:46,3.6,4.8780487804878,49.736915044285,36.7058433026823,36.7058433026823,1,0,45
10539322,215,17/03/2020 00:00:00,17-Mar-2020 07:37:51,17-Mar-2020 14:50:37,44.8588662637972,590.4,72,14.4,07:12:46,3.6,4.8780487804878,49.736915044285,36.7058433026823,36.7058433026823,2,0,45
10539320,215,17/03/2020 00:00:00,17-Mar-2020 08:15:36,17-Mar-2020 15:28:23,44.8588662637972,590.4,72,14.4,07:12:47,3.6,4.8780487804878,49.736915044285,36.7058433026823,36.7058433026823,3,0,45
10539317,215,17/03/2020 00:00:00,17-Mar-2020 08:17:14,17-Mar-2020 15:30:01,44.8588662637972,590.4,72,14.4,07:12:47,3.6,4.8780487804878,49.736915044285,36.7058433026823,36.7058433026823,4,0,45
10539321,215,17/03/2020 00:00:00,17-Mar-2020 09:01:40,17-Mar-2020 16:14:26,44.8588662637972,590.4,72,14.4,07:12:47,3.6,4.8780487804878,49.736915044285,36.7058433026823,36.7058433026823,5,0,45
10539319,215,17/03/2020 00:00:00,17-Mar-2020 09:12:13,17-Mar-2020 16:25:00,44.8588662637972,590.4,72,14.4,07:12:47,3.6,4.8780487804878,49.736915044285,36.7058433026823,36.7058433026823,6,0,45
10539324,215,18/03/2020 00:00:00,18-Mar-2020 06:31:31,18-Mar-2020 13:44:18,44.8588662637972,590.4,72,14.4,07:12:47,3.6,4.8780487804878,49.736915044285,36.7058433026823,36.7058433026823,1,0,45
10539326,215,18/03/2020 00:00:00,18-Mar-2020 06:32:51,18-Mar-2020 13:45:38,44.8588662637972,590.4,72,14.4,07:12:47,3.6,4.8780487804878,49.736915044285,36.7058433026823,36.7058433026823,2,0,45
10539327,215,18/03/2020 00:00:00,18-Mar-2020 07:02:19,18-Mar-2020 14:15:07,44.8588662637972,590.4,72,14.4,07:12:47,3.6,4.8780487804878,49.736915044285,36.7058433026823,36.7058433026823,3,0,45
10539328,215,18/03/2020 00:00:00,18-Mar-2020 07:18:38,18-Mar-2020 14:31:26,44.8588662637972,590.4,72,14.4,07:12:47,3.6,4.8780487804878,49.736915044285,36.7058433026823,36.7058433026823,4,0,45
10539323,215,18/03/2020 00:00:00,18-Mar-2020 07:42:19,18-Mar-2020 14:55:04,44.8588662637972,590.4,72,14.4,07:12:46,3.6,4.8780487804878,49.736915044285,36.7058433026823,36.7058433026823,5,0,45
10539325,215,18/03/2020 00:00:00,18-Mar-2020 07:57:38,18-Mar-2020 15:10:24,44.8588662637972,590.4,72,14.4,07:12:47,3.6,4.8780487804878,49.736915044285,36.7058433026823,36.7058433026823,6,0,45
10539331,215,19/03/2020 00:00:00,19-Mar-2020 07:08:21,19-Mar-2020 14:15:35,42.108648457817,590.4,72,14.4,07:07:14,3.5583,4.82154471544715,46.9301931732642,34.6344825618689,34.6344825618689,1,0,45
10539333,215,19/03/2020 00:00:00,19-Mar-2020 07:10:21,19-Mar-2020 14:17:36,42.108648457817,590.4,72,14.4,07:07:14,3.5583,4.82154471544715,46.9301931732642,34.6344825618689,34.6344825618689,2,0,45
10539332,215,19/03/2020 00:00:00,19-Mar-2020 07:18:20,19-Mar-2020 14:25:34,42.108648457817,590.4,72,14.4,07:07:14,3.5583,4.82154471544715,46.9301931732642,34.6344825618689,34.6344825618689,3,0,45
10539330,215,19/03/2020 00:00:00,19-Mar-2020 07:25:21,19-Mar-2020 14:32:34,42.108648457817,590.4,72,14.4,07:07:14,3.5583,4.82154471544715,46.9301931732642,34.6344825618689,34.6344825618689,4,0,45
10539329,215,19/03/2020 00:00:00,19-Mar-2020 09:29:39,19-Mar-2020 16:36:53,42.108648457817,590.4,72,14.4,07:07:14,3.5583,4.82154471544715,46.9301931732642,34.6344825618689,34.6344825618689,5,0,45
10539334,215,20/03/2020 00:00:00,20-Mar-2020 07:12:40,20-Mar-2020 14:19:54,42.108648457817,590.4,72,14.4,07:07:14,3.5583,4.82154471544715,46.9301931732642,34.6344825618689,34.6344825618689,1,0,45
10539336,215,20/03/2020 00:00:00,20-Mar-2020 07:55:06,20-Mar-2020 15:02:20,42.108648457817,590.4,72,14.4,07:07:14,3.5583,4.82154471544715,46.9301931732642,34.6344825618689,34.6344825618689,2,0,45
10539337,215,20/03/2020 00:00:00,20-Mar-2020 07:55:50,20-Mar-2020 15:03:04,42.108648457817,590.4,72,14.4,07:07:14,3.5583,4.82154471544715,46.9301931732642,34.6344825618689,34.6344825618689,3,0,45
10539338,215,20/03/2020 00:00:00,20-Mar-2020 08:30:18,20-Mar-2020 15:37:32,42.108648457817,590.4,72,14.4,07:07:14,3.5583,4.82154471544715,46.9301931732642,34.6344825618689,34.6344825618689,4,0,45
10539335,215,20/03/2020 00:00:00,20-Mar-2020 08:34:32,20-Mar-2020 15:41:46,42.108648457817,590.4,72,14.4,07:07:14,3.5583,4.82154471544715,46.9301931732642,34.6344825618689,34.6344825618689,5,0,45
10539342,215,21/03/2020 00:00:00,21-Mar-2020 06:33:51,21-Mar-2020 13:41:05,42.108648457817,590.4,72,14.4,07:07:14,3.5583,4.82154471544715,46.9301931732642,34.6344825618689,34.6344825618689,1,0,45
10539339,215,21/03/2020 00:00:00,21-Mar-2020 06:44:53,21-Mar-2020 13:52:08,42.108648457817,590.4,72,14.4,07:07:14,3.5583,4.82154471544715,46.9301931732642,34.6344825618689,34.6344825618689,2,0,45
10539343,215,21/03/2020 00:00:00,21-Mar-2020 06:51:12,21-Mar-2020 13:58:26,42.108648457817,590.4,72,14.4,07:07:14,3.5583,4.82154471544715,46.9301931732642,34.6344825618689,34.6344825618689,3,0,45
10539340,215,21/03/2020 00:00:00,21-Mar-2020 07:58:08,21-Mar-2020 15:05:22,42.108648457817,590.4,72,14.4,07:07:14,3.5583,4.82154471544715,46.9301931732642,34.6344825618689,34.6344825618689,4,0,45
10539341,215,21/03/2020 00:00:00,21-Mar-2020 08:23:16,21-Mar-2020 15:30:30,42.108648457817,590.4,72,14.4,07:07:14,3.5583,4.82154471544715,46.9301931732642,34.6344825618689,34.6344825618689,5,0,45
10539344,215,21/03/2020 00:00:00,21-Mar-2020 09:14:43,21-Mar-2020 16:21:58,42.108648457817,590.4,72,14.4,07:07:14,3.5583,4.82154471544715,46.9301931732642,34.6344825618689,34.6344825618689,6,0,45
10539348,215,22/03/2020 00:00:00,22-Mar-2020 06:46:50,22-Mar-2020 13:54:04,42.108648457817,590.4,72,14.4,07:07:14,3.5583,4.82154471544715,46.9301931732642,34.6344825618689,34.6344825618689,1,0,45
10539345,215,22/03/2020 00:00:00,22-Mar-2020 06:58:51,22-Mar-2020 14:06:05,42.108648457817,590.4,72,14.4,07:07:14,3.5583,4.82154471544715,46.9301931732642,34.6344825618689,34.6344825618689,2,0,45
10539347,215,22/03/2020 00:00:00,22-Mar-2020 07:10:52,22-Mar-2020 14:18:06,42.108648457817,590.4,72,14.4,07:07:14,3.5583,4.82154471544715,46.9301931732642,34.6344825618689,34.6344825618689,3,0,45
10539346,215,22/03/2020 00:00:00,22-Mar-2020 07:13:59,22-Mar-2020 14:21:12,42.108648457817,590.4,72,14.4,07:07:14,3.5583,4.82154471544715,46.9301931732642,34.6344825618689,34.6344825618689,4,0,45
10539349,215,22/03/2020 00:00:00,22-Mar-2020 08:44:38,22-Mar-2020 15:51:52,42.108648457817,590.4,72,14.4,07:07:14,3.5583,4.82154471544715,46.9301931732642,34.6344825618689,34.6344825618689,5,0,45
10539350,215,22/03/2020 00:00:00,22-Mar-2020 09:05:05,22-Mar-2020 16:12:19,42.108648457817,590.4,72,14.4,07:07:14,3.5583,4.82154471544715,46.9301931732642,34.6344825618689,34.6344825618689,6,0,45
10539352,215,22/03/2020 00:00:00,22-Mar-2020 09:18:46,22-Mar-2020 16:26:00,42.108648457817,590.4,72,14.4,07:07:14,3.5583,4.82154471544715,46.9301931732642,34.6344825618689,34.6344825618689,7,0,45
10539351,215,22/03/2020 00:00:00,22-Mar-2020 09:22:13,22-Mar-2020 16:29:28,42.108648457817,590.4,72,14.4,07:07:15,3.5583,4.82154471544715,46.9301931732642,34.6344825618689,34.6344825618689,8,0,45
10539353,215,23/03/2020 00:00:00,23-Mar-2020 06:43:03,23-Mar-2020 13:50:17,42.108648457817,590.4,72,14.4,07:07:14,3.5583,4.82154471544715,46.9301931732642,34.6344825618689,34.6344825618689,1,0,45
10539359,215,23/03/2020 00:00:00,23-Mar-2020 07:00:18,23-Mar-2020 14:07:32,42.108648457817,590.4,72,14.4,07:07:14,3.5583,4.82154471544715,46.9301931732642,34.6344825618689,34.6344825618689,2,0,45
10539358,215,23/03/2020 00:00:00,23-Mar-2020 07:26:15,23-Mar-2020 14:33:29,42.108648457817,590.4,72,14.4,07:07:14,3.5583,4.82154471544715,46.9301931732642,34.6344825618689,34.6344825618689,3,0,45
10539357,215,23/03/2020 00:00:00,23-Mar-2020 08:03:14,23-Mar-2020 15:10:28,42.108648457817,590.4,72,14.4,07:07:14,3.5583,4.82154471544715,46.9301931732642,34.6344825618689,34.6344825618689,4,0,45
10539355,215,23/03/2020 00:00:00,23-Mar-2020 08:07:46,23-Mar-2020 15:14:59,42.108648457817,590.4,72,14.4,07:07:14,3.5583,4.82154471544715,46.9301931732642,34.6344825618689,34.6344825618689,5,0,45
10539356,215,23/03/2020 00:00:00,23-Mar-2020 08:09:10,23-Mar-2020 15:16:24,42.108648457817,590.4,72,14.4,07:07:14,3.5583,4.82154471544715,46.9301931732642,34.6344825618689,34.6344825618689,6,0,45
10539354,215,23/03/2020 00:00:00,23-Mar-2020 09:06:31,23-Mar-2020 16:13:45,42.108648457817,590.4,72,14.4,07:07:14,3.5583,4.82154471544715,46.9301931732642,34.6344825618689,34.6344825618689,7,0,45
10539362,215,24/03/2020 00:00:00,24-Mar-2020 07:11:08,24-Mar-2020 14:18:21,42.108648457817,590.4,72,14.4,07:07:14,3.5583,4.82154471544715,46.9301931732642,34.6344825618689,34.6344825618689,1,0,45
10539363,215,24/03/2020 00:00:00,24-Mar-2020 07:49:35,24-Mar-2020 14:56:48,42.108648457817,590.4,72,14.4,07:07:14,3.5583,4.82154471544715,46.9301931732642,34.6344825618689,34.6344825618689,2,0,45
10539364,215,24/03/2020 00:00:00,24-Mar-2020 08:31:34,24-Mar-2020 15:38:49,42.108648457817,590.4,72,14.4,07:07:14,3.5583,4.82154471544715,46.9301931732642,34.6344825618689,34.6344825618689,3,0,45
10539361,215,24/03/2020 00:00:00,24-Mar-2020 08:37:38,24-Mar-2020 15:44:52,42.108648457817,590.4,72,14.4,07:07:14,3.5583,4.82154471544715,46.9301931732642,34.6344825618689,34.6344825618689,4,0,45
10539360,215,24/03/2020 00:00:00,24-Mar-2020 08:45:55,24-Mar-2020 15:53:10,42.108648457817,590.4,72,14.4,07:07:14,3.5583,4.82154471544715,46.9301931732642,34.6344825618689,34.6344825618689,5,0,45
10539365,215,24/03/2020 00:00:00,24-Mar-2020 09:06:19,24-Mar-2020 16:13:34,42.108648457817,590.4,72,14.4,07:07:14,3.5583,4.82154471544715,46.9301931732642,34.6344825618689,34.6344825618689,6,0,45
10539369,215,25/03/2020 00:00:00,25-Mar-2020 06:30:30,25-Mar-2020 13:37:44,42.108648457817,590.4,72,14.4,07:07:14,3.5583,4.82154471544715,46.9301931732642,34.6344825618689,34.6344825618689,1,0,45
10539371,215,25/03/2020 00:00:00,25-Mar-2020 07:09:51,25-Mar-2020 14:17:05,42.108648457817,590.4,72,14.4,07:07:14,3.5583,4.82154471544715,46.9301931732642,34.6344825618689,34.6344825618689,2,0,45
10539370,215,25/03/2020 00:00:00,25-Mar-2020 07:21:27,25-Mar-2020 14:28:41,42.108648457817,590.4,72,14.4,07:07:14,3.5583,4.82154471544715,46.9301931732642,34.6344825618689,34.6344825618689,3,0,45
10539366,215,25/03/2020 00:00:00,25-Mar-2020 07:31:50,25-Mar-2020 14:39:04,42.108648457817,590.4,72,14.4,07:07:14,3.5583,4.82154471544715,46.9301931732642,34.6344825618689,34.6344825618689,4,0,45
10539367,215,25/03/2020 00:00:00,25-Mar-2020 08:48:06,25-Mar-2020 15:55:20,42.108648457817,590.4,72,14.4,07:07:14,3.5583,4.82154471544715,46.9301931732642,34.6344825618689,34.6344825618689,5,0,45
10539368,215,25/03/2020 00:00:00,25-Mar-2020 09:07:32,25-Mar-2020 16:14:46,42.108648457817,590.4,72,14.4,07:07:14,3.5583,4.82154471544715,46.9301931732642,34.6344825618689,34.6344825618689,6,0,45
10539375,215,26/03/2020 00:00:00,26-Mar-2020 08:14:15,26-Mar-2020 15:07:47,40.9567110626306,590.4,72,14.4,06:53:32,3.4417,4.66355013550135,45.620261198132,33.6677527642214,33.6677527642214,1,0,45
10539374,215,26/03/2020 00:00:00,26-Mar-2020 08:23:05,26-Mar-2020 15:16:37,40.9567110626306,590.4,72,14.4,06:53:32,3.4417,4.66355013550135,45.620261198132,33.6677527642214,33.6677527642214,2,0,45
10539377,215,26/03/2020 00:00:00,26-Mar-2020 08:39:10,26-Mar-2020 15:32:42,40.9567110626306,590.4,72,14.4,06:53:32,3.4417,4.66355013550135,45.620261198132,33.6677527642214,33.6677527642214,3,0,45
10539372,215,26/03/2020 00:00:00,26-Mar-2020 08:56:21,26-Mar-2020 15:49:53,40.9567110626306,590.4,72,14.4,06:53:32,3.4417,4.66355013550135,45.620261198132,33.6677527642214,33.6677527642214,4,0,45
10539376,215,26/03/2020 00:00:00,26-Mar-2020 09:12:41,26-Mar-2020 16:06:13,40.9567110626306,590.4,72,14.4,06:53:32,3.4417,4.66355013550135,45.620261198132,33.6677527642214,33.6677527642214,5,0,45
10539373,215,26/03/2020 00:00:00,26-Mar-2020 09:27:05,26-Mar-2020 16:20:38,40.9567110626306,590.4,72,14.4,06:53:33,3.4417,4.66355013550135,45.620261198132,33.6677527642214,33.6677527642214,6,0,45
10539379,215,27/03/2020 00:00:00,27-Mar-2020 06:40:40,27-Mar-2020 13:34:13,40.9567110626306,590.4,72,14.4,06:53:33,3.4417,4.66355013550135,45.620261198132,33.6677527642214,33.6677527642214,1,0,45
10539378,215,27/03/2020 00:00:00,27-Mar-2020 07:42:33,27-Mar-2020 14:36:06,40.9567110626306,590.4,72,14.4,06:53:33,3.4417,4.66355013550135,45.620261198132,33.6677527642214,33.6677527642214,2,0,45
10539380,215,27/03/2020 00:00:00,27-Mar-2020 07:55:36,27-Mar-2020 14:49:08,40.9567110626306,590.4,72,14.4,06:53:32,3.4417,4.66355013550135,45.620261198132,33.6677527642214,33.6677527642214,3,0,45
10539381,215,27/03/2020 00:00:00,27-Mar-2020 08:32:05,27-Mar-2020 15:25:37,40.9567110626306,590.4,72,14.4,06:53:32,3.4417,4.66355013550135,45.620261198132,33.6677527642214,33.6677527642214,4,0,45
10539382,215,27/03/2020 00:00:00,27-Mar-2020 09:20:50,27-Mar-2020 16:14:22,40.9567110626306,590.4,72,14.4,06:53:32,3.4417,4.66355013550135,45.620261198132,33.6677527642214,33.6677527642214,5,0,45
10539383,215,28/03/2020 00:00:00,28-Mar-2020 07:35:18,28-Mar-2020 14:28:50,40.9567110626306,590.4,72,14.4,06:53:32,3.4417,4.66355013550135,45.620261198132,33.6677527642214,33.6677527642214,1,0,45
10539385,215,28/03/2020 00:00:00,28-Mar-2020 08:04:21,28-Mar-2020 14:57:53,40.9567110626306,590.4,72,14.4,06:53:32,3.4417,4.66355013550135,45.620261198132,33.6677527642214,33.6677527642214,2,0,45
10539387,215,28/03/2020 00:00:00,28-Mar-2020 08:25:32,28-Mar-2020 15:19:04,40.9567110626306,590.4,72,14.4,06:53:32,3.4417,4.66355013550135,45.620261198132,33.6677527642214,33.6677527642214,3,0,45
10539384,215,28/03/2020 00:00:00,28-Mar-2020 08:57:10,28-Mar-2020 15:50:42,40.9567110626306,590.4,72,14.4,06:53:32,3.4417,4.66355013550135,45.620261198132,33.6677527642214,33.6677527642214,4,0,45
10539386,215,28/03/2020 00:00:00,28-Mar-2020 09:03:43,28-Mar-2020 15:57:16,40.9567110626306,590.4,72,14.4,06:53:33,3.4417,4.66355013550135,45.620261198132,33.6677527642214,33.6677527642214,5,0,45
10539388,215,28/03/2020 00:00:00,28-Mar-2020 09:20:21,28-Mar-2020 16:13:53,40.9567110626306,590.4,72,14.4,06:53:32,3.4417,4.66355013550135,45.620261198132,33.6677527642214,33.6677527642214,6,0,45
10539389,215,29/03/2020 00:00:00,29-Mar-2020 07:00:14,29-Mar-2020 13:53:48,40.9567110626306,590.4,72,14.4,06:53:33,3.4417,4.66355013550135,45.620261198132,33.6677527642214,33.6677527642214,1,0,45
10539390,215,29/03/2020 00:00:00,29-Mar-2020 07:05:24,29-Mar-2020 13:58:57,40.9567110626306,590.4,72,14.4,06:53:33,3.4417,4.66355013550135,45.620261198132,33.6677527642214,33.6677527642214,2,0,45
10539394,215,29/03/2020 00:00:00,29-Mar-2020 07:31:30,29-Mar-2020 14:25:02,40.9567110626306,590.4,72,14.4,06:53:32,3.4417,4.66355013550135,45.620261198132,33.6677527642214,33.6677527642214,3,0,45
10539395,215,29/03/2020 00:00:00,29-Mar-2020 07:56:28,29-Mar-2020 14:50:00,40.9567110626306,590.4,72,14.4,06:53:33,3.4417,4.66355013550135,45.620261198132,33.6677527642214,33.6677527642214,4,0,45
10539393,215,29/03/2020 00:00:00,29-Mar-2020 08:10:02,29-Mar-2020 15:03:34,40.9567110626306,590.4,72,14.4,06:53:32,3.4417,4.66355013550135,45.620261198132,33.6677527642214,33.6677527642214,5,0,45
10539391,215,29/03/2020 00:00:00,29-Mar-2020 08:54:12,29-Mar-2020 15:47:44,40.9567110626306,590.4,72,14.4,06:53:32,3.4417,4.66355013550135,45.620261198132,33.6677527642214,33.6677527642214,6,0,45
10539392,215,29/03/2020 00:00:00,29-Mar-2020 09:15:28,29-Mar-2020 16:09:00,40.9567110626306,590.4,72,14.4,06:53:32,3.4417,4.66355013550135,45.620261198132,33.6677527642214,33.6677527642214,7,0,45
10539396,215,29/03/2020 00:00:00,29-Mar-2020 09:16:43,29-Mar-2020 16:10:16,40.9567110626306,590.4,72,14.4,06:53:32,3.4417,4.66355013550135,45.620261198132,33.6677527642214,33.6677527642214,8,0,45
10539402,215,30/03/2020 00:00:00,30-Mar-2020 06:35:14,30-Mar-2020 13:28:46,40.9567110626306,590.4,72,14.4,06:53:32,3.4417,4.66355013550135,45.620261198132,33.6677527642214,33.6677527642214,1,0,45
10539401,215,30/03/2020 00:00:00,30-Mar-2020 06:49:11,30-Mar-2020 13:42:43,40.9567110626306,590.4,72,14.4,06:53:32,3.4417,4.66355013550135,45.620261198132,33.6677527642214,33.6677527642214,2,0,45
10539400,215,30/03/2020 00:00:00,30-Mar-2020 07:17:27,30-Mar-2020 14:10:59,40.9567110626306,590.4,72,14.4,06:53:32,3.4417,4.66355013550135,45.620261198132,33.6677527642214,33.6677527642214,3,0,45
10539397,215,30/03/2020 00:00:00,30-Mar-2020 07:34:34,30-Mar-2020 14:28:06,40.9567110626306,590.4,72,14.4,06:53:32,3.4417,4.66355013550135,45.620261198132,33.6677527642214,33.6677527642214,4,0,45
10539404,215,30/03/2020 00:00:00,30-Mar-2020 07:44:59,30-Mar-2020 14:38:31,40.9567110626306,590.4,72,14.4,06:53:32,3.4417,4.66355013550135,45.620261198132,33.6677527642214,33.6677527642214,5,0,45
10539403,215,30/03/2020 00:00:00,30-Mar-2020 08:29:04,30-Mar-2020 15:22:36,40.9567110626306,590.4,72,14.4,06:53:32,3.4417,4.66355013550135,45.620261198132,33.6677527642214,33.6677527642214,6,0,45
10539399,215,30/03/2020 00:00:00,30-Mar-2020 08:30:24,30-Mar-2020 15:23:56,40.9567110626306,590.4,72,14.4,06:53:32,3.4417,4.66355013550135,45.620261198132,33.6677527642214,33.6677527642214,7,0,45
10539398,215,30/03/2020 00:00:00,30-Mar-2020 08:30:31,30-Mar-2020 15:24:03,40.9567110626306,590.4,72,14.4,06:53:32,3.4417,4.66355013550135,45.620261198132,33.6677527642214,33.6677527642214,8,0,45
10539407,215,31/03/2020 00:00:00,31-Mar-2020 06:54:45,31-Mar-2020 13:48:17,40.9567110626306,590.4,72,14.4,06:53:32,3.4417,4.66355013550135,45.620261198132,33.6677527642214,33.6677527642214,1,0,45
10539405,215,31/03/2020 00:00:00,31-Mar-2020 06:55:07,31-Mar-2020 13:48:39,40.9567110626306,590.4,72,14.4,06:53:32,3.4417,4.66355013550135,45.620261198132,33.6677527642214,33.6677527642214,2,0,45
10539406,215,31/03/2020 00:00:00,31-Mar-2020 08:07:20,31-Mar-2020 15:00:52,40.9567110626306,590.4,72,14.4,06:53:32,3.4417,4.66355013550135,45.620261198132,33.6677527642214,33.6677527642214,3,0,45
10539408,215,31/03/2020 00:00:00,31-Mar-2020 08:32:25,31-Mar-2020 15:25:58,40.9567110626306,590.4,72,14.4,06:53:33,3.4417,4.66355013550135,45.620261198132,33.6677527642214,33.6677527642214,4,0,45
10539409,215,31/03/2020 00:00:00,31-Mar-2020 08:36:54,31-Mar-2020 15:30:26,40.9567110626306,590.4,72,14.4,06:53:32,3.4417,4.66355013550135,45.620261198132,33.6677527642214,33.6677527642214,5,0,45
10539410,215,31/03/2020 00:00:00,31-Mar-2020 08:47:46,31-Mar-2020 15:41:18,40.9567110626306,590.4,72,14.4,06:53:32,3.4417,4.66355013550135,45.620261198132,33.6677527642214,33.6677527642214,6,0,45
10539414,215,01/04/2020 00:00:00,01-Apr-2020 06:44:44,01-Apr-2020 13:38:16,40.9567110626306,590.4,72,14.4,06:53:32,3.4417,4.66355013550135,45.620261198132,33.6677527642214,33.6677527642214,1,0,45
10539417,215,01/04/2020 00:00:00,01-Apr-2020 07:55:02,01-Apr-2020 14:48:34,40.9567110626306,590.4,72,14.4,06:53:32,3.4417,4.66355013550135,45.620261198132,33.6677527642214,33.6677527642214,2,0,45
10539416,215,01/04/2020 00:00:00,01-Apr-2020 07:59:44,01-Apr-2020 14:53:16,40.9567110626306,590.4,72,14.4,06:53:32,3.4417,4.66355013550135,45.620261198132,33.6677527642214,33.6677527642214,3,0,45
10539413,215,01/04/2020 00:00:00,01-Apr-2020 08:42:11,01-Apr-2020 15:35:44,40.9567110626306,590.4,72,14.4,06:53:33,3.4417,4.66355013550135,45.620261198132,33.6677527642214,33.6677527642214,4,0,45
10539415,215,01/04/2020 00:00:00,01-Apr-2020 08:47:52,01-Apr-2020 15:41:25,40.9567110626306,590.4,72,14.4,06:53:33,3.4417,4.66355013550135,45.620261198132,33.6677527642214,33.6677527642214,5,0,45
10539411,215,01/04/2020 00:00:00,01-Apr-2020 08:51:15,01-Apr-2020 15:44:48,40.9567110626306,590.4,72,14.4,06:53:32,3.4417,4.66355013550135,45.620261198132,33.6677527642214,33.6677527642214,6,0,45
10539412,215,01/04/2020 00:00:00,01-Apr-2020 09:02:19,01-Apr-2020 15:55:51,40.9567110626306,590.4,72,14.4,06:53:32,3.4417,4.66355013550135,45.620261198132,33.6677527642214,33.6677527642214,7,0,45
10539418,215,02/04/2020 00:00:00,02-Apr-2020 06:50:12,02-Apr-2020 13:30:59,38.7348381118795,590.4,72,14.4,06:40:46,3.3333,4.51666666666667,43.2515047785462,31.9196105265671,31.9196105265671,1,0,45
10539419,215,02/04/2020 00:00:00,02-Apr-2020 08:26:27,02-Apr-2020 15:07:14,38.7348381118795,590.4,72,14.4,06:40:47,3.3333,4.51666666666667,43.2515047785462,31.9196105265671,31.9196105265671,2,0,45
10539421,215,02/04/2020 00:00:00,02-Apr-2020 08:45:22,02-Apr-2020 15:26:08,38.7348381118795,590.4,72,14.4,06:40:46,3.3333,4.51666666666667,43.2515047785462,31.9196105265671,31.9196105265671,3,0,45
10539422,215,02/04/2020 00:00:00,02-Apr-2020 08:55:57,02-Apr-2020 15:36:44,38.7348381118795,590.4,72,14.4,06:40:47,3.3333,4.51666666666667,43.2515047785462,31.9196105265671,31.9196105265671,4,0,45
10539420,215,02/04/2020 00:00:00,02-Apr-2020 09:20:54,02-Apr-2020 16:01:41,38.7348381118795,590.4,72,14.4,06:40:46,3.3333,4.51666666666667,43.2515047785462,31.9196105265671,31.9196105265671,5,0,45
10539424,215,03/04/2020 00:00:00,03-Apr-2020 06:34:06,03-Apr-2020 13:14:52,38.7348381118795,590.4,72,14.4,06:40:46,3.3333,4.51666666666667,43.2515047785462,31.9196105265671,31.9196105265671,1,0,45
10539426,215,03/04/2020 00:00:00,03-Apr-2020 08:01:46,03-Apr-2020 14:42:32,38.7348381118795,590.4,72,14.4,06:40:46,3.3333,4.51666666666667,43.2515047785462,31.9196105265671,31.9196105265671,2,0,45
10539423,215,03/04/2020 00:00:00,03-Apr-2020 08:29:05,03-Apr-2020 15:09:51,38.7348381118795,590.4,72,14.4,06:40:46,3.3333,4.51666666666667,43.2515047785462,31.9196105265671,31.9196105265671,3,0,45
10539425,215,03/04/2020 00:00:00,03-Apr-2020 09:09:39,03-Apr-2020 15:50:26,38.7348381118795,590.4,72,14.4,06:40:46,3.3333,4.51666666666667,43.2515047785462,31.9196105265671,31.9196105265671,4,0,45
10539427,215,03/04/2020 00:00:00,03-Apr-2020 09:10:46,03-Apr-2020 15:51:32,38.7348381118795,590.4,72,14.4,06:40:46,3.3333,4.51666666666667,43.2515047785462,31.9196105265671,31.9196105265671,5,0,45
10539431,215,04/04/2020 00:00:00,04-Apr-2020 07:49:03,04-Apr-2020 14:29:50,38.7348381118795,590.4,72,14.4,06:40:46,3.3333,4.51666666666667,43.2515047785462,31.9196105265671,31.9196105265671,1,0,45
10539428,215,04/04/2020 00:00:00,04-Apr-2020 08:41:13,04-Apr-2020 15:22:00,38.7348381118795,590.4,72,14.4,06:40:46,3.3333,4.51666666666667,43.2515047785462,31.9196105265671,31.9196105265671,2,0,45
10539432,215,04/04/2020 00:00:00,04-Apr-2020 08:49:38,04-Apr-2020 15:30:25,38.7348381118795,590.4,72,14.4,06:40:46,3.3333,4.51666666666667,43.2515047785462,31.9196105265671,31.9196105265671,3,0,45
10539430,215,04/04/2020 00:00:00,04-Apr-2020 09:03:36,04-Apr-2020 15:44:22,38.7348381118795,590.4,72,14.4,06:40:46,3.3333,4.51666666666667,43.2515047785462,31.9196105265671,31.9196105265671,4,0,45
10539429,215,04/04/2020 00:00:00,04-Apr-2020 09:16:35,04-Apr-2020 15:57:22,38.7348381118795,590.4,72,14.4,06:40:46,3.3333,4.51666666666667,43.2515047785462,31.9196105265671,31.9196105265671,5,0,45
10539437,215,05/04/2020 00:00:00,05-Apr-2020 07:15:16,05-Apr-2020 13:56:02,38.7348381118795,590.4,72,14.4,06:40:46,3.3333,4.51666666666667,43.2515047785462,31.9196105265671,31.9196105265671,1,0,45
10539438,215,05/04/2020 00:00:00,05-Apr-2020 07:47:56,05-Apr-2020 14:28:42,38.7348381118795,590.4,72,14.4,06:40:46,3.3333,4.51666666666667,43.2515047785462,31.9196105265671,31.9196105265671,2,0,45
10539434,215,05/04/2020 00:00:00,05-Apr-2020 07:59:00,05-Apr-2020 14:39:45,38.7348381118795,590.4,72,14.4,06:40:46,3.3333,4.51666666666667,43.2515047785462,31.9196105265671,31.9196105265671,3,0,45
10539439,215,05/04/2020 00:00:00,05-Apr-2020 08:02:20,05-Apr-2020 14:43:05,38.7348381118795,590.4,72,14.4,06:40:46,3.3333,4.51666666666667,43.2515047785462,31.9196105265671,31.9196105265671,4,0,45
10539436,215,05/04/2020 00:00:00,05-Apr-2020 08:47:02,05-Apr-2020 15:27:48,38.7348381118795,590.4,72,14.4,06:40:46,3.3333,4.51666666666667,43.2515047785462,31.9196105265671,31.9196105265671,5,0,45
10539433,215,05/04/2020 00:00:00,05-Apr-2020 08:57:47,05-Apr-2020 15:38:34,38.7348381118795,590.4,72,14.4,06:40:46,3.3333,4.51666666666667,43.2515047785462,31.9196105265671,31.9196105265671,6,0,45
10539435,215,05/04/2020 00:00:00,05-Apr-2020 09:27:27,05-Apr-2020 16:08:14,38.7348381118795,590.4,72,14.4,06:40:46,3.3333,4.51666666666667,43.2515047785462,31.9196105265671,31.9196105265671,7,0,45
10539440,215,05/04/2020 00:00:00,05-Apr-2020 09:28:08,05-Apr-2020 16:08:53,38.7348381118795,590.4,72,14.4,06:40:46,3.3333,4.51666666666667,43.2515047785462,31.9196105265671,31.9196105265671,8,0,45
10539441,215,06/04/2020 00:00:00,06-Apr-2020 06:42:08,06-Apr-2020 13:22:54,38.7348381118795,590.4,72,14.4,06:40:46,3.3333,4.51666666666667,43.2515047785462,31.9196105265671,31.9196105265671,1,0,45
10539442,215,06/04/2020 00:00:00,06-Apr-2020 07:07:06,06-Apr-2020 13:47:52,38.7348381118795,590.4,72,14.4,06:40:46,3.3333,4.51666666666667,43.2515047785462,31.9196105265671,31.9196105265671,2,0,45
10539446,215,06/04/2020 00:00:00,06-Apr-2020 07:31:20,06-Apr-2020 14:12:06,38.7348381118795,590.4,72,14.4,06:40:46,3.3333,4.51666666666667,43.2515047785462,31.9196105265671,31.9196105265671,3,0,45
10539445,215,06/04/2020 00:00:00,06-Apr-2020 08:37:56,06-Apr-2020 15:18:41,38.7348381118795,590.4,72,14.4,06:40:46,3.3333,4.51666666666667,43.2515047785462,31.9196105265671,31.9196105265671,4,0,45
10539444,215,06/04/2020 00:00:00,06-Apr-2020 08:38:58,06-Apr-2020 15:19:45,38.7348381118795,590.4,72,14.4,06:40:47,3.3333,4.51666666666667,43.2515047785462,31.9196105265671,31.9196105265671,5,0,45
10539447,215,06/04/2020 00:00:00,06-Apr-2020 09:06:04,06-Apr-2020 15:46:50,38.7348381118795,590.4,72,14.4,06:40:46,3.3333,4.51666666666667,43.2515047785462,31.9196105265671,31.9196105265671,6,0,45
10539443,215,06/04/2020 00:00:00,06-Apr-2020 09:11:15,06-Apr-2020 15:52:01,38.7348381118795,590.4,72,14.4,06:40:46,3.3333,4.51666666666667,43.2515047785462,31.9196105265671,31.9196105265671,7,0,45
10539448,215,07/04/2020 00:00:00,07-Apr-2020 06:35:29,07-Apr-2020 13:16:16,38.7348381118795,590.4,72,14.4,06:40:46,3.3333,4.51666666666667,43.2515047785462,31.9196105265671,31.9196105265671,1,0,45
10539452,215,07/04/2020 00:00:00,07-Apr-2020 06:52:36,07-Apr-2020 13:33:21,38.7348381118795,590.4,72,14.4,06:40:46,3.3333,4.51666666666667,43.2515047785462,31.9196105265671,31.9196105265671,2,0,45
10539450,215,07/04/2020 00:00:00,07-Apr-2020 07:08:05,07-Apr-2020 13:48:51,38.7348381118795,590.4,72,14.4,06:40:46,3.3333,4.51666666666667,43.2515047785462,31.9196105265671,31.9196105265671,3,0,45
10539449,215,07/04/2020 00:00:00,07-Apr-2020 08:20:16,07-Apr-2020 15:01:01,38.7348381118795,590.4,72,14.4,06:40:46,3.3333,4.51666666666667,43.2515047785462,31.9196105265671,31.9196105265671,4,0,45
10539453,215,07/04/2020 00:00:00,07-Apr-2020 08:30:58,07-Apr-2020 15:11:45,38.7348381118795,590.4,72,14.4,06:40:46,3.3333,4.51666666666667,43.2515047785462,31.9196105265671,31.9196105265671,5,0,45
10539451,215,07/04/2020 00:00:00,07-Apr-2020 08:32:56,07-Apr-2020 15:13:42,38.7348381118795,590.4,72,14.4,06:40:46,3.3333,4.51666666666667,43.2515047785462,31.9196105265671,31.9196105265671,6,0,45
10539457,215,08/04/2020 00:00:00,08-Apr-2020 06:33:04,08-Apr-2020 13:13:49,38.7348381118795,590.4,72,14.4,06:40:46,3.3333,4.51666666666667,43.2515047785462,31.9196105265671,31.9196105265671,1,0,45
10539456,215,08/04/2020 00:00:00,08-Apr-2020 07:32:30,08-Apr-2020 14:13:17,38.7348381118795,590.4,72,14.4,06:40:46,3.3333,4.51666666666667,43.2515047785462,31.9196105265671,31.9196105265671,2,0,45
10539458,215,08/04/2020 00:00:00,08-Apr-2020 08:25:31,08-Apr-2020 15:06:18,38.7348381118795,590.4,72,14.4,06:40:47,3.3333,4.51666666666667,43.2515047785462,31.9196105265671,31.9196105265671,3,0,45
10539455,215,08/04/2020 00:00:00,08-Apr-2020 08:47:37,08-Apr-2020 15:28:23,38.7348381118795,590.4,72,14.4,06:40:46,3.3333,4.51666666666667,43.2515047785462,31.9196105265671,31.9196105265671,4,0,45
10539459,215,08/04/2020 00:00:00,08-Apr-2020 08:48:45,08-Apr-2020 15:29:33,38.7348381118795,590.4,72,14.4,06:40:47,3.3333,4.51666666666667,43.2515047785462,31.9196105265671,31.9196105265671,5,0,45
10539454,215,08/04/2020 00:00:00,08-Apr-2020 08:51:31,08-Apr-2020 15:32:16,38.7348381118795,590.4,72,14.4,06:40:46,3.3333,4.51666666666667,43.2515047785462,31.9196105265671,31.9196105265671,6,0,45
10539462,215,09/04/2020 00:00:00,09-Apr-2020 06:31:58,09-Apr-2020 13:14:07,41.185563141821,590.4,72,14.4,06:42:09,3.35,4.53929539295393,45.7248585347749,33.7449455986639,33.7449455986639,1,0,45
10539464,215,09/04/2020 00:00:00,09-Apr-2020 06:34:48,09-Apr-2020 13:16:57,41.185563141821,590.4,72,14.4,06:42:09,3.35,4.53929539295393,45.7248585347749,33.7449455986639,33.7449455986639,2,0,45
10539461,215,09/04/2020 00:00:00,09-Apr-2020 06:45:29,09-Apr-2020 13:27:38,41.185563141821,590.4,72,14.4,06:42:09,3.35,4.53929539295393,45.7248585347749,33.7449455986639,33.7449455986639,3,0,45
10539463,215,09/04/2020 00:00:00,09-Apr-2020 08:15:41,09-Apr-2020 14:57:50,41.185563141821,590.4,72,14.4,06:42:09,3.35,4.53929539295393,45.7248585347749,33.7449455986639,33.7449455986639,4,0,45
10539460,215,09/04/2020 00:00:00,09-Apr-2020 08:19:50,09-Apr-2020 15:01:59,41.185563141821,590.4,72,14.4,06:42:09,3.35,4.53929539295393,45.7248585347749,33.7449455986639,33.7449455986639,5,0,45
10539468,215,10/04/2020 00:00:00,10-Apr-2020 06:30:56,10-Apr-2020 13:13:04,41.185563141821,590.4,72,14.4,06:42:08,3.35,4.53929539295393,45.7248585347749,33.7449455986639,33.7449455986639,1,0,45
10539467,215,10/04/2020 00:00:00,10-Apr-2020 07:05:57,10-Apr-2020 13:48:06,41.185563141821,590.4,72,14.4,06:42:09,3.35,4.53929539295393,45.7248585347749,33.7449455986639,33.7449455986639,2,0,45
10539465,215,10/04/2020 00:00:00,10-Apr-2020 07:06:53,10-Apr-2020 13:49:03,41.185563141821,590.4,72,14.4,06:42:09,3.35,4.53929539295393,45.7248585347749,33.7449455986639,33.7449455986639,3,0,45
10539469,215,10/04/2020 00:00:00,10-Apr-2020 08:28:26,10-Apr-2020 15:10:35,41.185563141821,590.4,72,14.4,06:42:09,3.35,4.53929539295393,45.7248585347749,33.7449455986639,33.7449455986639,4,0,45
10539466,215,10/04/2020 00:00:00,10-Apr-2020 08:40:36,10-Apr-2020 15:22:45,41.185563141821,590.4,72,14.4,06:42:09,3.35,4.53929539295393,45.7248585347749,33.7449455986639,33.7449455986639,5,0,45
10539470,215,11/04/2020 00:00:00,11-Apr-2020 07:16:38,11-Apr-2020 13:58:47,41.185563141821,590.4,72,14.4,06:42:09,3.35,4.53929539295393,45.7248585347749,33.7449455986639,33.7449455986639,1,0,45
10539473,215,11/04/2020 00:00:00,11-Apr-2020 07:33:25,11-Apr-2020 14:15:34,41.185563141821,590.4,72,14.4,06:42:09,3.35,4.53929539295393,45.7248585347749,33.7449455986639,33.7449455986639,2,0,45
10539472,215,11/04/2020 00:00:00,11-Apr-2020 07:46:01,11-Apr-2020 14:28:10,41.185563141821,590.4,72,14.4,06:42:09,3.35,4.53929539295393,45.7248585347749,33.7449455986639,33.7449455986639,3,0,45
10539471,215,11/04/2020 00:00:00,11-Apr-2020 08:50:21,11-Apr-2020 15:32:29,41.185563141821,590.4,72,14.4,06:42:08,3.35,4.53929539295393,45.7248585347749,33.7449455986639,33.7449455986639,4,0,45
10539474,215,11/04/2020 00:00:00,11-Apr-2020 09:24:52,11-Apr-2020 16:07:01,41.185563141821,590.4,72,14.4,06:42:09,3.35,4.53929539295393,45.7248585347749,33.7449455986639,33.7449455986639,5,0,45
10539480,215,12/04/2020 00:00:00,12-Apr-2020 06:41:32,12-Apr-2020 13:23:41,41.185563141821,590.4,72,14.4,06:42:09,3.35,4.53929539295393,45.7248585347749,33.7449455986639,33.7449455986639,1,0,45
10539478,215,12/04/2020 00:00:00,12-Apr-2020 06:44:07,12-Apr-2020 13:26:16,41.185563141821,590.4,72,14.4,06:42:09,3.35,4.53929539295393,45.7248585347749,33.7449455986639,33.7449455986639,2,0,45
10539476,215,12/04/2020 00:00:00,12-Apr-2020 07:06:16,12-Apr-2020 13:48:26,41.185563141821,590.4,72,14.4,06:42:09,3.35,4.53929539295393,45.7248585347749,33.7449455986639,33.7449455986639,3,0,45
10539477,215,12/04/2020 00:00:00,12-Apr-2020 07:28:23,12-Apr-2020 14:10:32,41.185563141821,590.4,72,14.4,06:42:09,3.35,4.53929539295393,45.7248585347749,33.7449455986639,33.7449455986639,4,0,45
10539481,215,12/04/2020 00:00:00,12-Apr-2020 07:42:40,12-Apr-2020 14:24:49,41.185563141821,590.4,72,14.4,06:42:09,3.35,4.53929539295393,45.7248585347749,33.7449455986639,33.7449455986639,5,0,45
10539479,215,12/04/2020 00:00:00,12-Apr-2020 07:44:04,12-Apr-2020 14:26:12,41.185563141821,590.4,72,14.4,06:42:08,3.35,4.53929539295393,45.7248585347749,33.7449455986639,33.7449455986639,6,0,45
10539475,215,12/04/2020 00:00:00,12-Apr-2020 07:59:31,12-Apr-2020 14:41:40,41.185563141821,590.4,72,14.4,06:42:09,3.35,4.53929539295393,45.7248585347749,33.7449455986639,33.7449455986639,7,0,45
10539487,215,13/04/2020 00:00:00,13-Apr-2020 06:56:28,13-Apr-2020 13:38:37,41.185563141821,590.4,72,14.4,06:42:09,3.35,4.53929539295393,45.7248585347749,33.7449455986639,33.7449455986639,1,0,45
10539484,215,13/04/2020 00:00:00,13-Apr-2020 06:59:18,13-Apr-2020 13:41:27,41.185563141821,590.4,72,14.4,06:42:09,3.35,4.53929539295393,45.7248585347749,33.7449455986639,33.7449455986639,2,0,45
10539482,215,13/04/2020 00:00:00,13-Apr-2020 07:33:28,13-Apr-2020 14:15:37,41.185563141821,590.4,72,14.4,06:42:08,3.35,4.53929539295393,45.7248585347749,33.7449455986639,33.7449455986639,3,0,45
10539485,215,13/04/2020 00:00:00,13-Apr-2020 07:38:58,13-Apr-2020 14:21:07,41.185563141821,590.4,72,14.4,06:42:09,3.35,4.53929539295393,45.7248585347749,33.7449455986639,33.7449455986639,4,0,45
10539486,215,13/04/2020 00:00:00,13-Apr-2020 08:01:48,13-Apr-2020 14:43:57,41.185563141821,590.4,72,14.4,06:42:09,3.35,4.53929539295393,45.7248585347749,33.7449455986639,33.7449455986639,5,0,45
10539488,215,13/04/2020 00:00:00,13-Apr-2020 08:22:55,13-Apr-2020 15:05:04,41.185563141821,590.4,72,14.4,06:42:09,3.35,4.53929539295393,45.7248585347749,33.7449455986639,33.7449455986639,6,0,45
10539483,215,13/04/2020 00:00:00,13-Apr-2020 09:07:01,13-Apr-2020 15:49:10,41.185563141821,590.4,72,14.4,06:42:09,3.35,4.53929539295393,45.7248585347749,33.7449455986639,33.7449455986639,7,0,45
10539489,215,14/04/2020 00:00:00,14-Apr-2020 06:36:48,14-Apr-2020 13:18:56,41.185563141821,590.4,72,14.4,06:42:08,3.35,4.53929539295393,45.7248585347749,33.7449455986639,33.7449455986639,1,0,45
10539491,215,14/04/2020 00:00:00,14-Apr-2020 06:55:37,14-Apr-2020 13:37:45,41.185563141821,590.4,72,14.4,06:42:08,3.35,4.53929539295393,45.7248585347749,33.7449455986639,33.7449455986639,2,0,45
10539493,215,14/04/2020 00:00:00,14-Apr-2020 07:29:21,14-Apr-2020 14:11:30,41.185563141821,590.4,72,14.4,06:42:09,3.35,4.53929539295393,45.7248585347749,33.7449455986639,33.7449455986639,3,0,45
10539490,215,14/04/2020 00:00:00,14-Apr-2020 07:31:44,14-Apr-2020 14:13:53,41.185563141821,590.4,72,14.4,06:42:09,3.35,4.53929539295393,45.7248585347749,33.7449455986639,33.7449455986639,4,0,45
10539494,215,14/04/2020 00:00:00,14-Apr-2020 07:33:29,14-Apr-2020 14:15:38,41.185563141821,590.4,72,14.4,06:42:09,3.35,4.53929539295393,45.7248585347749,33.7449455986639,33.7449455986639,5,0,45
10539492,215,14/04/2020 00:00:00,14-Apr-2020 08:16:38,14-Apr-2020 14:58:47,41.185563141821,590.4,72,14.4,06:42:09,3.35,4.53929539295393,45.7248585347749,33.7449455986639,33.7449455986639,6,0,45
10539496,215,15/04/2020 00:00:00,15-Apr-2020 06:30:38,15-Apr-2020 13:12:47,41.185563141821,590.4,72,14.4,06:42:09,3.35,4.53929539295393,45.7248585347749,33.7449455986639,33.7449455986639,1,0,45
10539497,215,15/04/2020 00:00:00,15-Apr-2020 06:46:47,15-Apr-2020 13:28:55,41.185563141821,590.4,72,14.4,06:42:09,3.35,4.53929539295393,45.7248585347749,33.7449455986639,33.7449455986639,2,0,45
10539499,215,15/04/2020 00:00:00,15-Apr-2020 07:03:47,15-Apr-2020 13:45:55,41.185563141821,590.4,72,14.4,06:42:08,3.35,4.53929539295393,45.7248585347749,33.7449455986639,33.7449455986639,3,0,45
10539498,215,15/04/2020 00:00:00,15-Apr-2020 07:42:26,15-Apr-2020 14:24:35,41.185563141821,590.4,72,14.4,06:42:09,3.35,4.53929539295393,45.7248585347749,33.7449455986639,33.7449455986639,4,0,45
10539500,215,15/04/2020 00:00:00,15-Apr-2020 08:27:59,15-Apr-2020 15:10:09,41.185563141821,590.4,72,14.4,06:42:09,3.35,4.53929539295393,45.7248585347749,33.7449455986639,33.7449455986639,5,0,45
10539495,215,15/04/2020 00:00:00,15-Apr-2020 08:58:17,15-Apr-2020 15:40:26,41.185563141821,590.4,72,14.4,06:42:09,3.35,4.53929539295393,45.7248585347749,33.7449455986639,33.7449455986639,6,0,45
10539504,215,16/04/2020 00:00:00,16-Apr-2020 06:43:28,16-Apr-2020 13:32:30,38.6801656237678,590.4,72,14.4,06:49:03,3.4083,4.61829268292683,43.2984583066946,31.9542622303406,31.9542622303406,1,0,45
10539505,215,16/04/2020 00:00:00,16-Apr-2020 07:14:49,16-Apr-2020 14:03:53,38.6801656237678,590.4,72,14.4,06:49:03,3.4083,4.61829268292683,43.2984583066946,31.9542622303406,31.9542622303406,2,0,45
10539503,215,16/04/2020 00:00:00,16-Apr-2020 08:08:01,16-Apr-2020 14:57:03,38.6801656237678,590.4,72,14.4,06:49:03,3.4083,4.61829268292683,43.2984583066946,31.9542622303406,31.9542622303406,3,0,45
10539502,215,16/04/2020 00:00:00,16-Apr-2020 08:24:58,16-Apr-2020 15:13:59,38.6801656237678,590.4,72,14.4,06:49:02,3.4083,4.61829268292683,43.2984583066946,31.9542622303406,31.9542622303406,4,0,45
10539501,215,16/04/2020 00:00:00,16-Apr-2020 08:53:01,16-Apr-2020 15:42:03,38.6801656237678,590.4,72,14.4,06:49:03,3.4083,4.61829268292683,43.2984583066946,31.9542622303406,31.9542622303406,5,0,45
10539509,215,17/04/2020 00:00:00,17-Apr-2020 06:52:32,17-Apr-2020 13:41:35,38.6801656237678,590.4,72,14.4,06:49:03,3.4083,4.61829268292683,43.2984583066946,31.9542622303406,31.9542622303406,1,0,45
10539506,215,17/04/2020 00:00:00,17-Apr-2020 07:13:40,17-Apr-2020 14:02:42,38.6801656237678,590.4,72,14.4,06:49:02,3.4083,4.61829268292683,43.2984583066946,31.9542622303406,31.9542622303406,2,0,45
10539510,215,17/04/2020 00:00:00,17-Apr-2020 07:44:57,17-Apr-2020 14:33:59,38.6801656237678,590.4,72,14.4,06:49:02,3.4083,4.61829268292683,43.2984583066946,31.9542622303406,31.9542622303406,3,0,45
10539508,215,17/04/2020 00:00:00,17-Apr-2020 07:48:09,17-Apr-2020 14:37:11,38.6801656237678,590.4,72,14.4,06:49:02,3.4083,4.61829268292683,43.2984583066946,31.9542622303406,31.9542622303406,4,0,45
10539507,215,17/04/2020 00:00:00,17-Apr-2020 08:44:27,17-Apr-2020 15:33:30,38.6801656237678,590.4,72,14.4,06:49:02,3.4083,4.61829268292683,43.2984583066946,31.9542622303406,31.9542622303406,5,0,45
10539516,215,18/04/2020 00:00:00,18-Apr-2020 06:40:32,18-Apr-2020 13:29:34,38.6801656237678,590.4,72,14.4,06:49:02,3.4083,4.61829268292683,43.2984583066946,31.9542622303406,31.9542622303406,1,0,45
10539512,215,18/04/2020 00:00:00,18-Apr-2020 07:39:07,18-Apr-2020 14:28:10,38.6801656237678,590.4,72,14.4,06:49:03,3.4083,4.61829268292683,43.2984583066946,31.9542622303406,31.9542622303406,2,0,45
10539514,215,18/04/2020 00:00:00,18-Apr-2020 08:20:03,18-Apr-2020 15:09:05,38.6801656237678,590.4,72,14.4,06:49:02,3.4083,4.61829268292683,43.2984583066946,31.9542622303406,31.9542622303406,3,0,45
10539511,215,18/04/2020 00:00:00,18-Apr-2020 08:29:43,18-Apr-2020 15:18:46,38.6801656237678,590.4,72,14.4,06:49:02,3.4083,4.61829268292683,43.2984583066946,31.9542622303406,31.9542622303406,4,0,45
10539515,215,18/04/2020 00:00:00,18-Apr-2020 08:44:44,18-Apr-2020 15:33:45,38.6801656237678,590.4,72,14.4,06:49:02,3.4083,4.61829268292683,43.2984583066946,31.9542622303406,31.9542622303406,5,0,45
10539513,215,18/04/2020 00:00:00,18-Apr-2020 09:07:51,18-Apr-2020 15:56:53,38.6801656237678,590.4,72,14.4,06:49:02,3.4083,4.61829268292683,43.2984583066946,31.9542622303406,31.9542622303406,6,0,45
10539521,215,19/04/2020 00:00:00,19-Apr-2020 06:53:14,19-Apr-2020 13:42:16,38.6801656237678,590.4,72,14.4,06:49:03,3.4083,4.61829268292683,43.2984583066946,31.9542622303406,31.9542622303406,1,0,45
10539520,215,19/04/2020 00:00:00,19-Apr-2020 06:53:32,19-Apr-2020 13:42:35,38.6801656237678,590.4,72,14.4,06:49:02,3.4083,4.61829268292683,43.2984583066946,31.9542622303406,31.9542622303406,2,0,45
10539519,215,19/04/2020 00:00:00,19-Apr-2020 07:03:34,19-Apr-2020 13:52:38,38.6801656237678,590.4,72,14.4,06:49:03,3.4083,4.61829268292683,43.2984583066946,31.9542622303406,31.9542622303406,3,0,45
10539518,215,19/04/2020 00:00:00,19-Apr-2020 08:05:52,19-Apr-2020 14:54:55,38.6801656237678,590.4,72,14.4,06:49:03,3.4083,4.61829268292683,43.2984583066946,31.9542622303406,31.9542622303406,4,0,45
10539524,215,19/04/2020 00:00:00,19-Apr-2020 08:31:18,19-Apr-2020 15:20:20,38.6801656237678,590.4,72,14.4,06:49:02,3.4083,4.61829268292683,43.2984583066946,31.9542622303406,31.9542622303406,5,0,45
10539522,215,19/04/2020 00:00:00,19-Apr-2020 09:04:58,19-Apr-2020 15:54:02,38.6801656237678,590.4,72,14.4,06:49:03,3.4083,4.61829268292683,43.2984583066946,31.9542622303406,31.9542622303406,6,0,45
10539523,215,19/04/2020 00:00:00,19-Apr-2020 09:10:20,19-Apr-2020 15:59:22,38.6801656237678,590.4,72,14.4,06:49:03,3.4083,4.61829268292683,43.2984583066946,31.9542622303406,31.9542622303406,7,0,45
10539517,215,19/04/2020 00:00:00,19-Apr-2020 09:20:52,19-Apr-2020 16:09:54,38.6801656237678,590.4,72,14.4,06:49:02,3.4083,4.61829268292683,43.2984583066946,31.9542622303406,31.9542622303406,8,0,45
10539529,215,20/04/2020 00:00:00,20-Apr-2020 06:45:05,20-Apr-2020 13:34:08,38.6801656237678,590.4,72,14.4,06:49:03,3.4083,4.61829268292683,43.2984583066946,31.9542622303406,31.9542622303406,1,0,45
10539531,215,20/04/2020 00:00:00,20-Apr-2020 07:01:18,20-Apr-2020 13:50:21,38.6801656237678,590.4,72,14.4,06:49:03,3.4083,4.61829268292683,43.2984583066946,31.9542622303406,31.9542622303406,2,0,45
10539528,215,20/04/2020 00:00:00,20-Apr-2020 07:22:28,20-Apr-2020 14:11:31,38.6801656237678,590.4,72,14.4,06:49:03,3.4083,4.61829268292683,43.2984583066946,31.9542622303406,31.9542622303406,3,0,45
10539525,215,20/04/2020 00:00:00,20-Apr-2020 07:40:21,20-Apr-2020 14:29:24,38.6801656237678,590.4,72,14.4,06:49:03,3.4083,4.61829268292683,43.2984583066946,31.9542622303406,31.9542622303406,4,0,45
10539530,215,20/04/2020 00:00:00,20-Apr-2020 07:51:09,20-Apr-2020 14:40:12,38.6801656237678,590.4,72,14.4,06:49:02,3.4083,4.61829268292683,43.2984583066946,31.9542622303406,31.9542622303406,5,0,45
10539527,215,20/04/2020 00:00:00,20-Apr-2020 08:03:22,20-Apr-2020 14:52:24,38.6801656237678,590.4,72,14.4,06:49:02,3.4083,4.61829268292683,43.2984583066946,31.9542622303406,31.9542622303406,6,0,45
10539526,215,20/04/2020 00:00:00,20-Apr-2020 09:28:12,20-Apr-2020 16:17:16,38.6801656237678,590.4,72,14.4,06:49:03,3.4083,4.61829268292683,43.2984583066946,31.9542622303406,31.9542622303406,7,0,45
10539535,215,21/04/2020 00:00:00,21-Apr-2020 06:55:20,21-Apr-2020 13:44:21,38.6801656237678,590.4,72,14.4,06:49:02,3.4083,4.61829268292683,43.2984583066946,31.9542622303406,31.9542622303406,1,0,45
10539536,215,21/04/2020 00:00:00,21-Apr-2020 08:19:30,21-Apr-2020 15:08:32,38.6801656237678,590.4,72,14.4,06:49:03,3.4083,4.61829268292683,43.2984583066946,31.9542622303406,31.9542622303406,2,0,45
10539533,215,21/04/2020 00:00:00,21-Apr-2020 08:25:04,21-Apr-2020 15:14:06,38.6801656237678,590.4,72,14.4,06:49:02,3.4083,4.61829268292683,43.2984583066946,31.9542622303406,31.9542622303406,3,0,45
10539532,215,21/04/2020 00:00:00,21-Apr-2020 08:58:46,21-Apr-2020 15:47:50,38.6801656237678,590.4,72,14.4,06:49:03,3.4083,4.61829268292683,43.2984583066946,31.9542622303406,31.9542622303406,4,0,45
10539534,215,21/04/2020 00:00:00,21-Apr-2020 09:00:16,21-Apr-2020 15:49:20,38.6801656237678,590.4,72,14.4,06:49:03,3.4083,4.61829268292683,43.2984583066946,31.9542622303406,31.9542622303406,5,0,45
10539537,215,21/04/2020 00:00:00,21-Apr-2020 09:03:21,21-Apr-2020 15:52:24,38.6801656237678,590.4,72,14.4,06:49:03,3.4083,4.61829268292683,43.2984583066946,31.9542622303406,31.9542622303406,6,0,45
10539539,215,22/04/2020 00:00:00,22-Apr-2020 07:52:01,22-Apr-2020 14:41:05,38.6801656237678,590.4,72,14.4,06:49:03,3.4083,4.61829268292683,43.2984583066946,31.9542622303406,31.9542622303406,1,0,45
10539540,215,22/04/2020 00:00:00,22-Apr-2020 08:11:33,22-Apr-2020 15:00:36,38.6801656237678,590.4,72,14.4,06:49:03,3.4083,4.61829268292683,43.2984583066946,31.9542622303406,31.9542622303406,2,0,45
10539541,215,22/04/2020 00:00:00,22-Apr-2020 08:22:15,22-Apr-2020 15:11:18,38.6801656237678,590.4,72,14.4,06:49:03,3.4083,4.61829268292683,43.2984583066946,31.9542622303406,31.9542622303406,3,0,45
10539538,215,22/04/2020 00:00:00,22-Apr-2020 08:41:58,22-Apr-2020 15:31:02,38.6801656237678,590.4,72,14.4,06:49:03,3.4083,4.61829268292683,43.2984583066946,31.9542622303406,31.9542622303406,4,0,45
10539543,215,22/04/2020 00:00:00,22-Apr-2020 08:45:14,22-Apr-2020 15:34:15,38.6801656237678,590.4,72,14.4,06:49:02,3.4083,4.61829268292683,43.2984583066946,31.9542622303406,31.9542622303406,5,0,45
10539542,215,22/04/2020 00:00:00,22-Apr-2020 09:29:48,22-Apr-2020 16:18:51,38.6801656237678,590.4,72,14.4,06:49:03,3.4083,4.61829268292683,43.2984583066946,31.9542622303406,31.9542622303406,6,0,45
10539548,215,23/04/2020 00:00:00,23-Apr-2020 06:36:32,23-Apr-2020 13:49:02,42.7237700176891,590.4,72,14.4,07:12:30,3.6,4.8780487804878,47.6018187981769,35.1301422730546,35.1301422730546,1,0,45
10539545,215,23/04/2020 00:00:00,23-Apr-2020 06:49:51,23-Apr-2020 14:02:23,42.7237700176891,590.4,72,14.4,07:12:31,3.6,4.8780487804878,47.6018187981769,35.1301422730546,35.1301422730546,2,0,45
10539547,215,23/04/2020 00:00:00,23-Apr-2020 07:40:27,23-Apr-2020 14:52:57,42.7237700176891,590.4,72,14.4,07:12:30,3.6,4.8780487804878,47.6018187981769,35.1301422730546,35.1301422730546,3,0,45
10539546,215,23/04/2020 00:00:00,23-Apr-2020 08:40:12,23-Apr-2020 15:52:43,42.7237700176891,590.4,72,14.4,07:12:31,3.6,4.8780487804878,47.6018187981769,35.1301422730546,35.1301422730546,4,0,45
10539544,215,23/04/2020 00:00:00,23-Apr-2020 09:27:52,23-Apr-2020 16:40:22,42.7237700176891,590.4,72,14.4,07:12:30,3.6,4.8780487804878,47.6018187981769,35.1301422730546,35.1301422730546,5,0,45
10539549,215,24/04/2020 00:00:00,24-Apr-2020 06:39:27,24-Apr-2020 13:51:58,42.7237700176891,590.4,72,14.4,07:12:31,3.6,4.8780487804878,47.6018187981769,35.1301422730546,35.1301422730546,1,0,45
10539550,215,24/04/2020 00:00:00,24-Apr-2020 07:09:15,24-Apr-2020 14:21:47,42.7237700176891,590.4,72,14.4,07:12:31,3.6,4.8780487804878,47.6018187981769,35.1301422730546,35.1301422730546,2,0,45
10539551,215,24/04/2020 00:00:00,24-Apr-2020 07:50:09,24-Apr-2020 15:02:39,42.7237700176891,590.4,72,14.4,07:12:30,3.6,4.8780487804878,47.6018187981769,35.1301422730546,35.1301422730546,3,0,45
10539552,215,24/04/2020 00:00:00,24-Apr-2020 08:05:23,24-Apr-2020 15:17:55,42.7237700176891,590.4,72,14.4,07:12:31,3.6,4.8780487804878,47.6018187981769,35.1301422730546,35.1301422730546,4,0,45
10539553,215,25/04/2020 00:00:00,25-Apr-2020 06:56:11,25-Apr-2020 14:08:41,42.7237700176891,590.4,72,14.4,07:12:30,3.6,4.8780487804878,47.6018187981769,35.1301422730546,35.1301422730546,1,0,45
10539554,215,25/04/2020 00:00:00,25-Apr-2020 07:36:26,25-Apr-2020 14:48:57,42.7237700176891,590.4,72,14.4,07:12:30,3.6,4.8780487804878,47.6018187981769,35.1301422730546,35.1301422730546,2,0,45
10539555,215,25/04/2020 00:00:00,25-Apr-2020 07:48:03,25-Apr-2020 15:00:33,42.7237700176891,590.4,72,14.4,07:12:30,3.6,4.8780487804878,47.6018187981769,35.1301422730546,35.1301422730546,3,0,45
10539556,215,25/04/2020 00:00:00,25-Apr-2020 08:18:58,25-Apr-2020 15:31:28,42.7237700176891,590.4,72,14.4,07:12:30,3.6,4.8780487804878,47.6018187981769,35.1301422730546,35.1301422730546,4,0,45
10539557,215,25/04/2020 00:00:00,25-Apr-2020 08:26:30,25-Apr-2020 15:39:02,42.7237700176891,590.4,72,14.4,07:12:31,3.6,4.8780487804878,47.6018187981769,35.1301422730546,35.1301422730546,5,0,45
10539563,215,26/04/2020 00:00:00,26-Apr-2020 06:39:52,26-Apr-2020 13:52:23,42.7237700176891,590.4,72,14.4,07:12:31,3.6,4.8780487804878,47.6018187981769,35.1301422730546,35.1301422730546,1,0,45
10539560,215,26/04/2020 00:00:00,26-Apr-2020 07:23:35,26-Apr-2020 14:36:05,42.7237700176891,590.4,72,14.4,07:12:30,3.6,4.8780487804878,47.6018187981769,35.1301422730546,35.1301422730546,2,0,45
10539561,215,26/04/2020 00:00:00,26-Apr-2020 07:30:16,26-Apr-2020 14:42:47,42.7237700176891,590.4,72,14.4,07:12:30,3.6,4.8780487804878,47.6018187981769,35.1301422730546,35.1301422730546,3,0,45
10539558,215,26/04/2020 00:00:00,26-Apr-2020 07:54:41,26-Apr-2020 15:07:11,42.7237700176891,590.4,72,14.4,07:12:31,3.6,4.8780487804878,47.6018187981769,35.1301422730546,35.1301422730546,4,0,45
10539559,215,26/04/2020 00:00:00,26-Apr-2020 08:41:01,26-Apr-2020 15:53:31,42.7237700176891,590.4,72,14.4,07:12:30,3.6,4.8780487804878,47.6018187981769,35.1301422730546,35.1301422730546,5,0,45
10539562,215,26/04/2020 00:00:00,26-Apr-2020 08:52:21,26-Apr-2020 16:04:53,42.7237700176891,590.4,72,14.4,07:12:31,3.6,4.8780487804878,47.6018187981769,35.1301422730546,35.1301422730546,6,0,45
10539564,215,26/04/2020 00:00:00,26-Apr-2020 08:56:10,26-Apr-2020 16:08:42,42.7237700176891,590.4,72,14.4,07:12:31,3.6,4.8780487804878,47.6018187981769,35.1301422730546,35.1301422730546,7,0,45
10539566,215,27/04/2020 00:00:00,27-Apr-2020 06:37:18,27-Apr-2020 13:49:48,42.7237700176891,590.4,72,14.4,07:12:31,3.6,4.8780487804878,47.6018187981769,35.1301422730546,35.1301422730546,1,0,45
10539570,215,27/04/2020 00:00:00,27-Apr-2020 07:47:59,27-Apr-2020 15:00:30,42.7237700176891,590.4,72,14.4,07:12:31,3.6,4.8780487804878,47.6018187981769,35.1301422730546,35.1301422730546,2,0,45
10539567,215,27/04/2020 00:00:00,27-Apr-2020 07:50:32,27-Apr-2020 15:03:03,42.7237700176891,590.4,72,14.4,07:12:30,3.6,4.8780487804878,47.6018187981769,35.1301422730546,35.1301422730546,3,0,45
10539565,215,27/04/2020 00:00:00,27-Apr-2020 08:23:20,27-Apr-2020 15:35:51,42.7237700176891,590.4,72,14.4,07:12:31,3.6,4.8780487804878,47.6018187981769,35.1301422730546,35.1301422730546,4,0,45
10539568,215,27/04/2020 00:00:00,27-Apr-2020 08:51:33,27-Apr-2020 16:04:03,42.7237700176891,590.4,72,14.4,07:12:31,3.6,4.8780487804878,47.6018187981769,35.1301422730546,35.1301422730546,5,0,45
10539569,215,27/04/2020 00:00:00,27-Apr-2020 09:11:49,27-Apr-2020 16:24:19,42.7237700176891,590.4,72,14.4,07:12:30,3.6,4.8780487804878,47.6018187981769,35.1301422730546,35.1301422730546,6,0,45
10539571,215,27/04/2020 00:00:00,27-Apr-2020 09:18:47,27-Apr-2020 16:31:18,42.7237700176891,590.4,72,14.4,07:12:31,3.6,4.8780487804878,47.6018187981769,35.1301422730546,35.1301422730546,7,0,45
10539572,215,28/04/2020 00:00:00,28-Apr-2020 06:43:12,28-Apr-2020 13:55:43,42.7237700176891,590.4,72,14.4,07:12:31,3.6,4.8780487804878,47.6018187981769,35.1301422730546,35.1301422730546,1,0,45
10539575,215,28/04/2020 00:00:00,28-Apr-2020 07:23:48,28-Apr-2020 14:36:17,42.7237700176891,590.4,72,14.4,07:12:30,3.6,4.8780487804878,47.6018187981769,35.1301422730546,35.1301422730546,2,0,45
10539573,215,28/04/2020 00:00:00,28-Apr-2020 07:46:46,28-Apr-2020 14:59:16,42.7237700176891,590.4,72,14.4,07:12:31,3.6,4.8780487804878,47.6018187981769,35.1301422730546,35.1301422730546,3,0,45
10539574,215,28/04/2020 00:00:00,28-Apr-2020 08:00:11,28-Apr-2020 15:12:42,42.7237700176891,590.4,72,14.4,07:12:30,3.6,4.8780487804878,47.6018187981769,35.1301422730546,35.1301422730546,4,0,45
10539576,215,28/04/2020 00:00:00,28-Apr-2020 09:17:05,28-Apr-2020 16:29:36,42.7237700176891,590.4,72,14.4,07:12:30,3.6,4.8780487804878,47.6018187981769,35.1301422730546,35.1301422730546,5,0,45
10539578,215,29/04/2020 00:00:00,29-Apr-2020 06:51:04,29-Apr-2020 14:03:35,42.7237700176891,590.4,72,14.4,07:12:31,3.6,4.8780487804878,47.6018187981769,35.1301422730546,35.1301422730546,1,0,45
10539579,215,29/04/2020 00:00:00,29-Apr-2020 07:58:41,29-Apr-2020 15:11:13,42.7237700176891,590.4,72,14.4,07:12:31,3.6,4.8780487804878,47.6018187981769,35.1301422730546,35.1301422730546,2,0,45
10539582,215,29/04/2020 00:00:00,29-Apr-2020 08:10:33,29-Apr-2020 15:23:03,42.7237700176891,590.4,72,14.4,07:12:30,3.6,4.8780487804878,47.6018187981769,35.1301422730546,35.1301422730546,3,0,45
10539581,215,29/04/2020 00:00:00,29-Apr-2020 09:04:23,29-Apr-2020 16:16:54,42.7237700176891,590.4,72,14.4,07:12:31,3.6,4.8780487804878,47.6018187981769,35.1301422730546,35.1301422730546,4,0,45
10539580,215,29/04/2020 00:00:00,29-Apr-2020 09:08:18,29-Apr-2020 16:20:50,42.7237700176891,590.4,72,14.4,07:12:31,3.6,4.8780487804878,47.6018187981769,35.1301422730546,35.1301422730546,5,0,45
10539577,215,29/04/2020 00:00:00,29-Apr-2020 09:24:51,29-Apr-2020 16:37:22,42.7237700176891,590.4,72,14.4,07:12:30,3.6,4.8780487804878,47.6018187981769,35.1301422730546,35.1301422730546,6,0,45
10539585,215,30/04/2020 00:00:00,30-Apr-2020 07:55:06,30-Apr-2020 14:49:40,39.5780023595272,590.4,72,14.4,06:54:34,3.45,4.67479674796748,44.2527991074947,32.6585657413311,32.6585657413311,1,0,45
10539587,215,30/04/2020 00:00:00,30-Apr-2020 08:05:43,30-Apr-2020 15:00:16,39.5780023595272,590.4,72,14.4,06:54:34,3.45,4.67479674796748,44.2527991074947,32.6585657413311,32.6585657413311,2,0,45
10539583,215,30/04/2020 00:00:00,30-Apr-2020 08:09:03,30-Apr-2020 15:03:36,39.5780023595272,590.4,72,14.4,06:54:34,3.45,4.67479674796748,44.2527991074947,32.6585657413311,32.6585657413311,3,0,45
10539584,215,30/04/2020 00:00:00,30-Apr-2020 08:18:54,30-Apr-2020 15:13:28,39.5780023595272,590.4,72,14.4,06:54:34,3.45,4.67479674796748,44.2527991074947,32.6585657413311,32.6585657413311,4,0,45
10539586,215,30/04/2020 00:00:00,30-Apr-2020 09:04:27,30-Apr-2020 15:59:02,39.5780023595272,590.4,72,14.4,06:54:34,3.45,4.67479674796748,44.2527991074947,32.6585657413311,32.6585657413311,5,0,45
10539588,215,30/04/2020 00:00:00,30-Apr-2020 09:26:29,30-Apr-2020 16:21:04,39.5780023595272,590.4,72,14.4,06:54:34,3.45,4.67479674796748,44.2527991074947,32.6585657413311,32.6585657413311,6,0,45
10539592,215,01/05/2020 00:00:00,01-May-2020 06:31:24,01-May-2020 13:25:59,39.5780023595272,590.4,72,14.4,06:54:34,3.45,4.67479674796748,44.2527991074947,32.6585657413311,32.6585657413311,1,0,45
10539591,215,01/05/2020 00:00:00,01-May-2020 06:31:54,01-May-2020 13:26:28,39.5780023595272,590.4,72,14.4,06:54:34,3.45,4.67479674796748,44.2527991074947,32.6585657413311,32.6585657413311,2,0,45
10539589,215,01/05/2020 00:00:00,01-May-2020 06:57:29,01-May-2020 13:52:02,39.5780023595272,590.4,72,14.4,06:54:34,3.45,4.67479674796748,44.2527991074947,32.6585657413311,32.6585657413311,3,0,45
10539593,215,01/05/2020 00:00:00,01-May-2020 07:18:12,01-May-2020 14:12:46,39.5780023595272,590.4,72,14.4,06:54:34,3.45,4.67479674796748,44.2527991074947,32.6585657413311,32.6585657413311,4,0,45
10539590,215,01/05/2020 00:00:00,01-May-2020 08:00:48,01-May-2020 14:55:23,39.5780023595272,590.4,72,14.4,06:54:34,3.45,4.67479674796748,44.2527991074947,32.6585657413311,32.6585657413311,5,0,45
10539594,215,02/05/2020 00:00:00,02-May-2020 07:32:36,02-May-2020 14:27:10,39.5780023595272,590.4,72,14.4,06:54:34,3.45,4.67479674796748,44.2527991074947,32.6585657413311,32.6585657413311,1,0,45
10539598,215,02/05/2020 00:00:00,02-May-2020 08:05:33,02-May-2020 15:00:07,39.5780023595272,590.4,72,14.4,06:54:34,3.45,4.67479674796748,44.2527991074947,32.6585657413311,32.6585657413311,2,0,45
10539595,215,02/05/2020 00:00:00,02-May-2020 08:09:19,02-May-2020 15:03:54,39.5780023595272,590.4,72,14.4,06:54:34,3.45,4.67479674796748,44.2527991074947,32.6585657413311,32.6585657413311,3,0,45
10539599,215,02/05/2020 00:00:00,02-May-2020 08:55:40,02-May-2020 15:50:15,39.5780023595272,590.4,72,14.4,06:54:35,3.45,4.67479674796748,44.2527991074947,32.6585657413311,32.6585657413311,4,0,45
10539597,215,02/05/2020 00:00:00,02-May-2020 08:57:36,02-May-2020 15:52:10,39.5780023595272,590.4,72,14.4,06:54:34,3.45,4.67479674796748,44.2527991074947,32.6585657413311,32.6585657413311,5,0,45
10539596,215,02/05/2020 00:00:00,02-May-2020 09:02:17,02-May-2020 15:56:51,39.5780023595272,590.4,72,14.4,06:54:34,3.45,4.67479674796748,44.2527991074947,32.6585657413311,32.6585657413311,6,0,45
10539603,215,03/05/2020 00:00:00,03-May-2020 07:06:36,03-May-2020 14:01:10,39.5780023595272,590.4,72,14.4,06:54:35,3.45,4.67479674796748,44.2527991074947,32.6585657413311,32.6585657413311,1,0,45
10539606,215,03/05/2020 00:00:00,03-May-2020 07:11:16,03-May-2020 14:05:51,39.5780023595272,590.4,72,14.4,06:54:35,3.45,4.67479674796748,44.2527991074947,32.6585657413311,32.6585657413311,2,0,45
10539600,215,03/05/2020 00:00:00,03-May-2020 07:15:43,03-May-2020 14:10:17,39.5780023595272,590.4,72,14.4,06:54:34,3.45,4.67479674796748,44.2527991074947,32.6585657413311,32.6585657413311,3,0,45
10539607,215,03/05/2020 00:00:00,03-May-2020 07:45:25,03-May-2020 14:39:59,39.5780023595272,590.4,72,14.4,06:54:34,3.45,4.67479674796748,44.2527991074947,32.6585657413311,32.6585657413311,4,0,45
10539605,215,03/05/2020 00:00:00,03-May-2020 08:25:53,03-May-2020 15:20:27,39.5780023595272,590.4,72,14.4,06:54:34,3.45,4.67479674796748,44.2527991074947,32.6585657413311,32.6585657413311,5,0,45
10539601,215,03/05/2020 00:00:00,03-May-2020 08:46:29,03-May-2020 15:41:03,39.5780023595272,590.4,72,14.4,06:54:34,3.45,4.67479674796748,44.2527991074947,32.6585657413311,32.6585657413311,6,0,45
10539602,215,03/05/2020 00:00:00,03-May-2020 09:10:53,03-May-2020 16:05:27,39.5780023595272,590.4,72,14.4,06:54:34,3.45,4.67479674796748,44.2527991074947,32.6585657413311,32.6585657413311,7,0,45
10539604,215,03/05/2020 00:00:00,03-May-2020 09:11:06,03-May-2020 16:05:39,39.5780023595272,590.4,72,14.4,06:54:34,3.45,4.67479674796748,44.2527991074947,32.6585657413311,32.6585657413311,8,0,45
10539609,215,04/05/2020 00:00:00,04-May-2020 06:38:05,04-May-2020 13:32:39,39.5780023595272,590.4,72,14.4,06:54:34,3.45,4.67479674796748,44.2527991074947,32.6585657413311,32.6585657413311,1,0,45
10539614,215,04/05/2020 00:00:00,04-May-2020 07:09:06,04-May-2020 14:03:39,39.5780023595272,590.4,72,14.4,06:54:34,3.45,4.67479674796748,44.2527991074947,32.6585657413311,32.6585657413311,2,0,45
10539610,215,04/05/2020 00:00:00,04-May-2020 08:08:23,04-May-2020 15:02:57,39.5780023595272,590.4,72,14.4,06:54:34,3.45,4.67479674796748,44.2527991074947,32.6585657413311,32.6585657413311,3,0,45
10539608,215,04/05/2020 00:00:00,04-May-2020 08:27:27,04-May-2020 15:22:01,39.5780023595272,590.4,72,14.4,06:54:34,3.45,4.67479674796748,44.2527991074947,32.6585657413311,32.6585657413311,4,0,45
10539612,215,04/05/2020 00:00:00,04-May-2020 08:35:24,04-May-2020 15:29:59,39.5780023595272,590.4,72,14.4,06:54:34,3.45,4.67479674796748,44.2527991074947,32.6585657413311,32.6585657413311,5,0,45
10539611,215,04/05/2020 00:00:00,04-May-2020 08:54:10,04-May-2020 15:48:43,39.5780023595272,590.4,72,14.4,06:54:34,3.45,4.67479674796748,44.2527991074947,32.6585657413311,32.6585657413311,6,0,45
10539615,215,04/05/2020 00:00:00,04-May-2020 09:05:24,04-May-2020 15:59:58,39.5780023595272,590.4,72,14.4,06:54:34,3.45,4.67479674796748,44.2527991074947,32.6585657413311,32.6585657413311,7,0,45
10539613,215,04/05/2020 00:00:00,04-May-2020 09:26:20,04-May-2020 16:20:55,39.5780023595272,590.4,72,14.4,06:54:34,3.45,4.67479674796748,44.2527991074947,32.6585657413311,32.6585657413311,8,0,45
10539616,215,05/05/2020 00:00:00,05-May-2020 06:30:11,05-May-2020 13:24:46,39.5780023595272,590.4,72,14.4,06:54:34,3.45,4.67479674796748,44.2527991074947,32.6585657413311,32.6585657413311,1,0,45
10539619,215,05/05/2020 00:00:00,05-May-2020 06:36:37,05-May-2020 13:31:12,39.5780023595272,590.4,72,14.4,06:54:34,3.45,4.67479674796748,44.2527991074947,32.6585657413311,32.6585657413311,2,0,45
10539617,215,05/05/2020 00:00:00,05-May-2020 06:49:42,05-May-2020 13:44:16,39.5780023595272,590.4,72,14.4,06:54:34,3.45,4.67479674796748,44.2527991074947,32.6585657413311,32.6585657413311,3,0,45
10539618,215,05/05/2020 00:00:00,05-May-2020 08:10:33,05-May-2020 15:05:07,39.5780023595272,590.4,72,14.4,06:54:34,3.45,4.67479674796748,44.2527991074947,32.6585657413311,32.6585657413311,4,0,45
10539621,215,05/05/2020 00:00:00,05-May-2020 09:08:59,05-May-2020 16:03:33,39.5780023595272,590.4,72,14.4,06:54:34,3.45,4.67479674796748,44.2527991074947,32.6585657413311,32.6585657413311,5,0,45
10539620,215,05/05/2020 00:00:00,05-May-2020 09:25:04,05-May-2020 16:19:38,39.5780023595272,590.4,72,14.4,06:54:35,3.45,4.67479674796748,44.2527991074947,32.6585657413311,32.6585657413311,6,0,45
10539627,215,06/05/2020 00:00:00,06-May-2020 06:32:39,06-May-2020 13:27:15,39.5780023595272,590.4,72,14.4,06:54:35,3.45,4.67479674796748,44.2527991074947,32.6585657413311,32.6585657413311,1,0,45
10539628,215,06/05/2020 00:00:00,06-May-2020 06:55:35,06-May-2020 13:50:09,39.5780023595272,590.4,72,14.4,06:54:34,3.45,4.67479674796748,44.2527991074947,32.6585657413311,32.6585657413311,2,0,45
10539622,215,06/05/2020 00:00:00,06-May-2020 07:05:40,06-May-2020 14:00:15,39.5780023595272,590.4,72,14.4,06:54:34,3.45,4.67479674796748,44.2527991074947,32.6585657413311,32.6585657413311,3,0,45
10539623,215,06/05/2020 00:00:00,06-May-2020 07:51:05,06-May-2020 14:45:40,39.5780023595272,590.4,72,14.4,06:54:35,3.45,4.67479674796748,44.2527991074947,32.6585657413311,32.6585657413311,4,0,45
10539626,215,06/05/2020 00:00:00,06-May-2020 08:01:35,06-May-2020 14:56:09,39.5780023595272,590.4,72,14.4,06:54:34,3.45,4.67479674796748,44.2527991074947,32.6585657413311,32.6585657413311,5,0,45
10539624,215,06/05/2020 00:00:00,06-May-2020 08:27:23,06-May-2020 15:21:58,39.5780023595272,590.4,72,14.4,06:54:34,3.45,4.67479674796748,44.2527991074947,32.6585657413311,32.6585657413311,6,0,45
10539625,215,06/05/2020 00:00:00,06-May-2020 08:37:59,06-May-2020 15:32:34,39.5780023595272,590.4,72,14.4,06:54:35,3.45,4.67479674796748,44.2527991074947,32.6585657413311,32.6585657413311,7,0,45
10539632,215,07/05/2020 00:00:00,07-May-2020 06:31:02,07-May-2020 13:33:18,41.9696315057715,590.4,72,14.4,07:02:16,3.5167,4.76517615176152,46.734807657533,34.4902880512594,34.4902880512594,1,0,45
10539629,215,07/05/2020 00:00:00,07-May-2020 06:53:09,07-May-2020 13:55:26,41.9696315057715,590.4,72,14.4,07:02:17,3.5167,4.76517615176152,46.734807657533,34.4902880512594,34.4902880512594,2,0,45
10539633,215,07/05/2020 00:00:00,07-May-2020 07:37:25,07-May-2020 14:39:43,41.9696315057715,590.4,72,14.4,07:02:17,3.5167,4.76517615176152,46.734807657533,34.4902880512594,34.4902880512594,3,0,45
10539634,215,07/05/2020 00:00:00,07-May-2020 08:35:05,07-May-2020 15:37:21,41.9696315057715,590.4,72,14.4,07:02:17,3.5167,4.76517615176152,46.734807657533,34.4902880512594,34.4902880512594,4,0,45
10539630,215,07/05/2020 00:00:00,07-May-2020 08:35:22,07-May-2020 15:37:38,41.9696315057715,590.4,72,14.4,07:02:16,3.5167,4.76517615176152,46.734807657533,34.4902880512594,34.4902880512594,5,0,45
10539631,215,07/05/2020 00:00:00,07-May-2020 09:05:59,07-May-2020 16:08:15,41.9696315057715,590.4,72,14.4,07:02:17,3.5167,4.76517615176152,46.734807657533,34.4902880512594,34.4902880512594,6,0,45
10539638,215,08/05/2020 00:00:00,08-May-2020 07:33:13,08-May-2020 14:35:30,41.9696315057715,590.4,72,14.4,07:02:17,3.5167,4.76517615176152,46.734807657533,34.4902880512594,34.4902880512594,1,0,45
10539636,215,08/05/2020 00:00:00,08-May-2020 07:34:21,08-May-2020 14:36:39,41.9696315057715,590.4,72,14.4,07:02:17,3.5167,4.76517615176152,46.734807657533,34.4902880512594,34.4902880512594,2,0,45
10539639,215,08/05/2020 00:00:00,08-May-2020 07:46:34,08-May-2020 14:48:50,41.9696315057715,590.4,72,14.4,07:02:16,3.5167,4.76517615176152,46.734807657533,34.4902880512594,34.4902880512594,3,0,45
10539635,215,08/05/2020 00:00:00,08-May-2020 08:09:35,08-May-2020 15:11:53,41.9696315057715,590.4,72,14.4,07:02:17,3.5167,4.76517615176152,46.734807657533,34.4902880512594,34.4902880512594,4,0,45
10539637,215,08/05/2020 00:00:00,08-May-2020 09:25:21,08-May-2020 16:27:38,41.9696315057715,590.4,72,14.4,07:02:17,3.5167,4.76517615176152,46.734807657533,34.4902880512594,34.4902880512594,5,0,45
10539645,215,09/05/2020 00:00:00,09-May-2020 07:25:45,09-May-2020 14:28:02,41.9696315057715,590.4,72,14.4,07:02:17,3.5167,4.76517615176152,46.734807657533,34.4902880512594,34.4902880512594,1,0,45
10539641,215,09/05/2020 00:00:00,09-May-2020 07:34:56,09-May-2020 14:37:13,41.9696315057715,590.4,72,14.4,07:02:17,3.5167,4.76517615176152,46.734807657533,34.4902880512594,34.4902880512594,2,0,45
10539644,215,09/05/2020 00:00:00,09-May-2020 08:20:09,09-May-2020 15:22:24,41.9696315057715,590.4,72,14.4,07:02:16,3.5167,4.76517615176152,46.734807657533,34.4902880512594,34.4902880512594,3,0,45
10539643,215,09/05/2020 00:00:00,09-May-2020 08:48:44,09-May-2020 15:51:01,41.9696315057715,590.4,72,14.4,07:02:17,3.5167,4.76517615176152,46.734807657533,34.4902880512594,34.4902880512594,4,0,45
10539640,215,09/05/2020 00:00:00,09-May-2020 09:04:20,09-May-2020 16:06:37,41.9696315057715,590.4,72,14.4,07:02:17,3.5167,4.76517615176152,46.734807657533,34.4902880512594,34.4902880512594,5,0,45
10539642,215,09/05/2020 00:00:00,09-May-2020 09:08:26,09-May-2020 16:10:43,41.9696315057715,590.4,72,14.4,07:02:16,3.5167,4.76517615176152,46.734807657533,34.4902880512594,34.4902880512594,6,0,45
10539651,215,10/05/2020 00:00:00,10-May-2020 06:39:27,10-May-2020 13:41:43,41.9696315057715,590.4,72,14.4,07:02:16,3.5167,4.76517615176152,46.734807657533,34.4902880512594,34.4902880512594,1,0,45
10539650,215,10/05/2020 00:00:00,10-May-2020 06:56:11,10-May-2020 13:58:27,41.9696315057715,590.4,72,14.4,07:02:17,3.5167,4.76517615176152,46.734807657533,34.4902880512594,34.4902880512594,2,0,45
10539653,215,10/05/2020 00:00:00,10-May-2020 07:19:48,10-May-2020 14:22:04,41.9696315057715,590.4,72,14.4,07:02:17,3.5167,4.76517615176152,46.734807657533,34.4902880512594,34.4902880512594,3,0,45
10539647,215,10/05/2020 00:00:00,10-May-2020 07:24:59,10-May-2020 14:27:15,41.9696315057715,590.4,72,14.4,07:02:17,3.5167,4.76517615176152,46.734807657533,34.4902880512594,34.4902880512594,4,0,45
10539648,215,10/05/2020 00:00:00,10-May-2020 07:57:16,10-May-2020 14:59:32,41.9696315057715,590.4,72,14.4,07:02:17,3.5167,4.76517615176152,46.734807657533,34.4902880512594,34.4902880512594,5,0,45
10539649,215,10/05/2020 00:00:00,10-May-2020 08:05:34,10-May-2020 15:07:49,41.9696315057715,590.4,72,14.4,07:02:16,3.5167,4.76517615176152,46.734807657533,34.4902880512594,34.4902880512594,6,0,45
10539646,215,10/05/2020 00:00:00,10-May-2020 08:58:47,10-May-2020 16:01:05,41.9696315057715,590.4,72,14.4,07:02:17,3.5167,4.76517615176152,46.734807657533,34.4902880512594,34.4902880512594,7,0,45
10539652,215,10/05/2020 00:00:00,10-May-2020 09:28:15,10-May-2020 16:30:31,41.9696315057715,590.4,72,14.4,07:02:17,3.5167,4.76517615176152,46.734807657533,34.4902880512594,34.4902880512594,8,0,45
10539655,215,11/05/2020 00:00:00,11-May-2020 06:32:04,11-May-2020 13:34:20,41.9696315057715,590.4,72,14.4,07:02:17,3.5167,4.76517615176152,46.734807657533,34.4902880512594,34.4902880512594,1,0,45
10539656,215,11/05/2020 00:00:00,11-May-2020 06:56:46,11-May-2020 13:59:04,41.9696315057715,590.4,72,14.4,07:02:17,3.5167,4.76517615176152,46.734807657533,34.4902880512594,34.4902880512594,2,0,45
10539654,215,11/05/2020 00:00:00,11-May-2020 07:00:41,11-May-2020 14:02:57,41.9696315057715,590.4,72,14.4,07:02:16,3.5167,4.76517615176152,46.734807657533,34.4902880512594,34.4902880512594,3,0,45
10539659,215,11/05/2020 00:00:00,11-May-2020 07:20:43,11-May-2020 14:23:00,41.9696315057715,590.4,72,14.4,07:02:17,3.5167,4.76517615176152,46.734807657533,34.4902880512594,34.4902880512594,4,0,45
10539660,215,11/05/2020 00:00:00,11-May-2020 08:10:01,11-May-2020 15:12:16,41.9696315057715,590.4,72,14.4,07:02:16,3.5167,4.76517615176152,46.734807657533,34.4902880512594,34.4902880512594,5,0,45
10539657,215,11/05/2020 00:00:00,11-May-2020 08:38:33,11-May-2020 15:40:49,41.9696315057715,590.4,72,14.4,07:02:17,3.5167,4.76517615176152,46.734807657533,34.4902880512594,34.4902880512594,6,0,45
10539658,215,11/05/2020 00:00:00,11-May-2020 09:27:13,11-May-2020 16:29:30,41.9696315057715,590.4,72,14.4,07:02:16,3.5167,4.76517615176152,46.734807657533,34.4902880512594,34.4902880512594,7,0,45
10539664,215,12/05/2020 00:00:00,12-May-2020 06:44:31,12-May-2020 13:46:49,41.9696315057715,590.4,72,14.4,07:02:17,3.5167,4.76517615176152,46.734807657533,34.4902880512594,34.4902880512594,1,0,45
10539661,215,12/05/2020 00:00:00,12-May-2020 06:55:30,12-May-2020 13:57:47,41.9696315057715,590.4,72,14.4,07:02:17,3.5167,4.76517615176152,46.734807657533,34.4902880512594,34.4902880512594,2,0,45
10539666,215,12/05/2020 00:00:00,12-May-2020 07:01:02,12-May-2020 14:03:17,41.9696315057715,590.4,72,14.4,07:02:16,3.5167,4.76517615176152,46.734807657533,34.4902880512594,34.4902880512594,3,0,45
10539663,215,12/05/2020 00:00:00,12-May-2020 07:44:05,12-May-2020 14:46:21,41.9696315057715,590.4,72,14.4,07:02:16,3.5167,4.76517615176152,46.734807657533,34.4902880512594,34.4902880512594,4,0,45
10539665,215,12/05/2020 00:00:00,12-May-2020 07:56:45,12-May-2020 14:59:01,41.9696315057715,590.4,72,14.4,07:02:16,3.5167,4.76517615176152,46.734807657533,34.4902880512594,34.4902880512594,5,0,45
10539662,215,12/05/2020 00:00:00,12-May-2020 08:43:24,12-May-2020 15:45:41,41.9696315057715,590.4,72,14.4,07:02:17,3.5167,4.76517615176152,46.734807657533,34.4902880512594,34.4902880512594,6,0,45
10539668,215,13/05/2020 00:00:00,13-May-2020 06:39:00,13-May-2020 13:41:16,41.9696315057715,590.4,72,14.4,07:02:17,3.5167,4.76517615176152,46.734807657533,34.4902880512594,34.4902880512594,1,0,45
10539667,215,13/05/2020 00:00:00,13-May-2020 06:57:52,13-May-2020 14:00:10,41.9696315057715,590.4,72,14.4,07:02:17,3.5167,4.76517615176152,46.734807657533,34.4902880512594,34.4902880512594,2,0,45
10539672,215,13/05/2020 00:00:00,13-May-2020 07:53:05,13-May-2020 14:55:22,41.9696315057715,590.4,72,14.4,07:02:17,3.5167,4.76517615176152,46.734807657533,34.4902880512594,34.4902880512594,3,0,45
10539671,215,13/05/2020 00:00:00,13-May-2020 08:16:13,13-May-2020 15:18:30,41.9696315057715,590.4,72,14.4,07:02:17,3.5167,4.76517615176152,46.734807657533,34.4902880512594,34.4902880512594,4,0,45
10539669,215,13/05/2020 00:00:00,13-May-2020 08:47:53,13-May-2020 15:50:10,41.9696315057715,590.4,72,14.4,07:02:17,3.5167,4.76517615176152,46.734807657533,34.4902880512594,34.4902880512594,5,0,45
10539670,215,13/05/2020 00:00:00,13-May-2020 08:48:08,13-May-2020 15:50:26,41.9696315057715,590.4,72,14.4,07:02:17,3.5167,4.76517615176152,46.734807657533,34.4902880512594,34.4902880512594,6,0,45
10539674,215,14/05/2020 00:00:00,14-May-2020 06:44:44,14-May-2020 13:32:11,41.2209230141077,590.4,72,14.4,06:47:27,3.3917,4.59579945799458,45.8167224721023,33.8127411844115,33.8127411844115,1,0,45
10539677,215,14/05/2020 00:00:00,14-May-2020 07:12:47,14-May-2020 14:00:14,41.2209230141077,590.4,72,14.4,06:47:27,3.3917,4.59579945799458,45.8167224721023,33.8127411844115,33.8127411844115,2,0,45
10539673,215,14/05/2020 00:00:00,14-May-2020 07:36:45,14-May-2020 14:24:13,41.2209230141077,590.4,72,14.4,06:47:28,3.3917,4.59579945799458,45.8167224721023,33.8127411844115,33.8127411844115,3,0,45
10539676,215,14/05/2020 00:00:00,14-May-2020 08:51:52,14-May-2020 15:39:20,41.2209230141077,590.4,72,14.4,06:47:28,3.3917,4.59579945799458,45.8167224721023,33.8127411844115,33.8127411844115,4,0,45
10539675,215,14/05/2020 00:00:00,14-May-2020 09:12:58,14-May-2020 16:00:25,41.2209230141077,590.4,72,14.4,06:47:27,3.3917,4.59579945799458,45.8167224721023,33.8127411844115,33.8127411844115,5,0,45
10539679,215,15/05/2020 00:00:00,15-May-2020 06:56:01,15-May-2020 13:43:29,41.2209230141077,590.4,72,14.4,06:47:27,3.3917,4.59579945799458,45.8167224721023,33.8127411844115,33.8127411844115,1,0,45
10539678,215,15/05/2020 00:00:00,15-May-2020 08:04:29,15-May-2020 14:51:56,41.2209230141077,590.4,72,14.4,06:47:27,3.3917,4.59579945799458,45.8167224721023,33.8127411844115,33.8127411844115,2,0,45
10539680,215,15/05/2020 00:00:00,15-May-2020 08:18:13,15-May-2020 15:05:40,41.2209230141077,590.4,72,14.4,06:47:27,3.3917,4.59579945799458,45.8167224721023,33.8127411844115,33.8127411844115,3,0,45
10539681,215,15/05/2020 00:00:00,15-May-2020 09:09:44,15-May-2020 15:57:11,41.2209230141077,590.4,72,14.4,06:47:27,3.3917,4.59579945799458,45.8167224721023,33.8127411844115,33.8127411844115,4,0,45
10539684,215,16/05/2020 00:00:00,16-May-2020 06:38:30,16-May-2020 13:25:56,41.2209230141077,590.4,72,14.4,06:47:27,3.3917,4.59579945799458,45.8167224721023,33.8127411844115,33.8127411844115,1,0,45
10539686,215,16/05/2020 00:00:00,16-May-2020 06:54:42,16-May-2020 13:42:10,41.2209230141077,590.4,72,14.4,06:47:28,3.3917,4.59579945799458,45.8167224721023,33.8127411844115,33.8127411844115,2,0,45
10539682,215,16/05/2020 00:00:00,16-May-2020 07:02:35,16-May-2020 13:50:02,41.2209230141077,590.4,72,14.4,06:47:27,3.3917,4.59579945799458,45.8167224721023,33.8127411844115,33.8127411844115,3,0,45
10539683,215,16/05/2020 00:00:00,16-May-2020 07:17:34,16-May-2020 14:05:00,41.2209230141077,590.4,72,14.4,06:47:27,3.3917,4.59579945799458,45.8167224721023,33.8127411844115,33.8127411844115,4,0,45
10539685,215,16/05/2020 00:00:00,16-May-2020 08:11:16,16-May-2020 14:58:43,41.2209230141077,590.4,72,14.4,06:47:27,3.3917,4.59579945799458,45.8167224721023,33.8127411844115,33.8127411844115,5,0,45
10539687,215,17/05/2020 00:00:00,17-May-2020 07:31:37,17-May-2020 14:19:04,41.2209230141077,590.4,72,14.4,06:47:27,3.3917,4.59579945799458,45.8167224721023,33.8127411844115,33.8127411844115,1,0,45
10539693,215,17/05/2020 00:00:00,17-May-2020 07:37:23,17-May-2020 14:24:50,41.2209230141077,590.4,72,14.4,06:47:27,3.3917,4.59579945799458,45.8167224721023,33.8127411844115,33.8127411844115,2,0,45
10539691,215,17/05/2020 00:00:00,17-May-2020 07:42:43,17-May-2020 14:30:10,41.2209230141077,590.4,72,14.4,06:47:27,3.3917,4.59579945799458,45.8167224721023,33.8127411844115,33.8127411844115,3,0,45
10539692,215,17/05/2020 00:00:00,17-May-2020 08:09:03,17-May-2020 14:56:31,41.2209230141077,590.4,72,14.4,06:47:28,3.3917,4.59579945799458,45.8167224721023,33.8127411844115,33.8127411844115,4,0,45
10539688,215,17/05/2020 00:00:00,17-May-2020 08:44:45,17-May-2020 15:32:12,41.2209230141077,590.4,72,14.4,06:47:27,3.3917,4.59579945799458,45.8167224721023,33.8127411844115,33.8127411844115,5,0,45
10539690,215,17/05/2020 00:00:00,17-May-2020 09:09:46,17-May-2020 15:57:13,41.2209230141077,590.4,72,14.4,06:47:27,3.3917,4.59579945799458,45.8167224721023,33.8127411844115,33.8127411844115,6,0,45
10539689,215,17/05/2020 00:00:00,17-May-2020 09:23:29,17-May-2020 16:10:56,41.2209230141077,590.4,72,14.4,06:47:27,3.3917,4.59579945799458,45.8167224721023,33.8127411844115,33.8127411844115,7,0,45
10539696,215,18/05/2020 00:00:00,18-May-2020 07:16:10,18-May-2020 14:03:37,41.2209230141077,590.4,72,14.4,06:47:27,3.3917,4.59579945799458,45.8167224721023,33.8127411844115,33.8127411844115,1,0,45
10539697,215,18/05/2020 00:00:00,18-May-2020 07:16:46,18-May-2020 14:04:14,41.2209230141077,590.4,72,14.4,06:47:28,3.3917,4.59579945799458,45.8167224721023,33.8127411844115,33.8127411844115,2,0,45
10539699,215,18/05/2020 00:00:00,18-May-2020 07:16:57,18-May-2020 14:04:23,41.2209230141077,590.4,72,14.4,06:47:27,3.3917,4.59579945799458,45.8167224721023,33.8127411844115,33.8127411844115,3,0,45
10539698,215,18/05/2020 00:00:00,18-May-2020 08:25:42,18-May-2020 15:13:10,41.2209230141077,590.4,72,14.4,06:47:28,3.3917,4.59579945799458,45.8167224721023,33.8127411844115,33.8127411844115,4,0,45
10539694,215,18/05/2020 00:00:00,18-May-2020 08:38:47,18-May-2020 15:26:14,41.2209230141077,590.4,72,14.4,06:47:28,3.3917,4.59579945799458,45.8167224721023,33.8127411844115,33.8127411844115,5,0,45
10539695,215,18/05/2020 00:00:00,18-May-2020 08:42:53,18-May-2020 15:30:19,41.2209230141077,590.4,72,14.4,06:47:27,3.3917,4.59579945799458,45.8167224721023,33.8127411844115,33.8127411844115,6,0,45
10539704,215,19/05/2020 00:00:00,19-May-2020 06:32:39,19-May-2020 13:20:06,41.2209230141077,590.4,72,14.4,06:47:27,3.3917,4.59579945799458,45.8167224721023,33.8127411844115,33.8127411844115,1,0,45
10539703,215,19/05/2020 00:00:00,19-May-2020 07:24:52,19-May-2020 14:12:18,41.2209230141077,590.4,72,14.4,06:47:27,3.3917,4.59579945799458,45.8167224721023,33.8127411844115,33.8127411844115,2,0,45
10539702,215,19/05/2020 00:00:00,19-May-2020 07:27:18,19-May-2020 14:14:46,41.2209230141077,590.4,72,14.4,06:47:27,3.3917,4.59579945799458,45.8167224721023,33.8127411844115,33.8127411844115,3,0,45
10539700,215,19/05/2020 00:00:00,19-May-2020 07:59:51,19-May-2020 14:47:17,41.2209230141077,590.4,72,14.4,06:47:27,3.3917,4.59579945799458,45.8167224721023,33.8127411844115,33.8127411844115,4,0,45
10539701,215,19/05/2020 00:00:00,19-May-2020 08:31:24,19-May-2020 15:18:52,41.2209230141077,590.4,72,14.4,06:47:28,3.3917,4.59579945799458,45.8167224721023,33.8127411844115,33.8127411844115,5,0,45
10539710,215,20/05/2020 00:00:00,20-May-2020 07:10:57,20-May-2020 13:58:25,41.2209230141077,590.4,72,14.4,06:47:28,3.3917,4.59579945799458,45.8167224721023,33.8127411844115,33.8127411844115,1,0,45
10539705,215,20/05/2020 00:00:00,20-May-2020 07:46:28,20-May-2020 14:33:56,41.2209230141077,590.4,72,14.4,06:47:28,3.3917,4.59579945799458,45.8167224721023,33.8127411844115,33.8127411844115,2,0,45
10539708,215,20/05/2020 00:00:00,20-May-2020 07:49:59,20-May-2020 14:37:26,41.2209230141077,590.4,72,14.4,06:47:27,3.3917,4.59579945799458,45.8167224721023,33.8127411844115,33.8127411844115,3,0,45
10539709,215,20/05/2020 00:00:00,20-May-2020 08:57:44,20-May-2020 15:45:11,41.2209230141077,590.4,72,14.4,06:47:27,3.3917,4.59579945799458,45.8167224721023,33.8127411844115,33.8127411844115,4,0,45
10539706,215,20/05/2020 00:00:00,20-May-2020 08:58:16,20-May-2020 15:45:43,41.2209230141077,590.4,72,14.4,06:47:27,3.3917,4.59579945799458,45.8167224721023,33.8127411844115,33.8127411844115,5,0,45
10539707,215,20/05/2020 00:00:00,20-May-2020 09:26:42,20-May-2020 16:14:10,41.2209230141077,590.4,72,14.4,06:47:28,3.3917,4.59579945799458,45.8167224721023,33.8127411844115,33.8127411844115,6,0,45
10539715,215,21/05/2020 00:00:00,21-May-2020 07:12:23,21-May-2020 14:31:27,43.2704974877006,590.4,72,14.4,07:19:04,3.6583,4.9570460704607,48.2275435581613,35.591927145923,35.591927145923,1,0,45
10539714,215,21/05/2020 00:00:00,21-May-2020 07:22:13,21-May-2020 14:41:18,43.2704974877006,590.4,72,14.4,07:19:04,3.6583,4.9570460704607,48.2275435581613,35.591927145923,35.591927145923,2,0,45
10539712,215,21/05/2020 00:00:00,21-May-2020 08:42:19,21-May-2020 16:01:22,43.2704974877006,590.4,72,14.4,07:19:03,3.6583,4.9570460704607,48.2275435581613,35.591927145923,35.591927145923,3,0,45
10539711,215,21/05/2020 00:00:00,21-May-2020 08:48:27,21-May-2020 16:07:30,43.2704974877006,590.4,72,14.4,07:19:04,3.6583,4.9570460704607,48.2275435581613,35.591927145923,35.591927145923,4,0,45
10539713,215,21/05/2020 00:00:00,21-May-2020 09:22:09,21-May-2020 16:41:14,43.2704974877006,590.4,72,14.4,07:19:04,3.6583,4.9570460704607,48.2275435581613,35.591927145923,35.591927145923,5,0,45
10539719,215,22/05/2020 00:00:00,22-May-2020 06:36:19,22-May-2020 13:55:22,43.2704974877006,590.4,72,14.4,07:19:04,3.6583,4.9570460704607,48.2275435581613,35.591927145923,35.591927145923,1,0,45
10539717,215,22/05/2020 00:00:00,22-May-2020 07:04:03,22-May-2020 14:23:08,43.2704974877006,590.4,72,14.4,07:19:04,3.6583,4.9570460704607,48.2275435581613,35.591927145923,35.591927145923,2,0,45
10539716,215,22/05/2020 00:00:00,22-May-2020 07:58:39,22-May-2020 15:17:42,43.2704974877006,590.4,72,14.4,07:19:04,3.6583,4.9570460704607,48.2275435581613,35.591927145923,35.591927145923,3,0,45
10539718,215,22/05/2020 00:00:00,22-May-2020 09:16:12,22-May-2020 16:35:16,43.2704974877006,590.4,72,14.4,07:19:04,3.6583,4.9570460704607,48.2275435581613,35.591927145923,35.591927145923,4,0,45
10539720,215,23/05/2020 00:00:00,23-May-2020 07:12:34,23-May-2020 14:31:38,43.2704974877006,590.4,72,14.4,07:19:04,3.6583,4.9570460704607,48.2275435581613,35.591927145923,35.591927145923,1,0,45
10539721,215,23/05/2020 00:00:00,23-May-2020 07:24:02,23-May-2020 14:43:05,43.2704974877006,590.4,72,14.4,07:19:04,3.6583,4.9570460704607,48.2275435581613,35.591927145923,35.591927145923,2,0,45
10539724,215,23/05/2020 00:00:00,23-May-2020 07:45:35,23-May-2020 15:04:39,43.2704974877006,590.4,72,14.4,07:19:04,3.6583,4.9570460704607,48.2275435581613,35.591927145923,35.591927145923,3,0,45
10539722,215,23/05/2020 00:00:00,23-May-2020 08:15:45,23-May-2020 15:34:49,43.2704974877006,590.4,72,14.4,07:19:04,3.6583,4.9570460704607,48.2275435581613,35.591927145923,35.591927145923,4,0,45
10539723,215,23/05/2020 00:00:00,23-May-2020 08:55:04,23-May-2020 16:14:08,43.2704974877006,590.4,72,14.4,07:19:04,3.6583,4.9570460704607,48.2275435581613,35.591927145923,35.591927145923,5,0,45
10539725,215,24/05/2020 00:00:00,24-May-2020 07:01:22,24-May-2020 14:20:25,43.2704974877006,590.4,72,14.4,07:19:03,3.6583,4.9570460704607,48.2275435581613,35.591927145923,35.591927145923,1,0,45
10539728,215,24/05/2020 00:00:00,24-May-2020 07:06:31,24-May-2020 14:25:36,43.2704974877006,590.4,72,14.4,07:19:04,3.6583,4.9570460704607,48.2275435581613,35.591927145923,35.591927145923,2,0,45
10539731,215,24/05/2020 00:00:00,24-May-2020 07:45:23,24-May-2020 15:04:27,43.2704974877006,590.4,72,14.4,07:19:04,3.6583,4.9570460704607,48.2275435581613,35.591927145923,35.591927145923,3,0,45
10539726,215,24/05/2020 00:00:00,24-May-2020 09:06:38,24-May-2020 16:25:41,43.2704974877006,590.4,72,14.4,07:19:04,3.6583,4.9570460704607,48.2275435581613,35.591927145923,35.591927145923,4,0,45
10539727,215,24/05/2020 00:00:00,24-May-2020 09:08:26,24-May-2020 16:27:31,43.2704974877006,590.4,72,14.4,07:19:04,3.6583,4.9570460704607,48.2275435581613,35.591927145923,35.591927145923,5,0,45
10539730,215,24/05/2020 00:00:00,24-May-2020 09:16:37,24-May-2020 16:35:40,43.2704974877006,590.4,72,14.4,07:19:03,3.6583,4.9570460704607,48.2275435581613,35.591927145923,35.591927145923,6,0,45
10539729,215,24/05/2020 00:00:00,24-May-2020 09:20:32,24-May-2020 16:39:36,43.2704974877006,590.4,72,14.4,07:19:04,3.6583,4.9570460704607,48.2275435581613,35.591927145923,35.591927145923,7,0,45
10539734,215,25/05/2020 00:00:00,25-May-2020 06:50:49,25-May-2020 14:09:54,43.2704974877006,590.4,72,14.4,07:19:04,3.6583,4.9570460704607,48.2275435581613,35.591927145923,35.591927145923,1,0,45
10539733,215,25/05/2020 00:00:00,25-May-2020 07:08:03,25-May-2020 14:27:07,43.2704974877006,590.4,72,14.4,07:19:04,3.6583,4.9570460704607,48.2275435581613,35.591927145923,35.591927145923,2,0,45
10539736,215,25/05/2020 00:00:00,25-May-2020 07:10:35,25-May-2020 14:29:37,43.2704974877006,590.4,72,14.4,07:19:03,3.6583,4.9570460704607,48.2275435581613,35.591927145923,35.591927145923,3,0,45
10539732,215,25/05/2020 00:00:00,25-May-2020 07:16:05,25-May-2020 14:35:09,43.2704974877006,590.4,72,14.4,07:19:04,3.6583,4.9570460704607,48.2275435581613,35.591927145923,35.591927145923,4,0,45
10539735,215,25/05/2020 00:00:00,25-May-2020 08:34:00,25-May-2020 15:53:03,43.2704974877006,590.4,72,14.4,07:19:04,3.6583,4.9570460704607,48.2275435581613,35.591927145923,35.591927145923,5,0,45
10539737,215,25/05/2020 00:00:00,25-May-2020 09:14:16,25-May-2020 16:33:20,43.2704974877006,590.4,72,14.4,07:19:04,3.6583,4.9570460704607,48.2275435581613,35.591927145923,35.591927145923,6,0,45
10539738,215,26/05/2020 00:00:00,26-May-2020 07:28:55,26-May-2020 14:48:00,43.2704974877006,590.4,72,14.4,07:19:04,3.6583,4.9570460704607,48.2275435581613,35.591927145923,35.591927145923,1,0,45
10539739,215,26/05/2020 00:00:00,26-May-2020 07:37:16,26-May-2020 14:56:19,43.2704974877006,590.4,72,14.4,07:19:04,3.6583,4.9570460704607,48.2275435581613,35.591927145923,35.591927145923,2,0,45
10539742,215,26/05/2020 00:00:00,26-May-2020 08:19:17,26-May-2020 15:38:20,43.2704974877006,590.4,72,14.4,07:19:04,3.6583,4.9570460704607,48.2275435581613,35.591927145923,35.591927145923,3,0,45
10539741,215,26/05/2020 00:00:00,26-May-2020 09:01:36,26-May-2020 16:20:40,43.2704974877006,590.4,72,14.4,07:19:04,3.6583,4.9570460704607,48.2275435581613,35.591927145923,35.591927145923,4,0,45
10539740,215,26/05/2020 00:00:00,26-May-2020 09:13:00,26-May-2020 16:32:05,43.2704974877006,590.4,72,14.4,07:19:04,3.6583,4.9570460704607,48.2275435581613,35.591927145923,35.591927145923,5,0,45
10539747,215,27/05/2020 00:00:00,27-May-2020 07:13:02,27-May-2020 14:32:05,43.2704974877006,590.4,72,14.4,07:19:04,3.6583,4.9570460704607,48.2275435581613,35.591927145923,35.591927145923,1,0,45
10539748,215,27/05/2020 00:00:00,27-May-2020 07:48:40,27-May-2020 15:07:44,43.2704974877006,590.4,72,14.4,07:19:04,3.6583,4.9570460704607,48.2275435581613,35.591927145923,35.591927145923,2,0,45
10539745,215,27/05/2020 00:00:00,27-May-2020 08:08:27,27-May-2020 15:27:30,43.2704974877006,590.4,72,14.4,07:19:03,3.6583,4.9570460704607,48.2275435581613,35.591927145923,35.591927145923,3,0,45
10539746,215,27/05/2020 00:00:00,27-May-2020 08:26:07,27-May-2020 15:45:11,43.2704974877006,590.4,72,14.4,07:19:04,3.6583,4.9570460704607,48.2275435581613,35.591927145923,35.591927145923,4,0,45
10539744,215,27/05/2020 00:00:00,27-May-2020 08:31:40,27-May-2020 15:50:44,43.2704974877006,590.4,72,14.4,07:19:04,3.6583,4.9570460704607,48.2275435581613,35.591927145923,35.591927145923,5,0,45
10539743,215,27/05/2020 00:00:00,27-May-2020 09:08:40,27-May-2020 16:27:45,43.2704974877006,590.4,72,14.4,07:19:04,3.6583,4.9570460704607,48.2275435581613,35.591927145923,35.591927145923,6,0,45
10539749,215,28/05/2020 00:00:00,28-May-2020 06:31:10,28-May-2020 13:39:24,44.2657093535741,590.4,72,14.4,07:08:14,3.5667,4.83292682926829,49.0986361828424,36.2347935029377,36.2347935029377,1,0,45
10539750,215,28/05/2020 00:00:00,28-May-2020 06:59:50,28-May-2020 14:08:04,44.2657093535741,590.4,72,14.4,07:08:14,3.5667,4.83292682926829,49.0986361828424,36.2347935029377,36.2347935029377,2,0,45
10539752,215,28/05/2020 00:00:00,28-May-2020 07:10:10,28-May-2020 14:18:24,44.2657093535741,590.4,72,14.4,07:08:14,3.5667,4.83292682926829,49.0986361828424,36.2347935029377,36.2347935029377,3,0,45
10539751,215,28/05/2020 00:00:00,28-May-2020 08:53:17,28-May-2020 16:01:31,44.2657093535741,590.4,72,14.4,07:08:14,3.5667,4.83292682926829,49.0986361828424,36.2347935029377,36.2347935029377,4,0,45
10539753,215,28/05/2020 00:00:00,28-May-2020 08:58:19,28-May-2020 16:06:32,44.2657093535741,590.4,72,14.4,07:08:14,3.5667,4.83292682926829,49.0986361828424,36.2347935029377,36.2347935029377,5,0,45
10539756,215,29/05/2020 00:00:00,29-May-2020 06:31:11,29-May-2020 13:39:25,44.2657093535741,590.4,72,14.4,07:08:14,3.5667,4.83292682926829,49.0986361828424,36.2347935029377,36.2347935029377,1,0,45
10539754,215,29/05/2020 00:00:00,29-May-2020 07:24:49,29-May-2020 14:33:03,44.2657093535741,590.4,72,14.4,07:08:14,3.5667,4.83292682926829,49.0986361828424,36.2347935029377,36.2347935029377,2,0,45
10539757,215,29/05/2020 00:00:00,29-May-2020 07:38:16,29-May-2020 14:46:30,44.2657093535741,590.4,72,14.4,07:08:14,3.5667,4.83292682926829,49.0986361828424,36.2347935029377,36.2347935029377,3,0,45
10539755,215,29/05/2020 00:00:00,29-May-2020 08:41:27,29-May-2020 15:49:41,44.2657093535741,590.4,72,14.4,07:08:14,3.5667,4.83292682926829,49.0986361828424,36.2347935029377,36.2347935029377,4,0,45
10539760,215,30/05/2020 00:00:00,30-May-2020 07:03:43,30-May-2020 14:11:56,44.2657093535741,590.4,72,14.4,07:08:14,3.5667,4.83292682926829,49.0986361828424,36.2347935029377,36.2347935029377,1,0,45
10539761,215,30/05/2020 00:00:00,30-May-2020 07:34:19,30-May-2020 14:42:33,44.2657093535741,590.4,72,14.4,07:08:14,3.5667,4.83292682926829,49.0986361828424,36.2347935029377,36.2347935029377,2,0,45
10539762,215,30/05/2020 00:00:00,30-May-2020 08:05:26,30-May-2020 15:13:40,44.2657093535741,590.4,72,14.4,07:08:14,3.5667,4.83292682926829,49.0986361828424,36.2347935029377,36.2347935029377,3,0,45
10539759,215,30/05/2020 00:00:00,30-May-2020 08:22:45,30-May-2020 15:30:59,44.2657093535741,590.4,72,14.4,07:08:14,3.5667,4.83292682926829,49.0986361828424,36.2347935029377,36.2347935029377,4,0,45
10539758,215,30/05/2020 00:00:00,30-May-2020 09:25:13,30-May-2020 16:33:27,44.2657093535741,590.4,72,14.4,07:08:14,3.5667,4.83292682926829,49.0986361828424,36.2347935029377,36.2347935029377,5,0,45
10539765,215,31/05/2020 00:00:00,31-May-2020 06:30:10,31-May-2020 13:38:24,44.2657093535741,590.4,72,14.4,07:08:13,3.5667,4.83292682926829,49.0986361828424,36.2347935029377,36.2347935029377,1,0,45
10539766,215,31/05/2020 00:00:00,31-May-2020 06:45:55,31-May-2020 13:54:08,44.2657093535741,590.4,72,14.4,07:08:14,3.5667,4.83292682926829,49.0986361828424,36.2347935029377,36.2347935029377,2,0,45
10539763,215,31/05/2020 00:00:00,31-May-2020 06:54:24,31-May-2020 14:02:39,44.2657093535741,590.4,72,14.4,07:08:14,3.5667,4.83292682926829,49.0986361828424,36.2347935029377,36.2347935029377,3,0,45
10539768,215,31/05/2020 00:00:00,31-May-2020 07:14:10,31-May-2020 14:22:24,44.2657093535741,590.4,72,14.4,07:08:14,3.5667,4.83292682926829,49.0986361828424,36.2347935029377,36.2347935029377,4,0,45
10539767,215,31/05/2020 00:00:00,31-May-2020 07:22:06,31-May-2020 14:30:20,44.2657093535741,590.4,72,14.4,07:08:14,3.5667,4.83292682926829,49.0986361828424,36.2347935029377,36.2347935029377,5,0,45
10539769,215,31/05/2020 00:00:00,31-May-2020 08:04:05,31-May-2020 15:12:19,44.2657093535741,590.4,72,14.4,07:08:14,3.5667,4.83292682926829,49.0986361828424,36.2347935029377,36.2347935029377,6,0,45
10539764,215,31/05/2020 00:00:00,31-May-2020 08:39:35,31-May-2020 15:47:49,44.2657093535741,590.4,72,14.4,07:08:14,3.5667,4.83292682926829,49.0986361828424,36.2347935029377,36.2347935029377,7,0,45
10539773,215,01/06/2020 00:00:00,01-Jun-2020 07:41:45,01-Jun-2020 14:49:59,44.2657093535741,590.4,72,14.4,07:08:13,3.5667,4.83292682926829,49.0986361828424,36.2347935029377,36.2347935029377,1,0,45
10539771,215,01/06/2020 00:00:00,01-Jun-2020 08:23:51,01-Jun-2020 15:32:05,44.2657093535741,590.4,72,14.4,07:08:14,3.5667,4.83292682926829,49.0986361828424,36.2347935029377,36.2347935029377,2,0,45
10539774,215,01/06/2020 00:00:00,01-Jun-2020 08:27:40,01-Jun-2020 15:35:52,44.2657093535741,590.4,72,14.4,07:08:13,3.5667,4.83292682926829,49.0986361828424,36.2347935029377,36.2347935029377,3,0,45
10539775,215,01/06/2020 00:00:00,01-Jun-2020 08:33:55,01-Jun-2020 15:42:08,44.2657093535741,590.4,72,14.4,07:08:13,3.5667,4.83292682926829,49.0986361828424,36.2347935029377,36.2347935029377,4,0,45
10539770,215,01/06/2020 00:00:00,01-Jun-2020 08:46:44,01-Jun-2020 15:54:57,44.2657093535741,590.4,72,14.4,07:08:13,3.5667,4.83292682926829,49.0986361828424,36.2347935029377,36.2347935029377,5,0,45
10539772,215,01/06/2020 00:00:00,01-Jun-2020 09:27:01,01-Jun-2020 16:35:13,44.2657093535741,590.4,72,14.4,07:08:13,3.5667,4.83292682926829,49.0986361828424,36.2347935029377,36.2347935029377,6,0,45
10539780,215,02/06/2020 00:00:00,02-Jun-2020 07:24:40,02-Jun-2020 14:32:54,44.2657093535741,590.4,72,14.4,07:08:14,3.5667,4.83292682926829,49.0986361828424,36.2347935029377,36.2347935029377,1,0,45
10539777,215,02/06/2020 00:00:00,02-Jun-2020 07:30:07,02-Jun-2020 14:38:21,44.2657093535741,590.4,72,14.4,07:08:14,3.5667,4.83292682926829,49.0986361828424,36.2347935029377,36.2347935029377,2,0,45
10539776,215,02/06/2020 00:00:00,02-Jun-2020 07:59:23,02-Jun-2020 15:07:37,44.2657093535741,590.4,72,14.4,07:08:14,3.5667,4.83292682926829,49.0986361828424,36.2347935029377,36.2347935029377,3,0,45
10539778,215,02/06/2020 00:00:00,02-Jun-2020 08:28:47,02-Jun-2020 15:37:01,44.2657093535741,590.4,72,14.4,07:08:14,3.5667,4.83292682926829,49.0986361828424,36.2347935029377,36.2347935029377,4,0,45
10539779,215,02/06/2020 00:00:00,02-Jun-2020 08:56:43,02-Jun-2020 16:04:56,44.2657093535741,590.4,72,14.4,07:08:14,3.5667,4.83292682926829,49.0986361828424,36.2347935029377,36.2347935029377,5,0,45
10539784,215,03/06/2020 00:00:00,03-Jun-2020 06:46:21,03-Jun-2020 13:54:35,44.2657093535741,590.4,72,14.4,07:08:14,3.5667,4.83292682926829,49.0986361828424,36.2347935029377,36.2347935029377,1,0,45
10539786,215,03/06/2020 00:00:00,03-Jun-2020 06:49:31,03-Jun-2020 13:57:45,44.2657093535741,590.4,72,14.4,07:08:14,3.5667,4.83292682926829,49.0986361828424,36.2347935029377,36.2347935029377,2,0,45
10539782,215,03/06/2020 00:00:00,03-Jun-2020 06:57:07,03-Jun-2020 14:05:21,44.2657093535741,590.4,72,14.4,07:08:14,3.5667,4.83292682926829,49.0986361828424,36.2347935029377,36.2347935029377,3,0,45
10539783,215,03/06/2020 00:00:00,03-Jun-2020 07:38:00,03-Jun-2020 14:46:14,44.2657093535741,590.4,72,14.4,07:08:14,3.5667,4.83292682926829,49.0986361828424,36.2347935029377,36.2347935029377,4,0,45
10539785,215,03/06/2020 00:00:00,03-Jun-2020 08:06:14,03-Jun-2020 15:14:28,44.2657093535741,590.4,72,14.4,07:08:14,3.5667,4.83292682926829,49.0986361828424,36.2347935029377,36.2347935029377,5,0,45
10539781,215,03/06/2020 00:00:00,03-Jun-2020 08:55:04,03-Jun-2020 16:03:18,44.2657093535741,590.4,72,14.4,07:08:14,3.5667,4.83292682926829,49.0986361828424,36.2347935029377,36.2347935029377,6,0,45
10539788,215,04/06/2020 00:00:00,04-Jun-2020 06:30:48,04-Jun-2020 13:27:52,41.6941429991177,590.4,72,14.4,06:57:03,3.475,4.70867208672087,46.4028150858386,34.2452775333489,34.2452775333489,1,0,45
10539792,215,04/06/2020 00:00:00,04-Jun-2020 07:31:12,04-Jun-2020 14:28:15,41.6941429991177,590.4,72,14.4,06:57:04,3.475,4.70867208672087,46.4028150858386,34.2452775333489,34.2452775333489,2,0,45
10539787,215,04/06/2020 00:00:00,04-Jun-2020 07:41:56,04-Jun-2020 14:38:59,41.6941429991177,590.4,72,14.4,06:57:03,3.475,4.70867208672087,46.4028150858386,34.2452775333489,34.2452775333489,3,0,45
10539790,215,04/06/2020 00:00:00,04-Jun-2020 07:54:21,04-Jun-2020 14:51:24,41.6941429991177,590.4,72,14.4,06:57:03,3.475,4.70867208672087,46.4028150858386,34.2452775333489,34.2452775333489,4,0,45
10539789,215,04/06/2020 00:00:00,04-Jun-2020 09:17:56,04-Jun-2020 16:14:59,41.6941429991177,590.4,72,14.4,06:57:03,3.475,4.70867208672087,46.4028150858386,34.2452775333489,34.2452775333489,5,0,45
10539791,215,04/06/2020 00:00:00,04-Jun-2020 09:18:38,04-Jun-2020 16:15:40,41.6941429991177,590.4,72,14.4,06:57:03,3.475,4.70867208672087,46.4028150858386,34.2452775333489,34.2452775333489,6,0,45
10539797,215,05/06/2020 00:00:00,05-Jun-2020 07:12:04,05-Jun-2020 14:09:08,41.6941429991177,590.4,72,14.4,06:57:04,3.475,4.70867208672087,46.4028150858386,34.2452775333489,34.2452775333489,1,0,45
10539796,215,05/06/2020 00:00:00,05-Jun-2020 07:42:51,05-Jun-2020 14:39:54,41.6941429991177,590.4,72,14.4,06:57:03,3.475,4.70867208672087,46.4028150858386,34.2452775333489,34.2452775333489,2,0,45
10539793,215,05/06/2020 00:00:00,05-Jun-2020 07:51:45,05-Jun-2020 14:48:49,41.6941429991177,590.4,72,14.4,06:57:04,3.475,4.70867208672087,46.4028150858386,34.2452775333489,34.2452775333489,3,0,45
10539795,215,05/06/2020 00:00:00,05-Jun-2020 08:05:13,05-Jun-2020 15:02:15,41.6941429991177,590.4,72,14.4,06:57:03,3.475,4.70867208672087,46.4028150858386,34.2452775333489,34.2452775333489,4,0,45
10539794,215,05/06/2020 00:00:00,05-Jun-2020 09:17:11,05-Jun-2020 16:14:14,41.6941429991177,590.4,72,14.4,06:57:03,3.475,4.70867208672087,46.4028150858386,34.2452775333489,34.2452775333489,5,0,45
10539802,215,06/06/2020 00:00:00,06-Jun-2020 06:35:04,06-Jun-2020 13:32:07,41.6941429991177,590.4,72,14.4,06:57:03,3.475,4.70867208672087,46.4028150858386,34.2452775333489,34.2452775333489,1,0,45
10539800,215,06/06/2020 00:00:00,06-Jun-2020 07:01:37,06-Jun-2020 13:58:40,41.6941429991177,590.4,72,14.4,06:57:03,3.475,4.70867208672087,46.4028150858386,34.2452775333489,34.2452775333489,2,0,45
10539803,215,06/06/2020 00:00:00,06-Jun-2020 07:18:34,06-Jun-2020 14:15:37,41.6941429991177,590.4,72,14.4,06:57:03,3.475,4.70867208672087,46.4028150858386,34.2452775333489,34.2452775333489,3,0,45
10539801,215,06/06/2020 00:00:00,06-Jun-2020 08:11:52,06-Jun-2020 15:08:55,41.6941429991177,590.4,72,14.4,06:57:04,3.475,4.70867208672087,46.4028150858386,34.2452775333489,34.2452775333489,4,0,45
10539799,215,06/06/2020 00:00:00,06-Jun-2020 09:14:18,06-Jun-2020 16:11:21,41.6941429991177,590.4,72,14.4,06:57:04,3.475,4.70867208672087,46.4028150858386,34.2452775333489,34.2452775333489,5,0,45
10539798,215,06/06/2020 00:00:00,06-Jun-2020 09:29:21,06-Jun-2020 16:26:25,41.6941429991177,590.4,72,14.4,06:57:04,3.475,4.70867208672087,46.4028150858386,34.2452775333489,34.2452775333489,6,0,45
10539804,215,07/06/2020 00:00:00,07-Jun-2020 06:40:55,07-Jun-2020 13:37:59,41.6941429991177,590.4,72,14.4,06:57:04,3.475,4.70867208672087,46.4028150858386,34.2452775333489,34.2452775333489,1,0,45
10539810,215,07/06/2020 00:00:00,07-Jun-2020 06:48:43,07-Jun-2020 13:45:46,41.6941429991177,590.4,72,14.4,06:57:03,3.475,4.70867208672087,46.4028150858386,34.2452775333489,34.2452775333489,2,0,45
10539811,215,07/06/2020 00:00:00,07-Jun-2020 07:27:38,07-Jun-2020 14:24:42,41.6941429991177,590.4,72,14.4,06:57:04,3.475,4.70867208672087,46.4028150858386,34.2452775333489,34.2452775333489,3,0,45
10539809,215,07/06/2020 00:00:00,07-Jun-2020 07:52:51,07-Jun-2020 14:49:55,41.6941429991177,590.4,72,14.4,06:57:04,3.475,4.70867208672087,46.4028150858386,34.2452775333489,34.2452775333489,4,0,45
10539805,215,07/06/2020 00:00:00,07-Jun-2020 08:06:47,07-Jun-2020 15:03:50,41.6941429991177,590.4,72,14.4,06:57:03,3.475,4.70867208672087,46.4028150858386,34.2452775333489,34.2452775333489,5,0,45
10539808,215,07/06/2020 00:00:00,07-Jun-2020 08:50:17,07-Jun-2020 15:47:20,41.6941429991177,590.4,72,14.4,06:57:03,3.475,4.70867208672087,46.4028150858386,34.2452775333489,34.2452775333489,6,0,45
10539806,215,07/06/2020 00:00:00,07-Jun-2020 08:54:29,07-Jun-2020 15:51:32,41.6941429991177,590.4,72,14.4,06:57:03,3.475,4.70867208672087,46.4028150858386,34.2452775333489,34.2452775333489,7,0,45
10539807,215,07/06/2020 00:00:00,07-Jun-2020 09:18:00,07-Jun-2020 16:15:03,41.6941429991177,590.4,72,14.4,06:57:03,3.475,4.70867208672087,46.4028150858386,34.2452775333489,34.2452775333489,8,0,45
10539816,215,08/06/2020 00:00:00,08-Jun-2020 06:30:32,08-Jun-2020 13:27:35,41.6941429991177,590.4,72,14.4,06:57:03,3.475,4.70867208672087,46.4028150858386,34.2452775333489,34.2452775333489,1,0,45
10539813,215,08/06/2020 00:00:00,08-Jun-2020 07:01:59,08-Jun-2020 13:59:03,41.6941429991177,590.4,72,14.4,06:57:04,3.475,4.70867208672087,46.4028150858386,34.2452775333489,34.2452775333489,2,0,45
10539817,215,08/06/2020 00:00:00,08-Jun-2020 07:18:24,08-Jun-2020 14:15:28,41.6941429991177,590.4,72,14.4,06:57:03,3.475,4.70867208672087,46.4028150858386,34.2452775333489,34.2452775333489,3,0,45
10539818,215,08/06/2020 00:00:00,08-Jun-2020 07:28:46,08-Jun-2020 14:25:50,41.6941429991177,590.4,72,14.4,06:57:03,3.475,4.70867208672087,46.4028150858386,34.2452775333489,34.2452775333489,4,0,45
10539814,215,08/06/2020 00:00:00,08-Jun-2020 07:51:50,08-Jun-2020 14:48:53,41.6941429991177,590.4,72,14.4,06:57:04,3.475,4.70867208672087,46.4028150858386,34.2452775333489,34.2452775333489,5,0,45
10539812,215,08/06/2020 00:00:00,08-Jun-2020 08:56:53,08-Jun-2020 15:53:55,41.6941429991177,590.4,72,14.4,06:57:03,3.475,4.70867208672087,46.4028150858386,34.2452775333489,34.2452775333489,6,0,45
10539815,215,08/06/2020 00:00:00,08-Jun-2020 09:24:57,08-Jun-2020 16:22:01,41.6941429991177,590.4,72,14.4,06:57:04,3.475,4.70867208672087,46.4028150858386,34.2452775333489,34.2452775333489,7,0,45
10539823,215,09/06/2020 00:00:00,09-Jun-2020 06:52:45,09-Jun-2020 13:49:48,41.6941429991177,590.4,72,14.4,06:57:04,3.475,4.70867208672087,46.4028150858386,34.2452775333489,34.2452775333489,1,0,45
10539824,215,09/06/2020 00:00:00,09-Jun-2020 07:29:38,09-Jun-2020 14:26:41,41.6941429991177,590.4,72,14.4,06:57:03,3.475,4.70867208672087,46.4028150858386,34.2452775333489,34.2452775333489,2,0,45
10539820,215,09/06/2020 00:00:00,09-Jun-2020 07:42:13,09-Jun-2020 14:39:17,41.6941429991177,590.4,72,14.4,06:57:04,3.475,4.70867208672087,46.4028150858386,34.2452775333489,34.2452775333489,3,0,45
10539822,215,09/06/2020 00:00:00,09-Jun-2020 07:48:44,09-Jun-2020 14:45:47,41.6941429991177,590.4,72,14.4,06:57:03,3.475,4.70867208672087,46.4028150858386,34.2452775333489,34.2452775333489,4,0,45
10539821,215,09/06/2020 00:00:00,09-Jun-2020 07:49:56,09-Jun-2020 14:47:00,41.6941429991177,590.4,72,14.4,06:57:03,3.475,4.70867208672087,46.4028150858386,34.2452775333489,34.2452775333489,5,0,45
10539819,215,09/06/2020 00:00:00,09-Jun-2020 09:03:40,09-Jun-2020 16:00:42,41.6941429991177,590.4,72,14.4,06:57:03,3.475,4.70867208672087,46.4028150858386,34.2452775333489,34.2452775333489,6,0,45
10539827,215,10/06/2020 00:00:00,10-Jun-2020 06:58:34,10-Jun-2020 13:55:37,41.6941429991177,590.4,72,14.4,06:57:04,3.475,4.70867208672087,46.4028150858386,34.2452775333489,34.2452775333489,1,0,45
10539826,215,10/06/2020 00:00:00,10-Jun-2020 07:15:46,10-Jun-2020 14:12:48,41.6941429991177,590.4,72,14.4,06:57:03,3.475,4.70867208672087,46.4028150858386,34.2452775333489,34.2452775333489,2,0,45
10539830,215,10/06/2020 00:00:00,10-Jun-2020 08:36:25,10-Jun-2020 15:33:29,41.6941429991177,590.4,72,14.4,06:57:03,3.475,4.70867208672087,46.4028150858386,34.2452775333489,34.2452775333489,3,0,45
10539828,215,10/06/2020 00:00:00,10-Jun-2020 09:04:57,10-Jun-2020 16:02:00,41.6941429991177,590.4,72,14.4,06:57:03,3.475,4.70867208672087,46.4028150858386,34.2452775333489,34.2452775333489,4,0,45
10539825,215,10/06/2020 00:00:00,10-Jun-2020 09:20:30,10-Jun-2020 16:17:32,41.6941429991177,590.4,72,14.4,06:57:03,3.475,4.70867208672087,46.4028150858386,34.2452775333489,34.2452775333489,5,0,45
10539829,215,10/06/2020 00:00:00,10-Jun-2020 09:21:52,10-Jun-2020 16:18:54,41.6941429991177,590.4,72,14.4,06:57:03,3.475,4.70867208672087,46.4028150858386,34.2452775333489,34.2452775333489,6,0,45
10539832,215,11/06/2020 00:00:00,11-Jun-2020 08:01:17,11-Jun-2020 14:56:55,39.8547847383234,590.4,72,14.4,06:55:38,3.4583,4.6860433604336,44.540828098757,32.8711311368827,32.8711311368827,1,0,45
10539834,215,11/06/2020 00:00:00,11-Jun-2020 08:08:31,11-Jun-2020 15:04:08,39.8547847383234,590.4,72,14.4,06:55:37,3.4583,4.6860433604336,44.540828098757,32.8711311368827,32.8711311368827,2,0,45
10539833,215,11/06/2020 00:00:00,11-Jun-2020 08:28:20,11-Jun-2020 15:23:58,39.8547847383234,590.4,72,14.4,06:55:38,3.4583,4.6860433604336,44.540828098757,32.8711311368827,32.8711311368827,3,0,45
10539835,215,11/06/2020 00:00:00,11-Jun-2020 08:38:37,11-Jun-2020 15:34:15,39.8547847383234,590.4,72,14.4,06:55:38,3.4583,4.6860433604336,44.540828098757,32.8711311368827,32.8711311368827,4,0,45
10539831,215,11/06/2020 00:00:00,11-Jun-2020 08:52:27,11-Jun-2020 15:48:05,39.8547847383234,590.4,72,14.4,06:55:38,3.4583,4.6860433604336,44.540828098757,32.8711311368827,32.8711311368827,5,0,45
10539839,215,12/06/2020 00:00:00,12-Jun-2020 06:30:43,12-Jun-2020 13:26:21,39.8547847383234,590.4,72,14.4,06:55:38,3.4583,4.6860433604336,44.540828098757,32.8711311368827,32.8711311368827,1,0,45
10539836,215,12/06/2020 00:00:00,12-Jun-2020 06:58:22,12-Jun-2020 13:53:59,39.8547847383234,590.4,72,14.4,06:55:38,3.4583,4.6860433604336,44.540828098757,32.8711311368827,32.8711311368827,2,0,45
10539838,215,12/06/2020 00:00:00,12-Jun-2020 07:14:32,12-Jun-2020 14:10:09,39.8547847383234,590.4,72,14.4,06:55:37,3.4583,4.6860433604336,44.540828098757,32.8711311368827,32.8711311368827,3,0,45
10539837,215,12/06/2020 00:00:00,12-Jun-2020 08:21:49,12-Jun-2020 15:17:27,39.8547847383234,590.4,72,14.4,06:55:38,3.4583,4.6860433604336,44.540828098757,32.8711311368827,32.8711311368827,4,0,45
10539840,215,12/06/2020 00:00:00,12-Jun-2020 08:38:19,12-Jun-2020 15:33:57,39.8547847383234,590.4,72,14.4,06:55:38,3.4583,4.6860433604336,44.540828098757,32.8711311368827,32.8711311368827,5,0,45
10539843,215,13/06/2020 00:00:00,13-Jun-2020 06:33:31,13-Jun-2020 13:29:09,39.8547847383234,590.4,72,14.4,06:55:38,3.4583,4.6860433604336,44.540828098757,32.8711311368827,32.8711311368827,1,0,45
10539841,215,13/06/2020 00:00:00,13-Jun-2020 06:54:50,13-Jun-2020 13:50:28,39.8547847383234,590.4,72,14.4,06:55:38,3.4583,4.6860433604336,44.540828098757,32.8711311368827,32.8711311368827,2,0,45
10539844,215,13/06/2020 00:00:00,13-Jun-2020 07:00:33,13-Jun-2020 13:56:11,39.8547847383234,590.4,72,14.4,06:55:38,3.4583,4.6860433604336,44.540828098757,32.8711311368827,32.8711311368827,3,0,45
10539845,215,13/06/2020 00:00:00,13-Jun-2020 07:04:02,13-Jun-2020 13:59:39,39.8547847383234,590.4,72,14.4,06:55:37,3.4583,4.6860433604336,44.540828098757,32.8711311368827,32.8711311368827,4,0,45
10539842,215,13/06/2020 00:00:00,13-Jun-2020 07:18:42,13-Jun-2020 14:14:20,39.8547847383234,590.4,72,14.4,06:55:38,3.4583,4.6860433604336,44.540828098757,32.8711311368827,32.8711311368827,5,0,45
10539847,215,14/06/2020 00:00:00,14-Jun-2020 06:31:30,14-Jun-2020 13:27:08,39.8547847383234,590.4,72,14.4,06:55:38,3.4583,4.6860433604336,44.540828098757,32.8711311368827,32.8711311368827,1,0,45
10539850,215,14/06/2020 00:00:00,14-Jun-2020 06:32:49,14-Jun-2020 13:28:25,39.8547847383234,590.4,72,14.4,06:55:37,3.4583,4.6860433604336,44.540828098757,32.8711311368827,32.8711311368827,2,0,45
10539849,215,14/06/2020 00:00:00,14-Jun-2020 07:32:44,14-Jun-2020 14:28:22,39.8547847383234,590.4,72,14.4,06:55:38,3.4583,4.6860433604336,44.540828098757,32.8711311368827,32.8711311368827,3,0,45
10539852,215,14/06/2020 00:00:00,14-Jun-2020 07:51:38,14-Jun-2020 14:47:16,39.8547847383234,590.4,72,14.4,06:55:38,3.4583,4.6860433604336,44.540828098757,32.8711311368827,32.8711311368827,4,0,45
10539848,215,14/06/2020 00:00:00,14-Jun-2020 07:52:43,14-Jun-2020 14:48:20,39.8547847383234,590.4,72,14.4,06:55:37,3.4583,4.6860433604336,44.540828098757,32.8711311368827,32.8711311368827,5,0,45
10539846,215,14/06/2020 00:00:00,14-Jun-2020 07:53:13,14-Jun-2020 14:48:50,39.8547847383234,590.4,72,14.4,06:55:37,3.4583,4.6860433604336,44.540828098757,32.8711311368827,32.8711311368827,6,0,45
10539851,215,14/06/2020 00:00:00,14-Jun-2020 08:32:17,14-Jun-2020 15:27:55,39.8547847383234,590.4,72,14.4,06:55:38,3.4583,4.6860433604336,44.540828098757,32.8711311368827,32.8711311368827,7,0,45
10539857,215,15/06/2020 00:00:00,15-Jun-2020 07:05:51,15-Jun-2020 14:01:29,39.8547847383234,590.4,72,14.4,06:55:38,3.4583,4.6860433604336,44.540828098757,32.8711311368827,32.8711311368827,1,0,45
10539856,215,15/06/2020 00:00:00,15-Jun-2020 07:12:38,15-Jun-2020 14:08:16,39.8547847383234,590.4,72,14.4,06:55:38,3.4583,4.6860433604336,44.540828098757,32.8711311368827,32.8711311368827,2,0,45
10539858,215,15/06/2020 00:00:00,15-Jun-2020 07:36:05,15-Jun-2020 14:31:43,39.8547847383234,590.4,72,14.4,06:55:38,3.4583,4.6860433604336,44.540828098757,32.8711311368827,32.8711311368827,3,0,45
10539855,215,15/06/2020 00:00:00,15-Jun-2020 07:53:01,15-Jun-2020 14:48:39,39.8547847383234,590.4,72,14.4,06:55:38,3.4583,4.6860433604336,44.540828098757,32.8711311368827,32.8711311368827,4,0,45
10539859,215,15/06/2020 00:00:00,15-Jun-2020 08:01:39,15-Jun-2020 14:57:17,39.8547847383234,590.4,72,14.4,06:55:38,3.4583,4.6860433604336,44.540828098757,32.8711311368827,32.8711311368827,5,0,45
10539853,215,15/06/2020 00:00:00,15-Jun-2020 08:33:32,15-Jun-2020 15:29:10,39.8547847383234,590.4,72,14.4,06:55:38,3.4583,4.6860433604336,44.540828098757,32.8711311368827,32.8711311368827,6,0,45
10539854,215,15/06/2020 00:00:00,15-Jun-2020 09:22:16,15-Jun-2020 16:17:54,39.8547847383234,590.4,72,14.4,06:55:38,3.4583,4.6860433604336,44.540828098757,32.8711311368827,32.8711311368827,7,0,45
10539865,215,16/06/2020 00:00:00,16-Jun-2020 06:38:08,16-Jun-2020 13:33:46,39.8547847383234,590.4,72,14.4,06:55:38,3.4583,4.6860433604336,44.540828098757,32.8711311368827,32.8711311368827,1,0,45
10539864,215,16/06/2020 00:00:00,16-Jun-2020 07:55:02,16-Jun-2020 14:50:40,39.8547847383234,590.4,72,14.4,06:55:38,3.4583,4.6860433604336,44.540828098757,32.8711311368827,32.8711311368827,2,0,45
10539860,215,16/06/2020 00:00:00,16-Jun-2020 08:06:41,16-Jun-2020 15:02:18,39.8547847383234,590.4,72,14.4,06:55:37,3.4583,4.6860433604336,44.540828098757,32.8711311368827,32.8711311368827,3,0,45
10539863,215,16/06/2020 00:00:00,16-Jun-2020 08:32:26,16-Jun-2020 15:28:04,39.8547847383234,590.4,72,14.4,06:55:38,3.4583,4.6860433604336,44.540828098757,32.8711311368827,32.8711311368827,4,0,45
10539861,215,16/06/2020 00:00:00,16-Jun-2020 08:47:09,16-Jun-2020 15:42:46,39.8547847383234,590.4,72,14.4,06:55:37,3.4583,4.6860433604336,44.540828098757,32.8711311368827,32.8711311368827,5,0,45
10539862,215,16/06/2020 00:00:00,16-Jun-2020 09:10:01,16-Jun-2020 16:05:39,39.8547847383234,590.4,72,14.4,06:55:38,3.4583,4.6860433604336,44.540828098757,32.8711311368827,32.8711311368827,6,0,45
10539866,215,17/06/2020 00:00:00,17-Jun-2020 06:41:41,17-Jun-2020 13:37:19,39.8547847383234,590.4,72,14.4,06:55:38,3.4583,4.6860433604336,44.540828098757,32.8711311368827,32.8711311368827,1,0,45
10539868,215,17/06/2020 00:00:00,17-Jun-2020 06:51:41,17-Jun-2020 13:47:19,39.8547847383234,590.4,72,14.4,06:55:37,3.4583,4.6860433604336,44.540828098757,32.8711311368827,32.8711311368827,2,0,45
10539869,215,17/06/2020 00:00:00,17-Jun-2020 07:35:11,17-Jun-2020 14:30:49,39.8547847383234,590.4,72,14.4,06:55:38,3.4583,4.6860433604336,44.540828098757,32.8711311368827,32.8711311368827,3,0,45
10539871,215,17/06/2020 00:00:00,17-Jun-2020 07:45:32,17-Jun-2020 14:41:10,39.8547847383234,590.4,72,14.4,06:55:38,3.4583,4.6860433604336,44.540828098757,32.8711311368827,32.8711311368827,4,0,45
10539870,215,17/06/2020 00:00:00,17-Jun-2020 07:55:28,17-Jun-2020 14:51:06,39.8547847383234,590.4,72,14.4,06:55:38,3.4583,4.6860433604336,44.540828098757,32.8711311368827,32.8711311368827,5,0,45
10539867,215,17/06/2020 00:00:00,17-Jun-2020 09:27:17,17-Jun-2020 16:22:54,39.8547847383234,590.4,72,14.4,06:55:37,3.4583,4.6860433604336,44.540828098757,32.8711311368827,32.8711311368827,6,0,45
10539872,215,18/06/2020 00:00:00,18-Jun-2020 08:03:27,18-Jun-2020 15:04:35,41.4531517998029,590.4,72,14.4,07:01:09,3.5083,4.75379403794038,46.2069458377433,34.1007260282545,34.1007260282545,1,0,45
10539875,215,18/06/2020 00:00:00,18-Jun-2020 08:22:03,18-Jun-2020 15:23:14,41.4531517998029,590.4,72,14.4,07:01:10,3.5083,4.75379403794038,46.2069458377433,34.1007260282545,34.1007260282545,2,0,45
10539873,215,18/06/2020 00:00:00,18-Jun-2020 08:33:11,18-Jun-2020 15:34:21,41.4531517998029,590.4,72,14.4,07:01:09,3.5083,4.75379403794038,46.2069458377433,34.1007260282545,34.1007260282545,3,0,45
10539877,215,18/06/2020 00:00:00,18-Jun-2020 08:55:19,18-Jun-2020 15:56:29,41.4531517998029,590.4,72,14.4,07:01:09,3.5083,4.75379403794038,46.2069458377433,34.1007260282545,34.1007260282545,4,0,45
10539874,215,18/06/2020 00:00:00,18-Jun-2020 09:16:13,18-Jun-2020 16:17:23,41.4531517998029,590.4,72,14.4,07:01:09,3.5083,4.75379403794038,46.2069458377433,34.1007260282545,34.1007260282545,5,0,45
10539876,215,18/06/2020 00:00:00,18-Jun-2020 09:29:06,18-Jun-2020 16:30:15,41.4531517998029,590.4,72,14.4,07:01:09,3.5083,4.75379403794038,46.2069458377433,34.1007260282545,34.1007260282545,6,0,45
10539881,215,19/06/2020 00:00:00,19-Jun-2020 06:57:10,19-Jun-2020 13:58:19,41.4531517998029,590.4,72,14.4,07:01:10,3.5083,4.75379403794038,46.2069458377433,34.1007260282545,34.1007260282545,1,0,45
10539878,215,19/06/2020 00:00:00,19-Jun-2020 07:23:05,19-Jun-2020 14:24:15,41.4531517998029,590.4,72,14.4,07:01:09,3.5083,4.75379403794038,46.2069458377433,34.1007260282545,34.1007260282545,2,0,45
10539882,215,19/06/2020 00:00:00,19-Jun-2020 07:31:34,19-Jun-2020 14:32:44,41.4531517998029,590.4,72,14.4,07:01:10,3.5083,4.75379403794038,46.2069458377433,34.1007260282545,34.1007260282545,3,0,45
10539879,215,19/06/2020 00:00:00,19-Jun-2020 08:29:36,19-Jun-2020 15:30:46,41.4531517998029,590.4,72,14.4,07:01:10,3.5083,4.75379403794038,46.2069458377433,34.1007260282545,34.1007260282545,4,0,45
10539880,215,19/06/2020 00:00:00,19-Jun-2020 09:18:53,19-Jun-2020 16:20:03,41.4531517998029,590.4,72,14.4,07:01:10,3.5083,4.75379403794038,46.2069458377433,34.1007260282545,34.1007260282545,5,0,45
10539884,215,20/06/2020 00:00:00,20-Jun-2020 06:37:44,20-Jun-2020 13:38:54,41.4531517998029,590.4,72,14.4,07:01:10,3.5083,4.75379403794038,46.2069458377433,34.1007260282545,34.1007260282545,1,0,45
10539887,215,20/06/2020 00:00:00,20-Jun-2020 06:58:48,20-Jun-2020 13:59:56,41.4531517998029,590.4,72,14.4,07:01:09,3.5083,4.75379403794038,46.2069458377433,34.1007260282545,34.1007260282545,2,0,45
10539883,215,20/06/2020 00:00:00,20-Jun-2020 07:50:20,20-Jun-2020 14:51:29,41.4531517998029,590.4,72,14.4,07:01:09,3.5083,4.75379403794038,46.2069458377433,34.1007260282545,34.1007260282545,3,0,45
10539885,215,20/06/2020 00:00:00,20-Jun-2020 08:44:06,20-Jun-2020 15:45:15,41.4531517998029,590.4,72,14.4,07:01:10,3.5083,4.75379403794038,46.2069458377433,34.1007260282545,34.1007260282545,4,0,45
10539888,215,20/06/2020 00:00:00,20-Jun-2020 08:44:10,20-Jun-2020 15:45:20,41.4531517998029,590.4,72,14.4,07:01:10,3.5083,4.75379403794038,46.2069458377433,34.1007260282545,34.1007260282545,5,0,45
10539886,215,20/06/2020 00:00:00,20-Jun-2020 08:56:40,20-Jun-2020 15:57:51,41.4531517998029,590.4,72,14.4,07:01:10,3.5083,4.75379403794038,46.2069458377433,34.1007260282545,34.1007260282545,6,0,45
10539896,215,21/06/2020 00:00:00,21-Jun-2020 06:50:28,21-Jun-2020 13:51:38,41.4531517998029,590.4,72,14.4,07:01:09,3.5083,4.75379403794038,46.2069458377433,34.1007260282545,34.1007260282545,1,0,45
10539894,215,21/06/2020 00:00:00,21-Jun-2020 07:16:35,21-Jun-2020 14:17:44,41.4531517998029,590.4,72,14.4,07:01:09,3.5083,4.75379403794038,46.2069458377433,34.1007260282545,34.1007260282545,2,0,45
10539889,215,21/06/2020 00:00:00,21-Jun-2020 07:23:26,21-Jun-2020 14:24:36,41.4531517998029,590.4,72,14.4,07:01:10,3.5083,4.75379403794038,46.2069458377433,34.1007260282545,34.1007260282545,3,0,45
10539892,215,21/06/2020 00:00:00,21-Jun-2020 07:34:19,21-Jun-2020 14:35:28,41.4531517998029,590.4,72,14.4,07:01:09,3.5083,4.75379403794038,46.2069458377433,34.1007260282545,34.1007260282545,4,0,45
10539895,215,21/06/2020 00:00:00,21-Jun-2020 07:46:43,21-Jun-2020 14:47:53,41.4531517998029,590.4,72,14.4,07:01:09,3.5083,4.75379403794038,46.2069458377433,34.1007260282545,34.1007260282545,5,0,45
10539891,215,21/06/2020 00:00:00,21-Jun-2020 07:49:48,21-Jun-2020 14:50:59,41.4531517998029,590.4,72,14.4,07:01:10,3.5083,4.75379403794038,46.2069458377433,34.1007260282545,34.1007260282545,6,0,45
10539893,215,21/06/2020 00:00:00,21-Jun-2020 08:49:21,21-Jun-2020 15:50:31,41.4531517998029,590.4,72,14.4,07:01:10,3.5083,4.75379403794038,46.2069458377433,34.1007260282545,34.1007260282545,7,0,45
10539890,215,21/06/2020 00:00:00,21-Jun-2020 09:09:39,21-Jun-2020 16:10:50,41.4531517998029,590.4,72,14.4,07:01:10,3.5083,4.75379403794038,46.2069458377433,34.1007260282545,34.1007260282545,8,0,45
10539902,215,22/06/2020 00:00:00,22-Jun-2020 06:30:59,22-Jun-2020 13:32:09,41.4531517998029,590.4,72,14.4,07:01:10,3.5083,4.75379403794038,46.2069458377433,34.1007260282545,34.1007260282545,1,0,45
10539900,215,22/06/2020 00:00:00,22-Jun-2020 07:32:49,22-Jun-2020 14:33:58,41.4531517998029,590.4,72,14.4,07:01:09,3.5083,4.75379403794038,46.2069458377433,34.1007260282545,34.1007260282545,2,0,45
10539898,215,22/06/2020 00:00:00,22-Jun-2020 07:33:56,22-Jun-2020 14:35:05,41.4531517998029,590.4,72,14.4,07:01:09,3.5083,4.75379403794038,46.2069458377433,34.1007260282545,34.1007260282545,3,0,45
10539897,215,22/06/2020 00:00:00,22-Jun-2020 07:36:38,22-Jun-2020 14:37:46,41.4531517998029,590.4,72,14.4,07:01:09,3.5083,4.75379403794038,46.2069458377433,34.1007260282545,34.1007260282545,4,0,45
10539899,215,22/06/2020 00:00:00,22-Jun-2020 08:54:39,22-Jun-2020 15:55:49,41.4531517998029,590.4,72,14.4,07:01:10,3.5083,4.75379403794038,46.2069458377433,34.1007260282545,34.1007260282545,5,0,45
10539901,215,22/06/2020 00:00:00,22-Jun-2020 09:10:52,22-Jun-2020 16:12:02,41.4531517998029,590.4,72,14.4,07:01:10,3.5083,4.75379403794038,46.2069458377433,34.1007260282545,34.1007260282545,6,0,45
10539903,215,22/06/2020 00:00:00,22-Jun-2020 09:17:01,22-Jun-2020 16:18:11,41.4531517998029,590.4,72,14.4,07:01:10,3.5083,4.75379403794038,46.2069458377433,34.1007260282545,34.1007260282545,7,0,45
10539906,215,23/06/2020 00:00:00,23-Jun-2020 06:45:53,23-Jun-2020 13:47:03,41.4531517998029,590.4,72,14.4,07:01:09,3.5083,4.75379403794038,46.2069458377433,34.1007260282545,34.1007260282545,1,0,45
10539909,215,23/06/2020 00:00:00,23-Jun-2020 07:43:00,23-Jun-2020 14:44:10,41.4531517998029,590.4,72,14.4,07:01:09,3.5083,4.75379403794038,46.2069458377433,34.1007260282545,34.1007260282545,2,0,45
10539904,215,23/06/2020 00:00:00,23-Jun-2020 07:51:35,23-Jun-2020 14:52:44,41.4531517998029,590.4,72,14.4,07:01:10,3.5083,4.75379403794038,46.2069458377433,34.1007260282545,34.1007260282545,3,0,45
10539905,215,23/06/2020 00:00:00,23-Jun-2020 08:56:53,23-Jun-2020 15:58:03,41.4531517998029,590.4,72,14.4,07:01:10,3.5083,4.75379403794038,46.2069458377433,34.1007260282545,34.1007260282545,4,0,45
10539907,215,23/06/2020 00:00:00,23-Jun-2020 09:02:50,23-Jun-2020 16:03:59,41.4531517998029,590.4,72,14.4,07:01:09,3.5083,4.75379403794038,46.2069458377433,34.1007260282545,34.1007260282545,5,0,45
10539908,215,23/06/2020 00:00:00,23-Jun-2020 09:23:28,23-Jun-2020 16:24:37,41.4531517998029,590.4,72,14.4,07:01:09,3.5083,4.75379403794038,46.2069458377433,34.1007260282545,34.1007260282545,6,0,45
10539913,215,24/06/2020 00:00:00,24-Jun-2020 06:41:59,24-Jun-2020 13:43:07,41.4531517998029,590.4,72,14.4,07:01:09,3.5083,4.75379403794038,46.2069458377433,34.1007260282545,34.1007260282545,1,0,45
10539911,215,24/06/2020 00:00:00,24-Jun-2020 07:17:24,24-Jun-2020 14:18:33,41.4531517998029,590.4,72,14.4,07:01:09,3.5083,4.75379403794038,46.2069458377433,34.1007260282545,34.1007260282545,2,0,45
10539914,215,24/06/2020 00:00:00,24-Jun-2020 07:37:28,24-Jun-2020 14:38:37,41.4531517998029,590.4,72,14.4,07:01:09,3.5083,4.75379403794038,46.2069458377433,34.1007260282545,34.1007260282545,3,0,45
10539910,215,24/06/2020 00:00:00,24-Jun-2020 08:24:21,24-Jun-2020 15:25:29,41.4531517998029,590.4,72,14.4,07:01:09,3.5083,4.75379403794038,46.2069458377433,34.1007260282545,34.1007260282545,4,0,45
10539915,215,24/06/2020 00:00:00,24-Jun-2020 08:34:29,24-Jun-2020 15:35:37,41.4531517998029,590.4,72,14.4,07:01:09,3.5083,4.75379403794038,46.2069458377433,34.1007260282545,34.1007260282545,5,0,45
10539912,215,24/06/2020 00:00:00,24-Jun-2020 08:57:44,24-Jun-2020 15:58:52,41.4531517998029,590.4,72,14.4,07:01:09,3.5083,4.75379403794038,46.2069458377433,34.1007260282545,34.1007260282545,6,0,45
10539916,215,25/06/2020 00:00:00,25-Jun-2020 07:14:33,25-Jun-2020 14:31:59,43.8399907209026,590.4,72,14.4,07:17:26,3.6417,4.93455284552846,48.7745435664311,35.9956131520261,35.9956131520261,1,0,45
10539917,215,25/06/2020 00:00:00,25-Jun-2020 07:40:58,25-Jun-2020 14:58:24,43.8399907209026,590.4,72,14.4,07:17:27,3.6417,4.93455284552846,48.7745435664311,35.9956131520261,35.9956131520261,2,0,45
10539919,215,25/06/2020 00:00:00,25-Jun-2020 07:48:02,25-Jun-2020 15:05:28,43.8399907209026,590.4,72,14.4,07:17:27,3.6417,4.93455284552846,48.7745435664311,35.9956131520261,35.9956131520261,3,0,45
10539920,215,25/06/2020 00:00:00,25-Jun-2020 07:56:28,25-Jun-2020 15:13:56,43.8399907209026,590.4,72,14.4,07:17:27,3.6417,4.93455284552846,48.7745435664311,35.9956131520261,35.9956131520261,4,0,45
10539918,215,25/06/2020 00:00:00,25-Jun-2020 08:49:27,25-Jun-2020 16:06:53,43.8399907209026,590.4,72,14.4,07:17:27,3.6417,4.93455284552846,48.7745435664311,35.9956131520261,35.9956131520261,5,0,45
10539921,215,26/06/2020 00:00:00,26-Jun-2020 06:33:37,26-Jun-2020 13:51:04,43.8399907209026,590.4,72,14.4,07:17:27,3.6417,4.93455284552846,48.7745435664311,35.9956131520261,35.9956131520261,1,0,45
10539923,215,26/06/2020 00:00:00,26-Jun-2020 07:39:37,26-Jun-2020 14:57:03,43.8399907209026,590.4,72,14.4,07:17:27,3.6417,4.93455284552846,48.7745435664311,35.9956131520261,35.9956131520261,2,0,45
10539922,215,26/06/2020 00:00:00,26-Jun-2020 08:44:34,26-Jun-2020 16:02:02,43.8399907209026,590.4,72,14.4,07:17:27,3.6417,4.93455284552846,48.7745435664311,35.9956131520261,35.9956131520261,3,0,45
10539925,215,26/06/2020 00:00:00,26-Jun-2020 08:55:12,26-Jun-2020 16:12:40,43.8399907209026,590.4,72,14.4,07:17:27,3.6417,4.93455284552846,48.7745435664311,35.9956131520261,35.9956131520261,4,0,45
10539924,215,26/06/2020 00:00:00,26-Jun-2020 08:59:39,26-Jun-2020 16:17:06,43.8399907209026,590.4,72,14.4,07:17:26,3.6417,4.93455284552846,48.7745435664311,35.9956131520261,35.9956131520261,5,0,45
10539928,215,27/06/2020 00:00:00,27-Jun-2020 08:04:52,27-Jun-2020 15:22:19,43.8399907209026,590.4,72,14.4,07:17:27,3.6417,4.93455284552846,48.7745435664311,35.9956131520261,35.9956131520261,1,0,45
10539930,215,27/06/2020 00:00:00,27-Jun-2020 08:10:19,27-Jun-2020 15:27:46,43.8399907209026,590.4,72,14.4,07:17:27,3.6417,4.93455284552846,48.7745435664311,35.9956131520261,35.9956131520261,2,0,45
10539927,215,27/06/2020 00:00:00,27-Jun-2020 08:32:11,27-Jun-2020 15:49:38,43.8399907209026,590.4,72,14.4,07:17:27,3.6417,4.93455284552846,48.7745435664311,35.9956131520261,35.9956131520261,3,0,45
10539926,215,27/06/2020 00:00:00,27-Jun-2020 09:05:52,27-Jun-2020 16:23:19,43.8399907209026,590.4,72,14.4,07:17:27,3.6417,4.93455284552846,48.7745435664311,35.9956131520261,35.9956131520261,4,0,45
10539929,215,27/06/2020 00:00:00,27-Jun-2020 09:14:21,27-Jun-2020 16:31:48,43.8399907209026,590.4,72,14.4,07:17:26,3.6417,4.93455284552846,48.7745435664311,35.9956131520261,35.9956131520261,5,0,45
10539938,215,28/06/2020 00:00:00,28-Jun-2020 06:51:03,28-Jun-2020 14:08:30,43.8399907209026,590.4,72,14.4,07:17:27,3.6417,4.93455284552846,48.7745435664311,35.9956131520261,35.9956131520261,1,0,45
10539931,215,28/06/2020 00:00:00,28-Jun-2020 07:32:56,28-Jun-2020 14:50:22,43.8399907209026,590.4,72,14.4,07:17:27,3.6417,4.93455284552846,48.7745435664311,35.9956131520261,35.9956131520261,2,0,45
10539933,215,28/06/2020 00:00:00,28-Jun-2020 07:37:00,28-Jun-2020 14:54:27,43.8399907209026,590.4,72,14.4,07:17:27,3.6417,4.93455284552846,48.7745435664311,35.9956131520261,35.9956131520261,3,0,45
10539932,215,28/06/2020 00:00:00,28-Jun-2020 07:37:12,28-Jun-2020 14:54:39,43.8399907209026,590.4,72,14.4,07:17:26,3.6417,4.93455284552846,48.7745435664311,35.9956131520261,35.9956131520261,4,0,45
10539935,215,28/06/2020 00:00:00,28-Jun-2020 07:41:44,28-Jun-2020 14:59:11,43.8399907209026,590.4,72,14.4,07:17:27,3.6417,4.93455284552846,48.7745435664311,35.9956131520261,35.9956131520261,5,0,45
10539937,215,28/06/2020 00:00:00,28-Jun-2020 08:12:58,28-Jun-2020 15:30:25,43.8399907209026,590.4,72,14.4,07:17:27,3.6417,4.93455284552846,48.7745435664311,35.9956131520261,35.9956131520261,6,0,45
10539934,215,28/06/2020 00:00:00,28-Jun-2020 08:48:30,28-Jun-2020 16:05:55,43.8399907209026,590.4,72,14.4,07:17:26,3.6417,4.93455284552846,48.7745435664311,35.9956131520261,35.9956131520261,7,0,45
10539936,215,28/06/2020 00:00:00,28-Jun-2020 09:20:32,28-Jun-2020 16:37:58,43.8399907209026,590.4,72,14.4,07:17:26,3.6417,4.93455284552846,48.7745435664311,35.9956131520261,35.9956131520261,8,0,45
10539942,215,29/06/2020 00:00:00,29-Jun-2020 07:33:46,29-Jun-2020 14:51:13,43.8399907209026,590.4,72,14.4,07:17:27,3.6417,4.93455284552846,48.7745435664311,35.9956131520261,35.9956131520261,1,0,45
10539945,215,29/06/2020 00:00:00,29-Jun-2020 08:31:25,29-Jun-2020 15:48:51,43.8399907209026,590.4,72,14.4,07:17:27,3.6417,4.93455284552846,48.7745435664311,35.9956131520261,35.9956131520261,2,0,45
10539939,215,29/06/2020 00:00:00,29-Jun-2020 08:33:15,29-Jun-2020 15:50:42,43.8399907209026,590.4,72,14.4,07:17:27,3.6417,4.93455284552846,48.7745435664311,35.9956131520261,35.9956131520261,3,0,45
10539944,215,29/06/2020 00:00:00,29-Jun-2020 08:41:24,29-Jun-2020 15:58:51,43.8399907209026,590.4,72,14.4,07:17:27,3.6417,4.93455284552846,48.7745435664311,35.9956131520261,35.9956131520261,4,0,45
10539941,215,29/06/2020 00:00:00,29-Jun-2020 08:59:45,29-Jun-2020 16:17:10,43.8399907209026,590.4,72,14.4,07:17:26,3.6417,4.93455284552846,48.7745435664311,35.9956131520261,35.9956131520261,5,0,45
10539940,215,29/06/2020 00:00:00,29-Jun-2020 09:15:02,29-Jun-2020 16:32:29,43.8399907209026,590.4,72,14.4,07:17:27,3.6417,4.93455284552846,48.7745435664311,35.9956131520261,35.9956131520261,6,0,45
10539943,215,29/06/2020 00:00:00,29-Jun-2020 09:24:12,29-Jun-2020 16:41:38,43.8399907209026,590.4,72,14.4,07:17:27,3.6417,4.93455284552846,48.7745435664311,35.9956131520261,35.9956131520261,7,0,45
10539950,215,30/06/2020 00:00:00,30-Jun-2020 07:15:02,30-Jun-2020 14:32:29,43.8399907209026,590.4,72,14.4,07:17:27,3.6417,4.93455284552846,48.7745435664311,35.9956131520261,35.9956131520261,1,0,45
10539948,215,30/06/2020 00:00:00,30-Jun-2020 07:30:46,30-Jun-2020 14:48:13,43.8399907209026,590.4,72,14.4,07:17:26,3.6417,4.93455284552846,48.7745435664311,35.9956131520261,35.9956131520261,2,0,45
10539947,215,30/06/2020 00:00:00,30-Jun-2020 08:01:02,30-Jun-2020 15:18:27,43.8399907209026,590.4,72,14.4,07:17:26,3.6417,4.93455284552846,48.7745435664311,35.9956131520261,35.9956131520261,3,0,45
10539951,215,30/06/2020 00:00:00,30-Jun-2020 08:21:48,30-Jun-2020 15:39:13,43.8399907209026,590.4,72,14.4,07:17:26,3.6417,4.93455284552846,48.7745435664311,35.9956131520261,35.9956131520261,4,0,45
10539949,215,30/06/2020 00:00:00,30-Jun-2020 08:47:32,30-Jun-2020 16:05:00,43.8399907209026,590.4,72,14.4,07:17:27,3.6417,4.93455284552846,48.7745435664311,35.9956131520261,35.9956131520261,5,0,45
10539946,215,30/06/2020 00:00:00,30-Jun-2020 09:07:38,30-Jun-2020 16:25:04,43.8399907209026,590.4,72,14.4,07:17:27,3.6417,4.93455284552846,48.7745435664311,35.9956131520261,35.9956131520261,6,0,45
10539955,215,01/07/2020 00:00:00,01-Jul-2020 07:19:27,01-Jul-2020 14:36:53,43.8399907209026,590.4,72,14.4,07:17:27,3.6417,4.93455284552846,48.7745435664311,35.9956131520261,35.9956131520261,1,0,45
10539957,215,01/07/2020 00:00:00,01-Jul-2020 07:40:28,01-Jul-2020 14:57:54,43.8399907209026,590.4,72,14.4,07:17:27,3.6417,4.93455284552846,48.7745435664311,35.9956131520261,35.9956131520261,2,0,45
10539954,215,01/07/2020 00:00:00,01-Jul-2020 07:48:33,01-Jul-2020 15:06:00,43.8399907209026,590.4,72,14.4,07:17:27,3.6417,4.93455284552846,48.7745435664311,35.9956131520261,35.9956131520261,3,0,45
10539953,215,01/07/2020 00:00:00,01-Jul-2020 08:14:56,01-Jul-2020 15:32:22,43.8399907209026,590.4,72,14.4,07:17:26,3.6417,4.93455284552846,48.7745435664311,35.9956131520261,35.9956131520261,4,0,45
10539952,215,01/07/2020 00:00:00,01-Jul-2020 08:57:00,01-Jul-2020 16:14:26,43.8399907209026,590.4,72,14.4,07:17:27,3.6417,4.93455284552846,48.7745435664311,35.9956131520261,35.9956131520261,5,0,45
10539956,215,01/07/2020 00:00:00,01-Jul-2020 08:58:08,01-Jul-2020 16:15:35,43.8399907209026,590.4,72,14.4,07:17:27,3.6417,4.93455284552846,48.7745435664311,35.9956131520261,35.9956131520261,6,0,45
10539958,215,02/07/2020 00:00:00,02-Jul-2020 06:31:00,02-Jul-2020 13:23:35,40.8833415208261,590.4,72,14.4,06:52:36,3.4333,4.65216802168022,45.5355095425063,33.6052060423697,33.6052060423697,1,0,45
10539960,215,02/07/2020 00:00:00,02-Jul-2020 07:00:23,02-Jul-2020 13:52:59,40.8833415208261,590.4,72,14.4,06:52:36,3.4333,4.65216802168022,45.5355095425063,33.6052060423697,33.6052060423697,2,0,45
10539959,215,02/07/2020 00:00:00,02-Jul-2020 07:15:13,02-Jul-2020 14:07:49,40.8833415208261,590.4,72,14.4,06:52:36,3.4333,4.65216802168022,45.5355095425063,33.6052060423697,33.6052060423697,3,0,45
10539961,215,02/07/2020 00:00:00,02-Jul-2020 07:15:59,02-Jul-2020 14:08:35,40.8833415208261,590.4,72,14.4,06:52:36,3.4333,4.65216802168022,45.5355095425063,33.6052060423697,33.6052060423697,4,0,45
10539963,215,02/07/2020 00:00:00,02-Jul-2020 08:44:24,02-Jul-2020 15:36:59,40.8833415208261,590.4,72,14.4,06:52:36,3.4333,4.65216802168022,45.5355095425063,33.6052060423697,33.6052060423697,5,0,45
10539962,215,02/07/2020 00:00:00,02-Jul-2020 09:03:49,02-Jul-2020 15:56:24,40.8833415208261,590.4,72,14.4,06:52:36,3.4333,4.65216802168022,45.5355095425063,33.6052060423697,33.6052060423697,6,0,45
10539964,215,03/07/2020 00:00:00,03-Jul-2020 07:08:52,03-Jul-2020 14:01:28,40.8833415208261,590.4,72,14.4,06:52:36,3.4333,4.65216802168022,45.5355095425063,33.6052060423697,33.6052060423697,1,0,45
10539967,215,03/07/2020 00:00:00,03-Jul-2020 07:17:34,03-Jul-2020 14:10:10,40.8833415208261,590.4,72,14.4,06:52:36,3.4333,4.65216802168022,45.5355095425063,33.6052060423697,33.6052060423697,2,0,45
10539965,215,03/07/2020 00:00:00,03-Jul-2020 08:01:29,03-Jul-2020 14:54:04,40.8833415208261,590.4,72,14.4,06:52:36,3.4333,4.65216802168022,45.5355095425063,33.6052060423697,33.6052060423697,3,0,45
10539968,215,03/07/2020 00:00:00,03-Jul-2020 08:10:48,03-Jul-2020 15:03:25,40.8833415208261,590.4,72,14.4,06:52:36,3.4333,4.65216802168022,45.5355095425063,33.6052060423697,33.6052060423697,4,0,45
10539966,215,03/07/2020 00:00:00,03-Jul-2020 08:56:34,03-Jul-2020 15:49:11,40.8833415208261,590.4,72,14.4,06:52:36,3.4333,4.65216802168022,45.5355095425063,33.6052060423697,33.6052060423697,5,0,45
10539971,215,04/07/2020 00:00:00,04-Jul-2020 07:11:35,04-Jul-2020 14:04:12,40.8833415208261,590.4,72,14.4,06:52:36,3.4333,4.65216802168022,45.5355095425063,33.6052060423697,33.6052060423697,1,0,45
10539972,215,04/07/2020 00:00:00,04-Jul-2020 07:21:55,04-Jul-2020 14:14:31,40.8833415208261,590.4,72,14.4,06:52:36,3.4333,4.65216802168022,45.5355095425063,33.6052060423697,33.6052060423697,2,0,45
10539973,215,04/07/2020 00:00:00,04-Jul-2020 08:41:49,04-Jul-2020 15:34:25,40.8833415208261,590.4,72,14.4,06:52:36,3.4333,4.65216802168022,45.5355095425063,33.6052060423697,33.6052060423697,3,0,45
10539974,215,04/07/2020 00:00:00,04-Jul-2020 08:48:20,04-Jul-2020 15:40:56,40.8833415208261,590.4,72,14.4,06:52:36,3.4333,4.65216802168022,45.5355095425063,33.6052060423697,33.6052060423697,4,0,45
10539970,215,04/07/2020 00:00:00,04-Jul-2020 09:00:24,04-Jul-2020 15:53:01,40.8833415208261,590.4,72,14.4,06:52:36,3.4333,4.65216802168022,45.5355095425063,33.6052060423697,33.6052060423697,5,0,45
10539969,215,04/07/2020 00:00:00,04-Jul-2020 09:05:32,04-Jul-2020 15:58:07,40.8833415208261,590.4,72,14.4,06:52:35,3.4333,4.65216802168022,45.5355095425063,33.6052060423697,33.6052060423697,6,0,45
10539980,215,05/07/2020 00:00:00,05-Jul-2020 06:53:58,05-Jul-2020 13:46:34,40.8833415208261,590.4,72,14.4,06:52:36,3.4333,4.65216802168022,45.5355095425063,33.6052060423697,33.6052060423697,1,0,45
10539977,215,05/07/2020 00:00:00,05-Jul-2020 07:14:16,05-Jul-2020 14:06:51,40.8833415208261,590.4,72,14.4,06:52:36,3.4333,4.65216802168022,45.5355095425063,33.6052060423697,33.6052060423697,2,0,45
10539978,215,05/07/2020 00:00:00,05-Jul-2020 07:18:23,05-Jul-2020 14:10:59,40.8833415208261,590.4,72,14.4,06:52:36,3.4333,4.65216802168022,45.5355095425063,33.6052060423697,33.6052060423697,3,0,45
10539976,215,05/07/2020 00:00:00,05-Jul-2020 07:27:48,05-Jul-2020 14:20:25,40.8833415208261,590.4,72,14.4,06:52:36,3.4333,4.65216802168022,45.5355095425063,33.6052060423697,33.6052060423697,4,0,45
10539979,215,05/07/2020 00:00:00,05-Jul-2020 07:52:46,05-Jul-2020 14:45:23,40.8833415208261,590.4,72,14.4,06:52:36,3.4333,4.65216802168022,45.5355095425063,33.6052060423697,33.6052060423697,5,0,45
10539981,215,05/07/2020 00:00:00,05-Jul-2020 08:33:39,05-Jul-2020 15:26:14,40.8833415208261,590.4,72,14.4,06:52:36,3.4333,4.65216802168022,45.5355095425063,33.6052060423697,33.6052060423697,6,0,45
10539982,215,05/07/2020 00:00:00,05-Jul-2020 08:57:42,05-Jul-2020 15:50:17,40.8833415208261,590.4,72,14.4,06:52:35,3.4333,4.65216802168022,45.5355095425063,33.6052060423697,33.6052060423697,7,0,45
10539975,215,05/07/2020 00:00:00,05-Jul-2020 08:57:51,05-Jul-2020 15:50:27,40.8833415208261,590.4,72,14.4,06:52:36,3.4333,4.65216802168022,45.5355095425063,33.6052060423697,33.6052060423697,8,0,45
10539987,215,06/07/2020 00:00:00,06-Jul-2020 07:10:58,06-Jul-2020 14:03:35,40.8833415208261,590.4,72,14.4,06:52:36,3.4333,4.65216802168022,45.5355095425063,33.6052060423697,33.6052060423697,1,0,45
10539985,215,06/07/2020 00:00:00,06-Jul-2020 07:35:56,06-Jul-2020 14:28:32,40.8833415208261,590.4,72,14.4,06:52:36,3.4333,4.65216802168022,45.5355095425063,33.6052060423697,33.6052060423697,2,0,45
10539983,215,06/07/2020 00:00:00,06-Jul-2020 07:44:49,06-Jul-2020 14:37:24,40.8833415208261,590.4,72,14.4,06:52:36,3.4333,4.65216802168022,45.5355095425063,33.6052060423697,33.6052060423697,3,0,45
10539989,215,06/07/2020 00:00:00,06-Jul-2020 08:14:16,06-Jul-2020 15:06:52,40.8833415208261,590.4,72,14.4,06:52:36,3.4333,4.65216802168022,45.5355095425063,33.6052060423697,33.6052060423697,4,0,45
10539990,215,06/07/2020 00:00:00,06-Jul-2020 08:19:42,06-Jul-2020 15:12:19,40.8833415208261,590.4,72,14.4,06:52:36,3.4333,4.65216802168022,45.5355095425063,33.6052060423697,33.6052060423697,5,0,45
10539988,215,06/07/2020 00:00:00,06-Jul-2020 08:36:07,06-Jul-2020 15:28:42,40.8833415208261,590.4,72,14.4,06:52:36,3.4333,4.65216802168022,45.5355095425063,33.6052060423697,33.6052060423697,6,0,45
10539984,215,06/07/2020 00:00:00,06-Jul-2020 08:59:21,06-Jul-2020 15:51:56,40.8833415208261,590.4,72,14.4,06:52:36,3.4333,4.65216802168022,45.5355095425063,33.6052060423697,33.6052060423697,7,0,45
10539986,215,06/07/2020 00:00:00,06-Jul-2020 09:22:53,06-Jul-2020 16:15:30,40.8833415208261,590.4,72,14.4,06:52:36,3.4333,4.65216802168022,45.5355095425063,33.6052060423697,33.6052060423697,8,0,45
10539996,215,07/07/2020 00:00:00,07-Jul-2020 06:35:11,07-Jul-2020 13:27:47,40.8833415208261,590.4,72,14.4,06:52:36,3.4333,4.65216802168022,45.5355095425063,33.6052060423697,33.6052060423697,1,0,45
10539995,215,07/07/2020 00:00:00,07-Jul-2020 06:37:10,07-Jul-2020 13:29:46,40.8833415208261,590.4,72,14.4,06:52:36,3.4333,4.65216802168022,45.5355095425063,33.6052060423697,33.6052060423697,2,0,45
10539994,215,07/07/2020 00:00:00,07-Jul-2020 06:58:20,07-Jul-2020 13:50:55,40.8833415208261,590.4,72,14.4,06:52:36,3.4333,4.65216802168022,45.5355095425063,33.6052060423697,33.6052060423697,3,0,45
10539991,215,07/07/2020 00:00:00,07-Jul-2020 07:39:00,07-Jul-2020 14:31:35,40.8833415208261,590.4,72,14.4,06:52:36,3.4333,4.65216802168022,45.5355095425063,33.6052060423697,33.6052060423697,4,0,45
10539992,215,07/07/2020 00:00:00,07-Jul-2020 07:51:23,07-Jul-2020 14:43:59,40.8833415208261,590.4,72,14.4,06:52:36,3.4333,4.65216802168022,45.5355095425063,33.6052060423697,33.6052060423697,5,0,45
10539993,215,07/07/2020 00:00:00,07-Jul-2020 08:36:35,07-Jul-2020 15:29:11,40.8833415208261,590.4,72,14.4,06:52:36,3.4333,4.65216802168022,45.5355095425063,33.6052060423697,33.6052060423697,6,0,45
10539997,215,08/07/2020 00:00:00,08-Jul-2020 07:00:58,08-Jul-2020 13:53:35,40.8833415208261,590.4,72,14.4,06:52:36,3.4333,4.65216802168022,45.5355095425063,33.6052060423697,33.6052060423697,1,0,45
10540000,215,08/07/2020 00:00:00,08-Jul-2020 07:13:49,08-Jul-2020 14:06:26,40.8833415208261,590.4,72,14.4,06:52:36,3.4333,4.65216802168022,45.5355095425063,33.6052060423697,33.6052060423697,2,0,45
10540001,215,08/07/2020 00:00:00,08-Jul-2020 07:22:16,08-Jul-2020 14:14:52,40.8833415208261,590.4,72,14.4,06:52:36,3.4333,4.65216802168022,45.5355095425063,33.6052060423697,33.6052060423697,3,0,45
10540003,215,08/07/2020 00:00:00,08-Jul-2020 07:39:07,08-Jul-2020 14:31:42,40.8833415208261,590.4,72,14.4,06:52:36,3.4333,4.65216802168022,45.5355095425063,33.6052060423697,33.6052060423697,4,0,45
10539999,215,08/07/2020 00:00:00,08-Jul-2020 07:50:25,08-Jul-2020 14:43:02,40.8833415208261,590.4,72,14.4,06:52:36,3.4333,4.65216802168022,45.5355095425063,33.6052060423697,33.6052060423697,5,0,45
10540002,215,08/07/2020 00:00:00,08-Jul-2020 08:02:15,08-Jul-2020 14:54:49,40.8833415208261,590.4,72,14.4,06:52:35,3.4333,4.65216802168022,45.5355095425063,33.6052060423697,33.6052060423697,6,0,45
10539998,215,08/07/2020 00:00:00,08-Jul-2020 08:42:18,08-Jul-2020 15:34:53,40.8833415208261,590.4,72,14.4,06:52:36,3.4333,4.65216802168022,45.5355095425063,33.6052060423697,33.6052060423697,7,0,45
10540004,215,09/07/2020 00:00:00,09-Jul-2020 07:16:39,09-Jul-2020 14:19:25,39.8043781631717,590.4,72,14.4,07:02:46,3.5167,4.76517615176152,44.5695543149332,32.8923310844207,32.8923310844207,1,0,45
10540009,215,09/07/2020 00:00:00,09-Jul-2020 07:20:08,09-Jul-2020 14:22:55,39.8043781631717,590.4,72,14.4,07:02:46,3.5167,4.76517615176152,44.5695543149332,32.8923310844207,32.8923310844207,2,0,45
10540008,215,09/07/2020 00:00:00,09-Jul-2020 07:57:35,09-Jul-2020 15:00:23,39.8043781631717,590.4,72,14.4,07:02:47,3.5167,4.76517615176152,44.5695543149332,32.8923310844207,32.8923310844207,3,0,45
10540007,215,09/07/2020 00:00:00,09-Jul-2020 08:15:38,09-Jul-2020 15:18:24,39.8043781631717,590.4,72,14.4,07:02:46,3.5167,4.76517615176152,44.5695543149332,32.8923310844207,32.8923310844207,4,0,45
10540005,215,09/07/2020 00:00:00,09-Jul-2020 08:30:40,09-Jul-2020 15:33:26,39.8043781631717,590.4,72,14.4,07:02:46,3.5167,4.76517615176152,44.5695543149332,32.8923310844207,32.8923310844207,5,0,45
10540006,215,09/07/2020 00:00:00,09-Jul-2020 08:45:01,09-Jul-2020 15:47:48,39.8043781631717,590.4,72,14.4,07:02:47,3.5167,4.76517615176152,44.5695543149332,32.8923310844207,32.8923310844207,6,0,45
10540013,215,10/07/2020 00:00:00,10-Jul-2020 06:55:02,10-Jul-2020 13:57:49,39.8043781631717,590.4,72,14.4,07:02:46,3.5167,4.76517615176152,44.5695543149332,32.8923310844207,32.8923310844207,1,0,45
10540014,215,10/07/2020 00:00:00,10-Jul-2020 07:54:58,10-Jul-2020 14:57:45,39.8043781631717,590.4,72,14.4,07:02:47,3.5167,4.76517615176152,44.5695543149332,32.8923310844207,32.8923310844207,2,0,45
10540010,215,10/07/2020 00:00:00,10-Jul-2020 08:21:37,10-Jul-2020 15:24:22,39.8043781631717,590.4,72,14.4,07:02:46,3.5167,4.76517615176152,44.5695543149332,32.8923310844207,32.8923310844207,3,0,45
10540011,215,10/07/2020 00:00:00,10-Jul-2020 08:50:38,10-Jul-2020 15:53:25,39.8043781631717,590.4,72,14.4,07:02:47,3.5167,4.76517615176152,44.5695543149332,32.8923310844207,32.8923310844207,4,0,45
10540012,215,10/07/2020 00:00:00,10-Jul-2020 09:15:10,10-Jul-2020 16:17:56,39.8043781631717,590.4,72,14.4,07:02:46,3.5167,4.76517615176152,44.5695543149332,32.8923310844207,32.8923310844207,5,0,45
10540018,215,11/07/2020 00:00:00,11-Jul-2020 06:37:50,11-Jul-2020 13:40:37,39.8043781631717,590.4,72,14.4,07:02:46,3.5167,4.76517615176152,44.5695543149332,32.8923310844207,32.8923310844207,1,0,45
10540017,215,11/07/2020 00:00:00,11-Jul-2020 06:44:13,11-Jul-2020 13:46:59,39.8043781631717,590.4,72,14.4,07:02:46,3.5167,4.76517615176152,44.5695543149332,32.8923310844207,32.8923310844207,2,0,45
10540016,215,11/07/2020 00:00:00,11-Jul-2020 07:01:46,11-Jul-2020 14:04:33,39.8043781631717,590.4,72,14.4,07:02:47,3.5167,4.76517615176152,44.5695543149332,32.8923310844207,32.8923310844207,3,0,45
10540019,215,11/07/2020 00:00:00,11-Jul-2020 07:43:29,11-Jul-2020 14:46:16,39.8043781631717,590.4,72,14.4,07:02:46,3.5167,4.76517615176152,44.5695543149332,32.8923310844207,32.8923310844207,4,0,45
10540020,215,11/07/2020 00:00:00,11-Jul-2020 08:18:36,11-Jul-2020 15:21:22,39.8043781631717,590.4,72,14.4,07:02:46,3.5167,4.76517615176152,44.5695543149332,32.8923310844207,32.8923310844207,5,0,45
10540015,215,11/07/2020 00:00:00,11-Jul-2020 09:27:20,11-Jul-2020 16:30:08,39.8043781631717,590.4,72,14.4,07:02:47,3.5167,4.76517615176152,44.5695543149332,32.8923310844207,32.8923310844207,6,0,45
10540021,215,12/07/2020 00:00:00,12-Jul-2020 07:16:55,12-Jul-2020 14:19:42,39.8043781631717,590.4,72,14.4,07:02:46,3.5167,4.76517615176152,44.5695543149332,32.8923310844207,32.8923310844207,1,0,45
10540027,215,12/07/2020 00:00:00,12-Jul-2020 07:37:43,12-Jul-2020 14:40:28,39.8043781631717,590.4,72,14.4,07:02:46,3.5167,4.76517615176152,44.5695543149332,32.8923310844207,32.8923310844207,2,0,45
10540025,215,12/07/2020 00:00:00,12-Jul-2020 07:38:50,12-Jul-2020 14:41:35,39.8043781631717,590.4,72,14.4,07:02:46,3.5167,4.76517615176152,44.5695543149332,32.8923310844207,32.8923310844207,3,0,45
10540024,215,12/07/2020 00:00:00,12-Jul-2020 07:43:43,12-Jul-2020 14:46:29,39.8043781631717,590.4,72,14.4,07:02:46,3.5167,4.76517615176152,44.5695543149332,32.8923310844207,32.8923310844207,4,0,45
10540023,215,12/07/2020 00:00:00,12-Jul-2020 08:10:02,12-Jul-2020 15:12:48,39.8043781631717,590.4,72,14.4,07:02:46,3.5167,4.76517615176152,44.5695543149332,32.8923310844207,32.8923310844207,5,0,45
10540022,215,12/07/2020 00:00:00,12-Jul-2020 08:29:01,12-Jul-2020 15:31:47,39.8043781631717,590.4,72,14.4,07:02:46,3.5167,4.76517615176152,44.5695543149332,32.8923310844207,32.8923310844207,6,0,45
10540026,215,12/07/2020 00:00:00,12-Jul-2020 08:57:46,12-Jul-2020 16:00:32,39.8043781631717,590.4,72,14.4,07:02:46,3.5167,4.76517615176152,44.5695543149332,32.8923310844207,32.8923310844207,7,0,45
10540028,215,12/07/2020 00:00:00,12-Jul-2020 09:21:52,12-Jul-2020 16:24:39,39.8043781631717,590.4,72,14.4,07:02:47,3.5167,4.76517615176152,44.5695543149332,32.8923310844207,32.8923310844207,8,0,45
10540031,215,13/07/2020 00:00:00,13-Jul-2020 07:10:34,13-Jul-2020 14:13:20,39.8043781631717,590.4,72,14.4,07:02:46,3.5167,4.76517615176152,44.5695543149332,32.8923310844207,32.8923310844207,1,0,45
10540032,215,13/07/2020 00:00:00,13-Jul-2020 07:24:33,13-Jul-2020 14:27:20,39.8043781631717,590.4,72,14.4,07:02:47,3.5167,4.76517615176152,44.5695543149332,32.8923310844207,32.8923310844207,2,0,45
10540033,215,13/07/2020 00:00:00,13-Jul-2020 07:56:43,13-Jul-2020 14:59:30,39.8043781631717,590.4,72,14.4,07:02:46,3.5167,4.76517615176152,44.5695543149332,32.8923310844207,32.8923310844207,3,0,45
10540030,215,13/07/2020 00:00:00,13-Jul-2020 08:17:21,13-Jul-2020 15:20:08,39.8043781631717,590.4,72,14.4,07:02:46,3.5167,4.76517615176152,44.5695543149332,32.8923310844207,32.8923310844207,4,0,45
10540029,215,13/07/2020 00:00:00,13-Jul-2020 08:29:28,13-Jul-2020 15:32:15,39.8043781631717,590.4,72,14.4,07:02:46,3.5167,4.76517615176152,44.5695543149332,32.8923310844207,32.8923310844207,5,0,45
10540035,215,13/07/2020 00:00:00,13-Jul-2020 08:57:14,13-Jul-2020 15:59:59,39.8043781631717,590.4,72,14.4,07:02:46,3.5167,4.76517615176152,44.5695543149332,32.8923310844207,32.8923310844207,6,0,45
10540034,215,13/07/2020 00:00:00,13-Jul-2020 09:15:23,13-Jul-2020 16:18:09,39.8043781631717,590.4,72,14.4,07:02:47,3.5167,4.76517615176152,44.5695543149332,32.8923310844207,32.8923310844207,7,0,45
10540039,215,14/07/2020 00:00:00,14-Jul-2020 06:46:19,14-Jul-2020 13:49:04,39.8043781631717,590.4,72,14.4,07:02:46,3.5167,4.76517615176152,44.5695543149332,32.8923310844207,32.8923310844207,1,0,45
10540037,215,14/07/2020 00:00:00,14-Jul-2020 08:21:19,14-Jul-2020 15:24:06,39.8043781631717,590.4,72,14.4,07:02:46,3.5167,4.76517615176152,44.5695543149332,32.8923310844207,32.8923310844207,2,0,45
10540041,215,14/07/2020 00:00:00,14-Jul-2020 08:53:12,14-Jul-2020 15:56:00,39.8043781631717,590.4,72,14.4,07:02:47,3.5167,4.76517615176152,44.5695543149332,32.8923310844207,32.8923310844207,3,0,45
10540036,215,14/07/2020 00:00:00,14-Jul-2020 08:54:39,14-Jul-2020 15:57:25,39.8043781631717,590.4,72,14.4,07:02:46,3.5167,4.76517615176152,44.5695543149332,32.8923310844207,32.8923310844207,4,0,45
10540038,215,14/07/2020 00:00:00,14-Jul-2020 09:05:50,14-Jul-2020 16:08:37,39.8043781631717,590.4,72,14.4,07:02:46,3.5167,4.76517615176152,44.5695543149332,32.8923310844207,32.8923310844207,5,0,45
10540040,215,14/07/2020 00:00:00,14-Jul-2020 09:29:31,14-Jul-2020 16:32:17,39.8043781631717,590.4,72,14.4,07:02:46,3.5167,4.76517615176152,44.5695543149332,32.8923310844207,32.8923310844207,6,0,45
10540046,215,15/07/2020 00:00:00,15-Jul-2020 06:48:47,15-Jul-2020 13:51:32,39.8043781631717,590.4,72,14.4,07:02:46,3.5167,4.76517615176152,44.5695543149332,32.8923310844207,32.8923310844207,1,0,45
10540047,215,15/07/2020 00:00:00,15-Jul-2020 07:05:17,15-Jul-2020 14:08:03,39.8043781631717,590.4,72,14.4,07:02:46,3.5167,4.76517615176152,44.5695543149332,32.8923310844207,32.8923310844207,2,0,45
10540043,215,15/07/2020 00:00:00,15-Jul-2020 07:13:30,15-Jul-2020 14:16:15,39.8043781631717,590.4,72,14.4,07:02:46,3.5167,4.76517615176152,44.5695543149332,32.8923310844207,32.8923310844207,3,0,45
10540042,215,15/07/2020 00:00:00,15-Jul-2020 07:54:45,15-Jul-2020 14:57:32,39.8043781631717,590.4,72,14.4,07:02:46,3.5167,4.76517615176152,44.5695543149332,32.8923310844207,32.8923310844207,4,0,45
10540044,215,15/07/2020 00:00:00,15-Jul-2020 08:33:59,15-Jul-2020 15:36:44,39.8043781631717,590.4,72,14.4,07:02:46,3.5167,4.76517615176152,44.5695543149332,32.8923310844207,32.8923310844207,5,0,45
10540045,215,15/07/2020 00:00:00,15-Jul-2020 09:12:19,15-Jul-2020 16:15:04,39.8043781631717,590.4,72,14.4,07:02:46,3.5167,4.76517615176152,44.5695543149332,32.8923310844207,32.8923310844207,6,0,45
10540051,215,16/07/2020 00:00:00,16-Jul-2020 06:30:59,16-Jul-2020 13:46:08,43.8249004328083,590.4,72,14.4,07:15:09,3.625,4.91192411924119,48.7368245520495,35.9677765194125,35.9677765194125,1,0,45
10540050,215,16/07/2020 00:00:00,16-Jul-2020 06:50:37,16-Jul-2020 14:05:45,43.8249004328083,590.4,72,14.4,07:15:09,3.625,4.91192411924119,48.7368245520495,35.9677765194125,35.9677765194125,2,0,45
10540049,215,16/07/2020 00:00:00,16-Jul-2020 07:02:55,16-Jul-2020 14:18:04,43.8249004328083,590.4,72,14.4,07:15:09,3.625,4.91192411924119,48.7368245520495,35.9677765194125,35.9677765194125,3,0,45
10540052,215,16/07/2020 00:00:00,16-Jul-2020 07:48:33,16-Jul-2020 15:03:42,43.8249004328083,590.4,72,14.4,07:15:09,3.625,4.91192411924119,48.7368245520495,35.9677765194125,35.9677765194125,4,0,45
10540048,215,16/07/2020 00:00:00,16-Jul-2020 09:28:48,16-Jul-2020 16:43:58,43.8249004328083,590.4,72,14.4,07:15:10,3.625,4.91192411924119,48.7368245520495,35.9677765194125,35.9677765194125,5,0,45
10540053,215,17/07/2020 00:00:00,17-Jul-2020 06:58:51,17-Jul-2020 14:14:00,43.8249004328083,590.4,72,14.4,07:15:09,3.625,4.91192411924119,48.7368245520495,35.9677765194125,35.9677765194125,1,0,45
10540054,215,17/07/2020 00:00:00,17-Jul-2020 07:51:13,17-Jul-2020 15:06:22,43.8249004328083,590.4,72,14.4,07:15:09,3.625,4.91192411924119,48.7368245520495,35.9677765194125,35.9677765194125,2,0,45
10540056,215,17/07/2020 00:00:00,17-Jul-2020 08:14:15,17-Jul-2020 15:29:24,43.8249004328083,590.4,72,14.4,07:15:09,3.625,4.91192411924119,48.7368245520495,35.9677765194125,35.9677765194125,3,0,45
10540055,215,17/07/2020 00:00:00,17-Jul-2020 09:22:36,17-Jul-2020 16:37:45,43.8249004328083,590.4,72,14.4,07:15:09,3.625,4.91192411924119,48.7368245520495,35.9677765194125,35.9677765194125,4,0,45
10540061,215,18/07/2020 00:00:00,18-Jul-2020 07:12:34,18-Jul-2020 14:27:44,43.8249004328083,590.4,72,14.4,07:15:10,3.625,4.91192411924119,48.7368245520495,35.9677765194125,35.9677765194125,1,0,45
10540059,215,18/07/2020 00:00:00,18-Jul-2020 07:21:25,18-Jul-2020 14:36:35,43.8249004328083,590.4,72,14.4,07:15:10,3.625,4.91192411924119,48.7368245520495,35.9677765194125,35.9677765194125,2,0,45
10540058,215,18/07/2020 00:00:00,18-Jul-2020 07:45:35,18-Jul-2020 15:00:45,43.8249004328083,590.4,72,14.4,07:15:09,3.625,4.91192411924119,48.7368245520495,35.9677765194125,35.9677765194125,3,0,45
10540057,215,18/07/2020 00:00:00,18-Jul-2020 08:45:16,18-Jul-2020 16:00:26,43.8249004328083,590.4,72,14.4,07:15:10,3.625,4.91192411924119,48.7368245520495,35.9677765194125,35.9677765194125,4,0,45
10540060,215,18/07/2020 00:00:00,18-Jul-2020 09:27:24,18-Jul-2020 16:42:33,43.8249004328083,590.4,72,14.4,07:15:09,3.625,4.91192411924119,48.7368245520495,35.9677765194125,35.9677765194125,5,0,45
10540067,215,19/07/2020 00:00:00,19-Jul-2020 06:44:28,19-Jul-2020 13:59:37,43.8249004328083,590.4,72,14.4,07:15:09,3.625,4.91192411924119,48.7368245520495,35.9677765194125,35.9677765194125,1,0,45
10540062,215,19/07/2020 00:00:00,19-Jul-2020 08:32:35,19-Jul-2020 15:47:46,43.8249004328083,590.4,72,14.4,07:15:10,3.625,4.91192411924119,48.7368245520495,35.9677765194125,35.9677765194125,2,0,45
10540064,215,19/07/2020 00:00:00,19-Jul-2020 08:50:45,19-Jul-2020 16:05:54,43.8249004328083,590.4,72,14.4,07:15:09,3.625,4.91192411924119,48.7368245520495,35.9677765194125,35.9677765194125,3,0,45
10540068,215,19/07/2020 00:00:00,19-Jul-2020 08:51:35,19-Jul-2020 16:06:44,43.8249004328083,590.4,72,14.4,07:15:09,3.625,4.91192411924119,48.7368245520495,35.9677765194125,35.9677765194125,4,0,45
10540066,215,19/07/2020 00:00:00,19-Jul-2020 09:11:21,19-Jul-2020 16:26:31,43.8249004328083,590.4,72,14.4,07:15:10,3.625,4.91192411924119,48.7368245520495,35.9677765194125,35.9677765194125,5,0,45
10540063,215,19/07/2020 00:00:00,19-Jul-2020 09:26:03,19-Jul-2020 16:41:12,43.8249004328083,590.4,72,14.4,07:15:09,3.625,4.91192411924119,48.7368245520495,35.9677765194125,35.9677765194125,6,0,45
10540065,215,19/07/2020 00:00:00,19-Jul-2020 09:28:00,19-Jul-2020 16:43:08,43.8249004328083,590.4,72,14.4,07:15:09,3.625,4.91192411924119,48.7368245520495,35.9677765194125,35.9677765194125,7,0,45
10540074,215,20/07/2020 00:00:00,20-Jul-2020 06:47:14,20-Jul-2020 14:02:24,43.8249004328083,590.4,72,14.4,07:15:09,3.625,4.91192411924119,48.7368245520495,35.9677765194125,35.9677765194125,1,0,45
10540069,215,20/07/2020 00:00:00,20-Jul-2020 07:04:01,20-Jul-2020 14:19:10,43.8249004328083,590.4,72,14.4,07:15:09,3.625,4.91192411924119,48.7368245520495,35.9677765194125,35.9677765194125,2,0,45
10540072,215,20/07/2020 00:00:00,20-Jul-2020 07:24:00,20-Jul-2020 14:39:08,43.8249004328083,590.4,72,14.4,07:15:09,3.625,4.91192411924119,48.7368245520495,35.9677765194125,35.9677765194125,3,0,45
10540073,215,20/07/2020 00:00:00,20-Jul-2020 07:29:23,20-Jul-2020 14:44:33,43.8249004328083,590.4,72,14.4,07:15:10,3.625,4.91192411924119,48.7368245520495,35.9677765194125,35.9677765194125,4,0,45
10540071,215,20/07/2020 00:00:00,20-Jul-2020 08:18:36,20-Jul-2020 15:33:45,43.8249004328083,590.4,72,14.4,07:15:09,3.625,4.91192411924119,48.7368245520495,35.9677765194125,35.9677765194125,5,0,45
10540070,215,20/07/2020 00:00:00,20-Jul-2020 08:37:11,20-Jul-2020 15:52:19,43.8249004328083,590.4,72,14.4,07:15:09,3.625,4.91192411924119,48.7368245520495,35.9677765194125,35.9677765194125,6,0,45
10540075,215,20/07/2020 00:00:00,20-Jul-2020 09:00:16,20-Jul-2020 16:15:25,43.8249004328083,590.4,72,14.4,07:15:09,3.625,4.91192411924119,48.7368245520495,35.9677765194125,35.9677765194125,7,0,45
10540081,215,21/07/2020 00:00:00,21-Jul-2020 07:03:03,21-Jul-2020 14:18:12,43.8249004328083,590.4,72,14.4,07:15:09,3.625,4.91192411924119,48.7368245520495,35.9677765194125,35.9677765194125,1,0,45
10540078,215,21/07/2020 00:00:00,21-Jul-2020 07:19:22,21-Jul-2020 14:34:31,43.8249004328083,590.4,72,14.4,07:15:09,3.625,4.91192411924119,48.7368245520495,35.9677765194125,35.9677765194125,2,0,45
10540076,215,21/07/2020 00:00:00,21-Jul-2020 07:38:05,21-Jul-2020 14:53:13,43.8249004328083,590.4,72,14.4,07:15:09,3.625,4.91192411924119,48.7368245520495,35.9677765194125,35.9677765194125,3,0,45
10540079,215,21/07/2020 00:00:00,21-Jul-2020 08:37:23,21-Jul-2020 15:52:33,43.8249004328083,590.4,72,14.4,07:15:09,3.625,4.91192411924119,48.7368245520495,35.9677765194125,35.9677765194125,4,0,45
10540077,215,21/07/2020 00:00:00,21-Jul-2020 09:15:38,21-Jul-2020 16:30:46,43.8249004328083,590.4,72,14.4,07:15:09,3.625,4.91192411924119,48.7368245520495,35.9677765194125,35.9677765194125,5,0,45
10540080,215,21/07/2020 00:00:00,21-Jul-2020 09:17:49,21-Jul-2020 16:32:58,43.8249004328083,590.4,72,14.4,07:15:10,3.625,4.91192411924119,48.7368245520495,35.9677765194125,35.9677765194125,6,0,45
10540086,215,22/07/2020 00:00:00,22-Jul-2020 06:46:58,22-Jul-2020 14:02:07,43.8249004328083,590.4,72,14.4,07:15:09,3.625,4.91192411924119,48.7368245520495,35.9677765194125,35.9677765194125,1,0,45
10540087,215,22/07/2020 00:00:00,22-Jul-2020 06:48:06,22-Jul-2020 14:03:16,43.8249004328083,590.4,72,14.4,07:15:09,3.625,4.91192411924119,48.7368245520495,35.9677765194125,35.9677765194125,2,0,45
10540085,215,22/07/2020 00:00:00,22-Jul-2020 07:13:46,22-Jul-2020 14:28:55,43.8249004328083,590.4,72,14.4,07:15:09,3.625,4.91192411924119,48.7368245520495,35.9677765194125,35.9677765194125,3,0,45
10540082,215,22/07/2020 00:00:00,22-Jul-2020 08:43:56,22-Jul-2020 15:59:06,43.8249004328083,590.4,72,14.4,07:15:09,3.625,4.91192411924119,48.7368245520495,35.9677765194125,35.9677765194125,4,0,45
10540084,215,22/07/2020 00:00:00,22-Jul-2020 09:22:28,22-Jul-2020 16:37:37,43.8249004328083,590.4,72,14.4,07:15:09,3.625,4.91192411924119,48.7368245520495,35.9677765194125,35.9677765194125,5,0,45
10540083,215,22/07/2020 00:00:00,22-Jul-2020 09:25:36,22-Jul-2020 16:40:45,43.8249004328083,590.4,72,14.4,07:15:09,3.625,4.91192411924119,48.7368245520495,35.9677765194125,35.9677765194125,6,0,45
10540088,215,23/07/2020 00:00:00,23-Jul-2020 06:32:35,23-Jul-2020 14:01:10,41.6910983152416,590.4,72,14.4,07:28:36,3.7333,5.05867208672087,46.7497704019625,34.5013305566483,34.5013305566483,1,0,45
10540092,215,23/07/2020 00:00:00,23-Jul-2020 06:35:49,23-Jul-2020 14:04:25,41.6910983152416,590.4,72,14.4,07:28:36,3.7333,5.05867208672087,46.7497704019625,34.5013305566483,34.5013305566483,2,0,45
10540089,215,23/07/2020 00:00:00,23-Jul-2020 07:55:44,23-Jul-2020 15:24:20,41.6910983152416,590.4,72,14.4,07:28:35,3.7333,5.05867208672087,46.7497704019625,34.5013305566483,34.5013305566483,3,0,45
10540090,215,23/07/2020 00:00:00,23-Jul-2020 08:17:37,23-Jul-2020 15:46:13,41.6910983152416,590.4,72,14.4,07:28:35,3.7333,5.05867208672087,46.7497704019625,34.5013305566483,34.5013305566483,4,0,45
10540091,215,23/07/2020 00:00:00,23-Jul-2020 08:55:41,23-Jul-2020 16:24:16,41.6910983152416,590.4,72,14.4,07:28:35,3.7333,5.05867208672087,46.7497704019625,34.5013305566483,34.5013305566483,5,0,45
10540095,215,24/07/2020 00:00:00,24-Jul-2020 07:12:18,24-Jul-2020 14:40:54,41.6910983152416,590.4,72,14.4,07:28:36,3.7333,5.05867208672087,46.7497704019625,34.5013305566483,34.5013305566483,1,0,45
10540093,215,24/07/2020 00:00:00,24-Jul-2020 07:17:44,24-Jul-2020 14:46:18,41.6910983152416,590.4,72,14.4,07:28:35,3.7333,5.05867208672087,46.7497704019625,34.5013305566483,34.5013305566483,2,0,45
10540094,215,24/07/2020 00:00:00,24-Jul-2020 07:39:54,24-Jul-2020 15:08:30,41.6910983152416,590.4,72,14.4,07:28:35,3.7333,5.05867208672087,46.7497704019625,34.5013305566483,34.5013305566483,3,0,45
10540096,215,24/07/2020 00:00:00,24-Jul-2020 08:37:33,24-Jul-2020 16:06:09,41.6910983152416,590.4,72,14.4,07:28:36,3.7333,5.05867208672087,46.7497704019625,34.5013305566483,34.5013305566483,4,0,45
10540097,215,24/07/2020 00:00:00,24-Jul-2020 09:07:48,24-Jul-2020 16:36:24,41.6910983152416,590.4,72,14.4,07:28:36,3.7333,5.05867208672087,46.7497704019625,34.5013305566483,34.5013305566483,5,0,45
10540098,215,25/07/2020 00:00:00,25-Jul-2020 07:30:11,25-Jul-2020 14:58:46,41.6910983152416,590.4,72,14.4,07:28:36,3.7333,5.05867208672087,46.7497704019625,34.5013305566483,34.5013305566483,1,0,45
10540100,215,25/07/2020 00:00:00,25-Jul-2020 08:23:39,25-Jul-2020 15:52:15,41.6910983152416,590.4,72,14.4,07:28:36,3.7333,5.05867208672087,46.7497704019625,34.5013305566483,34.5013305566483,2,0,45
10540102,215,25/07/2020 00:00:00,25-Jul-2020 09:04:08,25-Jul-2020 16:32:44,41.6910983152416,590.4,72,14.4,07:28:36,3.7333,5.05867208672087,46.7497704019625,34.5013305566483,34.5013305566483,3,0,45
10540101,215,25/07/2020 00:00:00,25-Jul-2020 09:23:07,25-Jul-2020 16:51:42,41.6910983152416,590.4,72,14.4,07:28:35,3.7333,5.05867208672087,46.7497704019625,34.5013305566483,34.5013305566483,4,0,45
10540099,215,25/07/2020 00:00:00,25-Jul-2020 09:23:34,25-Jul-2020 16:52:09,41.6910983152416,590.4,72,14.4,07:28:36,3.7333,5.05867208672087,46.7497704019625,34.5013305566483,34.5013305566483,5,0,45
10540107,215,26/07/2020 00:00:00,26-Jul-2020 06:48:42,26-Jul-2020 14:17:17,41.6910983152416,590.4,72,14.4,07:28:35,3.7333,5.05867208672087,46.7497704019625,34.5013305566483,34.5013305566483,1,0,45
10540109,215,26/07/2020 00:00:00,26-Jul-2020 06:50:09,26-Jul-2020 14:18:44,41.6910983152416,590.4,72,14.4,07:28:36,3.7333,5.05867208672087,46.7497704019625,34.5013305566483,34.5013305566483,2,0,45
10540103,215,26/07/2020 00:00:00,26-Jul-2020 06:59:36,26-Jul-2020 14:28:12,41.6910983152416,590.4,72,14.4,07:28:35,3.7333,5.05867208672087,46.7497704019625,34.5013305566483,34.5013305566483,3,0,45
10540104,215,26/07/2020 00:00:00,26-Jul-2020 06:59:43,26-Jul-2020 14:28:18,41.6910983152416,590.4,72,14.4,07:28:35,3.7333,5.05867208672087,46.7497704019625,34.5013305566483,34.5013305566483,4,0,45
10540106,215,26/07/2020 00:00:00,26-Jul-2020 07:08:41,26-Jul-2020 14:37:16,41.6910983152416,590.4,72,14.4,07:28:35,3.7333,5.05867208672087,46.7497704019625,34.5013305566483,34.5013305566483,5,0,45
10540105,215,26/07/2020 00:00:00,26-Jul-2020 08:09:10,26-Jul-2020 15:37:46,41.6910983152416,590.4,72,14.4,07:28:36,3.7333,5.05867208672087,46.7497704019625,34.5013305566483,34.5013305566483,6,0,45
10540108,215,26/07/2020 00:00:00,26-Jul-2020 09:28:56,26-Jul-2020 16:57:32,41.6910983152416,590.4,72,14.4,07:28:35,3.7333,5.05867208672087,46.7497704019625,34.5013305566483,34.5013305566483,7,0,45
10540114,215,27/07/2020 00:00:00,27-Jul-2020 07:02:00,27-Jul-2020 14:30:35,41.6910983152416,590.4,72,14.4,07:28:35,3.7333,5.05867208672087,46.7497704019625,34.5013305566483,34.5013305566483,1,0,45
10540115,215,27/07/2020 00:00:00,27-Jul-2020 07:31:55,27-Jul-2020 15:00:30,41.6910983152416,590.4,72,14.4,07:28:35,3.7333,5.05867208672087,46.7497704019625,34.5013305566483,34.5013305566483,2,0,45
10540113,215,27/07/2020 00:00:00,27-Jul-2020 08:04:08,27-Jul-2020 15:32:45,41.6910983152416,590.4,72,14.4,07:28:36,3.7333,5.05867208672087,46.7497704019625,34.5013305566483,34.5013305566483,3,0,45
10540111,215,27/07/2020 00:00:00,27-Jul-2020 08:14:36,27-Jul-2020 15:43:10,41.6910983152416,590.4,72,14.4,07:28:35,3.7333,5.05867208672087,46.7497704019625,34.5013305566483,34.5013305566483,4,0,45
10540110,215,27/07/2020 00:00:00,27-Jul-2020 08:17:09,27-Jul-2020 15:45:44,41.6910983152416,590.4,72,14.4,07:28:35,3.7333,5.05867208672087,46.7497704019625,34.5013305566483,34.5013305566483,5,0,45
10540116,215,27/07/2020 00:00:00,27-Jul-2020 08:27:38,27-Jul-2020 15:56:15,41.6910983152416,590.4,72,14.4,07:28:36,3.7333,5.05867208672087,46.7497704019625,34.5013305566483,34.5013305566483,6,0,45
10540112,215,27/07/2020 00:00:00,27-Jul-2020 08:51:13,27-Jul-2020 16:19:49,41.6910983152416,590.4,72,14.4,07:28:36,3.7333,5.05867208672087,46.7497704019625,34.5013305566483,34.5013305566483,7,0,45
10540117,215,28/07/2020 00:00:00,28-Jul-2020 06:54:39,28-Jul-2020 14:23:14,41.6910983152416,590.4,72,14.4,07:28:35,3.7333,5.05867208672087,46.7497704019625,34.5013305566483,34.5013305566483,1,0,45
10540118,215,28/07/2020 00:00:00,28-Jul-2020 07:10:14,28-Jul-2020 14:38:50,41.6910983152416,590.4,72,14.4,07:28:36,3.7333,5.05867208672087,46.7497704019625,34.5013305566483,34.5013305566483,2,0,45
10540119,215,28/07/2020 00:00:00,28-Jul-2020 07:16:47,28-Jul-2020 14:45:23,41.6910983152416,590.4,72,14.4,07:28:36,3.7333,5.05867208672087,46.7497704019625,34.5013305566483,34.5013305566483,3,0,45
10540121,215,28/07/2020 00:00:00,28-Jul-2020 07:36:32,28-Jul-2020 15:05:08,41.6910983152416,590.4,72,14.4,07:28:36,3.7333,5.05867208672087,46.7497704019625,34.5013305566483,34.5013305566483,4,0,45
10540122,215,28/07/2020 00:00:00,28-Jul-2020 08:41:16,28-Jul-2020 16:09:51,41.6910983152416,590.4,72,14.4,07:28:36,3.7333,5.05867208672087,46.7497704019625,34.5013305566483,34.5013305566483,5,0,45
10540120,215,28/07/2020 00:00:00,28-Jul-2020 09:16:55,28-Jul-2020 16:45:30,41.6910983152416,590.4,72,14.4,07:28:35,3.7333,5.05867208672087,46.7497704019625,34.5013305566483,34.5013305566483,6,0,45
10540123,215,29/07/2020 00:00:00,29-Jul-2020 07:21:33,29-Jul-2020 14:50:08,41.6910983152416,590.4,72,14.4,07:28:36,3.7333,5.05867208672087,46.7497704019625,34.5013305566483,34.5013305566483,1,0,45
10540127,215,29/07/2020 00:00:00,29-Jul-2020 07:34:35,29-Jul-2020 15:03:11,41.6910983152416,590.4,72,14.4,07:28:36,3.7333,5.05867208672087,46.7497704019625,34.5013305566483,34.5013305566483,2,0,45
10540128,215,29/07/2020 00:00:00,29-Jul-2020 08:09:15,29-Jul-2020 15:37:50,41.6910983152416,590.4,72,14.4,07:28:36,3.7333,5.05867208672087,46.7497704019625,34.5013305566483,34.5013305566483,3,0,45
10540126,215,29/07/2020 00:00:00,29-Jul-2020 08:18:46,29-Jul-2020 15:47:21,41.6910983152416,590.4,72,14.4,07:28:35,3.7333,5.05867208672087,46.7497704019625,34.5013305566483,34.5013305566483,4,0,45
10540125,215,29/07/2020 00:00:00,29-Jul-2020 08:49:19,29-Jul-2020 16:17:54,41.6910983152416,590.4,72,14.4,07:28:36,3.7333,5.05867208672087,46.7497704019625,34.5013305566483,34.5013305566483,5,0,45
10540124,215,29/07/2020 00:00:00,29-Jul-2020 09:23:13,29-Jul-2020 16:51:49,41.6910983152416,590.4,72,14.4,07:28:36,3.7333,5.05867208672087,46.7497704019625,34.5013305566483,34.5013305566483,6,0,45
10540130,215,30/07/2020 00:00:00,30-Jul-2020 07:03:16,30-Jul-2020 14:17:18,40.7407399800644,590.4,72,14.4,07:14:02,3.6167,4.90067750677507,45.6414174868395,33.6833661052875,33.6833661052875,1,0,45
10540129,215,30/07/2020 00:00:00,30-Jul-2020 08:15:09,30-Jul-2020 15:29:11,40.7407399800644,590.4,72,14.4,07:14:02,3.6167,4.90067750677507,45.6414174868395,33.6833661052875,33.6833661052875,2,0,45
10540132,215,30/07/2020 00:00:00,30-Jul-2020 08:35:30,30-Jul-2020 15:49:32,40.7407399800644,590.4,72,14.4,07:14:02,3.6167,4.90067750677507,45.6414174868395,33.6833661052875,33.6833661052875,3,0,45
10540131,215,30/07/2020 00:00:00,30-Jul-2020 08:42:39,30-Jul-2020 15:56:41,40.7407399800644,590.4,72,14.4,07:14:02,3.6167,4.90067750677507,45.6414174868395,33.6833661052875,33.6833661052875,4,0,45
10540134,215,31/07/2020 00:00:00,31-Jul-2020 08:06:05,31-Jul-2020 15:20:07,40.7407399800644,590.4,72,14.4,07:14:02,3.6167,4.90067750677507,45.6414174868395,33.6833661052875,33.6833661052875,1,0,45
10540135,215,31/07/2020 00:00:00,31-Jul-2020 09:19:01,31-Jul-2020 16:33:03,40.7407399800644,590.4,72,14.4,07:14:02,3.6167,4.90067750677507,45.6414174868395,33.6833661052875,33.6833661052875,2,0,45
10540133,215,31/07/2020 00:00:00,31-Jul-2020 09:24:36,31-Jul-2020 16:38:38,40.7407399800644,590.4,72,14.4,07:14:02,3.6167,4.90067750677507,45.6414174868395,33.6833661052875,33.6833661052875,3,0,45
10540136,215,01/08/2020 00:00:00,01-Aug-2020 06:47:34,01-Aug-2020 14:01:35,40.7407399800644,590.4,72,14.4,07:14:01,3.6167,4.90067750677507,45.6414174868395,33.6833661052875,33.6833661052875,1,0,45
10540137,215,01/08/2020 00:00:00,01-Aug-2020 07:08:56,01-Aug-2020 14:22:58,40.7407399800644,590.4,72,14.4,07:14:02,3.6167,4.90067750677507,45.6414174868395,33.6833661052875,33.6833661052875,2,0,45
10540138,215,01/08/2020 00:00:00,01-Aug-2020 07:22:50,01-Aug-2020 14:36:53,40.7407399800644,590.4,72,14.4,07:14:02,3.6167,4.90067750677507,45.6414174868395,33.6833661052875,33.6833661052875,3,0,45
10540139,215,01/08/2020 00:00:00,01-Aug-2020 09:00:48,01-Aug-2020 16:14:49,40.7407399800644,590.4,72,14.4,07:14:02,3.6167,4.90067750677507,45.6414174868395,33.6833661052875,33.6833661052875,4,0,45
10540140,215,02/08/2020 00:00:00,02-Aug-2020 06:37:46,02-Aug-2020 13:51:47,40.7407399800644,590.4,72,14.4,07:14:02,3.6167,4.90067750677507,45.6414174868395,33.6833661052875,33.6833661052875,1,0,45
10540142,215,02/08/2020 00:00:00,02-Aug-2020 08:08:17,02-Aug-2020 15:22:19,40.7407399800644,590.4,72,14.4,07:14:02,3.6167,4.90067750677507,45.6414174868395,33.6833661052875,33.6833661052875,2,0,45
10540143,215,02/08/2020 00:00:00,02-Aug-2020 08:26:24,02-Aug-2020 15:40:26,40.7407399800644,590.4,72,14.4,07:14:02,3.6167,4.90067750677507,45.6414174868395,33.6833661052875,33.6833661052875,3,0,45
10540144,215,02/08/2020 00:00:00,02-Aug-2020 09:18:16,02-Aug-2020 16:32:18,40.7407399800644,590.4,72,14.4,07:14:02,3.6167,4.90067750677507,45.6414174868395,33.6833661052875,33.6833661052875,4,0,45
10540141,215,02/08/2020 00:00:00,02-Aug-2020 09:26:05,02-Aug-2020 16:40:07,40.7407399800644,590.4,72,14.4,07:14:02,3.6167,4.90067750677507,45.6414174868395,33.6833661052875,33.6833661052875,5,0,45
10540149,215,03/08/2020 00:00:00,03-Aug-2020 06:41:47,03-Aug-2020 13:55:49,40.7407399800644,590.4,72,14.4,07:14:02,3.6167,4.90067750677507,45.6414174868395,33.6833661052875,33.6833661052875,1,0,45
10540146,215,03/08/2020 00:00:00,03-Aug-2020 07:01:18,03-Aug-2020 14:15:20,40.7407399800644,590.4,72,14.4,07:14:02,3.6167,4.90067750677507,45.6414174868395,33.6833661052875,33.6833661052875,2,0,45
10540148,215,03/08/2020 00:00:00,03-Aug-2020 08:33:31,03-Aug-2020 15:47:33,40.7407399800644,590.4,72,14.4,07:14:02,3.6167,4.90067750677507,45.6414174868395,33.6833661052875,33.6833661052875,3,0,45
10540145,215,03/08/2020 00:00:00,03-Aug-2020 08:42:58,03-Aug-2020 15:57:00,40.7407399800644,590.4,72,14.4,07:14:02,3.6167,4.90067750677507,45.6414174868395,33.6833661052875,33.6833661052875,4,0,45
10540147,215,03/08/2020 00:00:00,03-Aug-2020 09:21:32,03-Aug-2020 16:35:34,40.7407399800644,590.4,72,14.4,07:14:02,3.6167,4.90067750677507,45.6414174868395,33.6833661052875,33.6833661052875,5,0,45
10540150,215,04/08/2020 00:00:00,04-Aug-2020 07:27:51,04-Aug-2020 14:41:53,40.7407399800644,590.4,72,14.4,07:14:02,3.6167,4.90067750677507,45.6414174868395,33.6833661052875,33.6833661052875,1,0,45
10540151,215,04/08/2020 00:00:00,04-Aug-2020 08:56:34,04-Aug-2020 16:10:36,40.7407399800644,590.4,72,14.4,07:14:02,3.6167,4.90067750677507,45.6414174868395,33.6833661052875,33.6833661052875,2,0,45
10540152,215,04/08/2020 00:00:00,04-Aug-2020 08:59:07,04-Aug-2020 16:13:09,40.7407399800644,590.4,72,14.4,07:14:02,3.6167,4.90067750677507,45.6414174868395,33.6833661052875,33.6833661052875,3,0,45
10540153,215,04/08/2020 00:00:00,04-Aug-2020 09:00:30,04-Aug-2020 16:14:33,40.7407399800644,590.4,72,14.4,07:14:02,3.6167,4.90067750677507,45.6414174868395,33.6833661052875,33.6833661052875,4,0,45
10540154,215,05/08/2020 00:00:00,05-Aug-2020 07:22:47,05-Aug-2020 14:36:49,40.7407399800644,590.4,72,14.4,07:14:02,3.6167,4.90067750677507,45.6414174868395,33.6833661052875,33.6833661052875,1,0,45
10540156,215,05/08/2020 00:00:00,05-Aug-2020 07:23:31,05-Aug-2020 14:37:33,40.7407399800644,590.4,72,14.4,07:14:02,3.6167,4.90067750677507,45.6414174868395,33.6833661052875,33.6833661052875,2,0,45
10540157,215,05/08/2020 00:00:00,05-Aug-2020 07:36:12,05-Aug-2020 14:50:14,40.7407399800644,590.4,72,14.4,07:14:02,3.6167,4.90067750677507,45.6414174868395,33.6833661052875,33.6833661052875,3,0,45
10540155,215,05/08/2020 00:00:00,05-Aug-2020 07:42:20,05-Aug-2020 14:56:22,40.7407399800644,590.4,72,14.4,07:14:02,3.6167,4.90067750677507,45.6414174868395,33.6833661052875,33.6833661052875,4,0,45
10540160,215,06/08/2020 00:00:00,06-Aug-2020 06:43:39,06-Aug-2020 13:56:57,41.0478360275474,590.4,72,14.4,07:13:18,3.6083,4.88929539295393,45.9371314205013,33.90160298833,33.90160298833,1,0,45
10540159,215,06/08/2020 00:00:00,06-Aug-2020 06:45:29,06-Aug-2020 13:58:46,41.0478360275474,590.4,72,14.4,07:13:17,3.6083,4.88929539295393,45.9371314205013,33.90160298833,33.90160298833,2,0,45
10540162,215,06/08/2020 00:00:00,06-Aug-2020 06:48:16,06-Aug-2020 14:01:33,41.0478360275474,590.4,72,14.4,07:13:18,3.6083,4.88929539295393,45.9371314205013,33.90160298833,33.90160298833,3,0,45
10540158,215,06/08/2020 00:00:00,06-Aug-2020 07:45:49,06-Aug-2020 14:59:06,41.0478360275474,590.4,72,14.4,07:13:17,3.6083,4.88929539295393,45.9371314205013,33.90160298833,33.90160298833,4,0,45
10540161,215,06/08/2020 00:00:00,06-Aug-2020 08:09:59,06-Aug-2020 15:23:16,41.0478360275474,590.4,72,14.4,07:13:18,3.6083,4.88929539295393,45.9371314205013,33.90160298833,33.90160298833,5,0,45
10540164,215,07/08/2020 00:00:00,07-Aug-2020 06:45:11,07-Aug-2020 13:58:29,41.0478360275474,590.4,72,14.4,07:13:18,3.6083,4.88929539295393,45.9371314205013,33.90160298833,33.90160298833,1,0,45
10540166,215,07/08/2020 00:00:00,07-Aug-2020 07:50:59,07-Aug-2020 15:04:17,41.0478360275474,590.4,72,14.4,07:13:18,3.6083,4.88929539295393,45.9371314205013,33.90160298833,33.90160298833,2,0,45
10540163,215,07/08/2020 00:00:00,07-Aug-2020 08:36:30,07-Aug-2020 15:49:47,41.0478360275474,590.4,72,14.4,07:13:17,3.6083,4.88929539295393,45.9371314205013,33.90160298833,33.90160298833,3,0,45
10540165,215,07/08/2020 00:00:00,07-Aug-2020 09:19:04,07-Aug-2020 16:32:21,41.0478360275474,590.4,72,14.4,07:13:17,3.6083,4.88929539295393,45.9371314205013,33.90160298833,33.90160298833,4,0,45
10540170,215,08/08/2020 00:00:00,08-Aug-2020 07:00:35,08-Aug-2020 14:13:53,41.0478360275474,590.4,72,14.4,07:13:18,3.6083,4.88929539295393,45.9371314205013,33.90160298833,33.90160298833,1,0,45
10540167,215,08/08/2020 00:00:00,08-Aug-2020 07:18:45,08-Aug-2020 14:32:02,41.0478360275474,590.4,72,14.4,07:13:17,3.6083,4.88929539295393,45.9371314205013,33.90160298833,33.90160298833,2,0,45
10540169,215,08/08/2020 00:00:00,08-Aug-2020 07:39:15,08-Aug-2020 14:52:32,41.0478360275474,590.4,72,14.4,07:13:17,3.6083,4.88929539295393,45.9371314205013,33.90160298833,33.90160298833,3,0,45
10540168,215,08/08/2020 00:00:00,08-Aug-2020 08:41:57,08-Aug-2020 15:55:15,41.0478360275474,590.4,72,14.4,07:13:18,3.6083,4.88929539295393,45.9371314205013,33.90160298833,33.90160298833,4,0,45
10540171,215,08/08/2020 00:00:00,08-Aug-2020 08:47:47,08-Aug-2020 16:01:05,41.0478360275474,590.4,72,14.4,07:13:18,3.6083,4.88929539295393,45.9371314205013,33.90160298833,33.90160298833,5,0,45
10540177,215,09/08/2020 00:00:00,09-Aug-2020 07:19:37,09-Aug-2020 14:32:55,41.0478360275474,590.4,72,14.4,07:13:18,3.6083,4.88929539295393,45.9371314205013,33.90160298833,33.90160298833,1,0,45
10540175,215,09/08/2020 00:00:00,09-Aug-2020 07:21:48,09-Aug-2020 14:35:05,41.0478360275474,590.4,72,14.4,07:13:17,3.6083,4.88929539295393,45.9371314205013,33.90160298833,33.90160298833,2,0,45
10540172,215,09/08/2020 00:00:00,09-Aug-2020 07:45:50,09-Aug-2020 14:59:08,41.0478360275474,590.4,72,14.4,07:13:18,3.6083,4.88929539295393,45.9371314205013,33.90160298833,33.90160298833,3,0,45
10540178,215,09/08/2020 00:00:00,09-Aug-2020 08:50:52,09-Aug-2020 16:04:09,41.0478360275474,590.4,72,14.4,07:13:17,3.6083,4.88929539295393,45.9371314205013,33.90160298833,33.90160298833,4,0,45
10540173,215,09/08/2020 00:00:00,09-Aug-2020 08:54:49,09-Aug-2020 16:08:06,41.0478360275474,590.4,72,14.4,07:13:17,3.6083,4.88929539295393,45.9371314205013,33.90160298833,33.90160298833,5,0,45
10540174,215,09/08/2020 00:00:00,09-Aug-2020 09:00:51,09-Aug-2020 16:14:08,41.0478360275474,590.4,72,14.4,07:13:17,3.6083,4.88929539295393,45.9371314205013,33.90160298833,33.90160298833,6,0,45
10540176,215,09/08/2020 00:00:00,09-Aug-2020 09:14:33,09-Aug-2020 16:27:50,41.0478360275474,590.4,72,14.4,07:13:17,3.6083,4.88929539295393,45.9371314205013,33.90160298833,33.90160298833,7,0,45
10540183,215,10/08/2020 00:00:00,10-Aug-2020 06:50:50,10-Aug-2020 14:04:08,41.0478360275474,590.4,72,14.4,07:13:17,3.6083,4.88929539295393,45.9371314205013,33.90160298833,33.90160298833,1,0,45
10540181,215,10/08/2020 00:00:00,10-Aug-2020 06:53:25,10-Aug-2020 14:06:43,41.0478360275474,590.4,72,14.4,07:13:18,3.6083,4.88929539295393,45.9371314205013,33.90160298833,33.90160298833,2,0,45
10540184,215,10/08/2020 00:00:00,10-Aug-2020 07:19:52,10-Aug-2020 14:33:10,41.0478360275474,590.4,72,14.4,07:13:17,3.6083,4.88929539295393,45.9371314205013,33.90160298833,33.90160298833,3,0,45
10540185,215,10/08/2020 00:00:00,10-Aug-2020 07:22:07,10-Aug-2020 14:35:24,41.0478360275474,590.4,72,14.4,07:13:17,3.6083,4.88929539295393,45.9371314205013,33.90160298833,33.90160298833,4,0,45
10540179,215,10/08/2020 00:00:00,10-Aug-2020 07:47:05,10-Aug-2020 15:00:23,41.0478360275474,590.4,72,14.4,07:13:17,3.6083,4.88929539295393,45.9371314205013,33.90160298833,33.90160298833,5,0,45
10540182,215,10/08/2020 00:00:00,10-Aug-2020 09:00:24,10-Aug-2020 16:13:41,41.0478360275474,590.4,72,14.4,07:13:17,3.6083,4.88929539295393,45.9371314205013,33.90160298833,33.90160298833,6,0,45
10540180,215,10/08/2020 00:00:00,10-Aug-2020 09:11:03,10-Aug-2020 16:24:19,41.0478360275474,590.4,72,14.4,07:13:17,3.6083,4.88929539295393,45.9371314205013,33.90160298833,33.90160298833,7,0,45
10540191,215,11/08/2020 00:00:00,11-Aug-2020 07:09:07,11-Aug-2020 14:22:25,41.0478360275474,590.4,72,14.4,07:13:17,3.6083,4.88929539295393,45.9371314205013,33.90160298833,33.90160298833,1,0,45
10540190,215,11/08/2020 00:00:00,11-Aug-2020 07:33:06,11-Aug-2020 14:46:23,41.0478360275474,590.4,72,14.4,07:13:17,3.6083,4.88929539295393,45.9371314205013,33.90160298833,33.90160298833,2,0,45
10540188,215,11/08/2020 00:00:00,11-Aug-2020 07:39:57,11-Aug-2020 14:53:13,41.0478360275474,590.4,72,14.4,07:13:17,3.6083,4.88929539295393,45.9371314205013,33.90160298833,33.90160298833,3,0,45
10540186,215,11/08/2020 00:00:00,11-Aug-2020 07:40:09,11-Aug-2020 14:53:27,41.0478360275474,590.4,72,14.4,07:13:18,3.6083,4.88929539295393,45.9371314205013,33.90160298833,33.90160298833,4,0,45
10540189,215,11/08/2020 00:00:00,11-Aug-2020 08:20:34,11-Aug-2020 15:33:52,41.0478360275474,590.4,72,14.4,07:13:17,3.6083,4.88929539295393,45.9371314205013,33.90160298833,33.90160298833,5,0,45
10540187,215,11/08/2020 00:00:00,11-Aug-2020 08:46:09,11-Aug-2020 15:59:27,41.0478360275474,590.4,72,14.4,07:13:18,3.6083,4.88929539295393,45.9371314205013,33.90160298833,33.90160298833,6,0,45
10540193,215,12/08/2020 00:00:00,12-Aug-2020 06:30:07,12-Aug-2020 13:43:24,41.0478360275474,590.4,72,14.4,07:13:17,3.6083,4.88929539295393,45.9371314205013,33.90160298833,33.90160298833,1,0,45
10540194,215,12/08/2020 00:00:00,12-Aug-2020 07:21:31,12-Aug-2020 14:34:48,41.0478360275474,590.4,72,14.4,07:13:18,3.6083,4.88929539295393,45.9371314205013,33.90160298833,33.90160298833,2,0,45
10540197,215,12/08/2020 00:00:00,12-Aug-2020 07:46:34,12-Aug-2020 14:59:51,41.0478360275474,590.4,72,14.4,07:13:17,3.6083,4.88929539295393,45.9371314205013,33.90160298833,33.90160298833,3,0,45
10540195,215,12/08/2020 00:00:00,12-Aug-2020 07:49:25,12-Aug-2020 15:02:42,41.0478360275474,590.4,72,14.4,07:13:17,3.6083,4.88929539295393,45.9371314205013,33.90160298833,33.90160298833,4,0,45
10540196,215,12/08/2020 00:00:00,12-Aug-2020 07:50:03,12-Aug-2020 15:03:21,41.0478360275474,590.4,72,14.4,07:13:17,3.6083,4.88929539295393,45.9371314205013,33.90160298833,33.90160298833,5,0,45
10540192,215,12/08/2020 00:00:00,12-Aug-2020 09:29:07,12-Aug-2020 16:42:23,41.0478360275474,590.4,72,14.4,07:13:17,3.6083,4.88929539295393,45.9371314205013,33.90160298833,33.90160298833,6,0,45
10540201,215,13/08/2020 00:00:00,13-Aug-2020 06:34:27,13-Aug-2020 13:20:10,40.3746753295141,590.4,72,14.4,06:45:43,3.375,4.57317073170732,44.9478460612214,33.1715103931814,33.1715103931814,1,0,45
10540202,215,13/08/2020 00:00:00,13-Aug-2020 06:52:00,13-Aug-2020 13:37:43,40.3746753295141,590.4,72,14.4,06:45:43,3.375,4.57317073170732,44.9478460612214,33.1715103931814,33.1715103931814,2,0,45
10540199,215,13/08/2020 00:00:00,13-Aug-2020 08:16:30,13-Aug-2020 15:02:14,40.3746753295141,590.4,72,14.4,06:45:43,3.375,4.57317073170732,44.9478460612214,33.1715103931814,33.1715103931814,3,0,45
10540200,215,13/08/2020 00:00:00,13-Aug-2020 09:04:42,13-Aug-2020 15:50:26,40.3746753295141,590.4,72,14.4,06:45:44,3.375,4.57317073170732,44.9478460612214,33.1715103931814,33.1715103931814,4,0,45
10540198,215,13/08/2020 00:00:00,13-Aug-2020 09:13:05,13-Aug-2020 15:58:48,40.3746753295141,590.4,72,14.4,06:45:43,3.375,4.57317073170732,44.9478460612214,33.1715103931814,33.1715103931814,5,0,45
10540206,215,14/08/2020 00:00:00,14-Aug-2020 07:22:35,14-Aug-2020 14:08:18,40.3746753295141,590.4,72,14.4,06:45:43,3.375,4.57317073170732,44.9478460612214,33.1715103931814,33.1715103931814,1,0,45
10540203,215,14/08/2020 00:00:00,14-Aug-2020 07:25:04,14-Aug-2020 14:10:47,40.3746753295141,590.4,72,14.4,06:45:43,3.375,4.57317073170732,44.9478460612214,33.1715103931814,33.1715103931814,2,0,45
10540205,215,14/08/2020 00:00:00,14-Aug-2020 09:09:02,14-Aug-2020 15:54:46,40.3746753295141,590.4,72,14.4,06:45:44,3.375,4.57317073170732,44.9478460612214,33.1715103931814,33.1715103931814,3,0,45
10540204,215,14/08/2020 00:00:00,14-Aug-2020 09:10:19,14-Aug-2020 15:56:03,40.3746753295141,590.4,72,14.4,06:45:44,3.375,4.57317073170732,44.9478460612214,33.1715103931814,33.1715103931814,4,0,45
10540209,215,15/08/2020 00:00:00,15-Aug-2020 06:35:20,15-Aug-2020 13:21:03,40.3746753295141,590.4,72,14.4,06:45:43,3.375,4.57317073170732,44.9478460612214,33.1715103931814,33.1715103931814,1,0,45
10540210,215,15/08/2020 00:00:00,15-Aug-2020 07:46:03,15-Aug-2020 14:31:47,40.3746753295141,590.4,72,14.4,06:45:44,3.375,4.57317073170732,44.9478460612214,33.1715103931814,33.1715103931814,2,0,45
10540207,215,15/08/2020 00:00:00,15-Aug-2020 07:52:21,15-Aug-2020 14:38:04,40.3746753295141,590.4,72,14.4,06:45:43,3.375,4.57317073170732,44.9478460612214,33.1715103931814,33.1715103931814,3,0,45
10540211,215,15/08/2020 00:00:00,15-Aug-2020 08:58:46,15-Aug-2020 15:44:31,40.3746753295141,590.4,72,14.4,06:45:44,3.375,4.57317073170732,44.9478460612214,33.1715103931814,33.1715103931814,4,0,45
10540208,215,15/08/2020 00:00:00,15-Aug-2020 08:58:55,15-Aug-2020 15:44:39,40.3746753295141,590.4,72,14.4,06:45:44,3.375,4.57317073170732,44.9478460612214,33.1715103931814,33.1715103931814,5,0,45
10540216,215,16/08/2020 00:00:00,16-Aug-2020 07:17:53,16-Aug-2020 14:03:36,40.3746753295141,590.4,72,14.4,06:45:43,3.375,4.57317073170732,44.9478460612214,33.1715103931814,33.1715103931814,1,0,45
10540217,215,16/08/2020 00:00:00,16-Aug-2020 07:25:33,16-Aug-2020 14:11:18,40.3746753295141,590.4,72,14.4,06:45:44,3.375,4.57317073170732,44.9478460612214,33.1715103931814,33.1715103931814,2,0,45
10540215,215,16/08/2020 00:00:00,16-Aug-2020 07:30:18,16-Aug-2020 14:16:01,40.3746753295141,590.4,72,14.4,06:45:44,3.375,4.57317073170732,44.9478460612214,33.1715103931814,33.1715103931814,3,0,45
10540214,215,16/08/2020 00:00:00,16-Aug-2020 07:31:57,16-Aug-2020 14:17:41,40.3746753295141,590.4,72,14.4,06:45:44,3.375,4.57317073170732,44.9478460612214,33.1715103931814,33.1715103931814,4,0,45
10540218,215,16/08/2020 00:00:00,16-Aug-2020 07:41:23,16-Aug-2020 14:27:07,40.3746753295141,590.4,72,14.4,06:45:44,3.375,4.57317073170732,44.9478460612214,33.1715103931814,33.1715103931814,5,0,45
10540213,215,16/08/2020 00:00:00,16-Aug-2020 07:43:30,16-Aug-2020 14:29:14,40.3746753295141,590.4,72,14.4,06:45:44,3.375,4.57317073170732,44.9478460612214,33.1715103931814,33.1715103931814,6,0,45
10540212,215,16/08/2020 00:00:00,16-Aug-2020 08:46:57,16-Aug-2020 15:32:39,40.3746753295141,590.4,72,14.4,06:45:43,3.375,4.57317073170732,44.9478460612214,33.1715103931814,33.1715103931814,7,0,45
10540225,215,17/08/2020 00:00:00,17-Aug-2020 07:43:17,17-Aug-2020 14:28:59,40.3746753295141,590.4,72,14.4,06:45:43,3.375,4.57317073170732,44.9478460612214,33.1715103931814,33.1715103931814,1,0,45
10540224,215,17/08/2020 00:00:00,17-Aug-2020 08:02:10,17-Aug-2020 14:47:54,40.3746753295141,590.4,72,14.4,06:45:44,3.375,4.57317073170732,44.9478460612214,33.1715103931814,33.1715103931814,2,0,45
10540220,215,17/08/2020 00:00:00,17-Aug-2020 08:31:15,17-Aug-2020 15:16:59,40.3746753295141,590.4,72,14.4,06:45:44,3.375,4.57317073170732,44.9478460612214,33.1715103931814,33.1715103931814,3,0,45
10540223,215,17/08/2020 00:00:00,17-Aug-2020 08:43:33,17-Aug-2020 15:29:17,40.3746753295141,590.4,72,14.4,06:45:44,3.375,4.57317073170732,44.9478460612214,33.1715103931814,33.1715103931814,4,0,45
10540222,215,17/08/2020 00:00:00,17-Aug-2020 08:57:46,17-Aug-2020 15:43:29,40.3746753295141,590.4,72,14.4,06:45:43,3.375,4.57317073170732,44.9478460612214,33.1715103931814,33.1715103931814,5,0,45
10540219,215,17/08/2020 00:00:00,17-Aug-2020 09:18:33,17-Aug-2020 16:04:17,40.3746753295141,590.4,72,14.4,06:45:44,3.375,4.57317073170732,44.9478460612214,33.1715103931814,33.1715103931814,6,0,45
10540221,215,17/08/2020 00:00:00,17-Aug-2020 09:20:02,17-Aug-2020 16:05:45,40.3746753295141,590.4,72,14.4,06:45:43,3.375,4.57317073170732,44.9478460612214,33.1715103931814,33.1715103931814,7,0,45
10540230,215,18/08/2020 00:00:00,18-Aug-2020 06:45:00,18-Aug-2020 13:30:44,40.3746753295141,590.4,72,14.4,06:45:44,3.375,4.57317073170732,44.9478460612214,33.1715103931814,33.1715103931814,1,0,45
10540228,215,18/08/2020 00:00:00,18-Aug-2020 07:02:10,18-Aug-2020 13:47:53,40.3746753295141,590.4,72,14.4,06:45:43,3.375,4.57317073170732,44.9478460612214,33.1715103931814,33.1715103931814,2,0,45
10540226,215,18/08/2020 00:00:00,18-Aug-2020 08:46:01,18-Aug-2020 15:31:45,40.3746753295141,590.4,72,14.4,06:45:44,3.375,4.57317073170732,44.9478460612214,33.1715103931814,33.1715103931814,3,0,45
10540229,215,18/08/2020 00:00:00,18-Aug-2020 08:57:29,18-Aug-2020 15:43:13,40.3746753295141,590.4,72,14.4,06:45:44,3.375,4.57317073170732,44.9478460612214,33.1715103931814,33.1715103931814,4,0,45
10540227,215,18/08/2020 00:00:00,18-Aug-2020 09:18:25,18-Aug-2020 16:04:09,40.3746753295141,590.4,72,14.4,06:45:44,3.375,4.57317073170732,44.9478460612214,33.1715103931814,33.1715103931814,5,0,45
10540235,215,19/08/2020 00:00:00,19-Aug-2020 06:36:09,19-Aug-2020 13:21:52,40.3746753295141,590.4,72,14.4,06:45:44,3.375,4.57317073170732,44.9478460612214,33.1715103931814,33.1715103931814,1,0,45
10540231,215,19/08/2020 00:00:00,19-Aug-2020 07:05:30,19-Aug-2020 13:51:13,40.3746753295141,590.4,72,14.4,06:45:43,3.375,4.57317073170732,44.9478460612214,33.1715103931814,33.1715103931814,2,0,45
10540234,215,19/08/2020 00:00:00,19-Aug-2020 07:14:27,19-Aug-2020 14:00:10,40.3746753295141,590.4,72,14.4,06:45:43,3.375,4.57317073170732,44.9478460612214,33.1715103931814,33.1715103931814,3,0,45
10540236,215,19/08/2020 00:00:00,19-Aug-2020 07:56:01,19-Aug-2020 14:41:43,40.3746753295141,590.4,72,14.4,06:45:43,3.375,4.57317073170732,44.9478460612214,33.1715103931814,33.1715103931814,4,0,45
10540233,215,19/08/2020 00:00:00,19-Aug-2020 08:19:45,19-Aug-2020 15:05:28,40.3746753295141,590.4,72,14.4,06:45:44,3.375,4.57317073170732,44.9478460612214,33.1715103931814,33.1715103931814,5,0,45
10540232,215,19/08/2020 00:00:00,19-Aug-2020 09:24:20,19-Aug-2020 16:10:04,40.3746753295141,590.4,72,14.4,06:45:44,3.375,4.57317073170732,44.9478460612214,33.1715103931814,33.1715103931814,6,0,45
10540237,215,20/08/2020 00:00:00,20-Aug-2020 07:13:52,20-Aug-2020 14:19:40,42.9516768997448,590.4,72,14.4,07:05:48,3.5417,4.79905149051491,47.7507283902597,35.2400375520117,35.2400375520117,1,0,45
10540241,215,20/08/2020 00:00:00,20-Aug-2020 08:34:38,20-Aug-2020 15:40:26,42.9516768997448,590.4,72,14.4,07:05:48,3.5417,4.79905149051491,47.7507283902597,35.2400375520117,35.2400375520117,2,0,45
10540239,215,20/08/2020 00:00:00,20-Aug-2020 09:03:17,20-Aug-2020 16:09:04,42.9516768997448,590.4,72,14.4,07:05:47,3.5417,4.79905149051491,47.7507283902597,35.2400375520117,35.2400375520117,3,0,45
10540238,215,20/08/2020 00:00:00,20-Aug-2020 09:12:23,20-Aug-2020 16:18:12,42.9516768997448,590.4,72,14.4,07:05:48,3.5417,4.79905149051491,47.7507283902597,35.2400375520117,35.2400375520117,4,0,45
10540240,215,20/08/2020 00:00:00,20-Aug-2020 09:27:57,20-Aug-2020 16:33:46,42.9516768997448,590.4,72,14.4,07:05:48,3.5417,4.79905149051491,47.7507283902597,35.2400375520117,35.2400375520117,5,0,45
10540243,215,21/08/2020 00:00:00,21-Aug-2020 07:19:11,21-Aug-2020 14:24:59,42.9516768997448,590.4,72,14.4,07:05:48,3.5417,4.79905149051491,47.7507283902597,35.2400375520117,35.2400375520117,1,0,45
10540242,215,21/08/2020 00:00:00,21-Aug-2020 08:29:59,21-Aug-2020 15:35:47,42.9516768997448,590.4,72,14.4,07:05:47,3.5417,4.79905149051491,47.7507283902597,35.2400375520117,35.2400375520117,2,0,45
10540245,215,21/08/2020 00:00:00,21-Aug-2020 08:40:06,21-Aug-2020 15:45:55,42.9516768997448,590.4,72,14.4,07:05:48,3.5417,4.79905149051491,47.7507283902597,35.2400375520117,35.2400375520117,3,0,45
10540244,215,21/08/2020 00:00:00,21-Aug-2020 08:59:46,21-Aug-2020 16:05:35,42.9516768997448,590.4,72,14.4,07:05:48,3.5417,4.79905149051491,47.7507283902597,35.2400375520117,35.2400375520117,4,0,45
10540246,215,22/08/2020 00:00:00,22-Aug-2020 07:19:13,22-Aug-2020 14:25:01,42.9516768997448,590.4,72,14.4,07:05:48,3.5417,4.79905149051491,47.7507283902597,35.2400375520117,35.2400375520117,1,0,45
10540247,215,22/08/2020 00:00:00,22-Aug-2020 07:20:54,22-Aug-2020 14:26:41,42.9516768997448,590.4,72,14.4,07:05:47,3.5417,4.79905149051491,47.7507283902597,35.2400375520117,35.2400375520117,2,0,45
10540249,215,22/08/2020 00:00:00,22-Aug-2020 07:33:13,22-Aug-2020 14:39:00,42.9516768997448,590.4,72,14.4,07:05:48,3.5417,4.79905149051491,47.7507283902597,35.2400375520117,35.2400375520117,3,0,45
10540248,215,22/08/2020 00:00:00,22-Aug-2020 07:47:31,22-Aug-2020 14:53:19,42.9516768997448,590.4,72,14.4,07:05:48,3.5417,4.79905149051491,47.7507283902597,35.2400375520117,35.2400375520117,4,0,45
10540250,215,22/08/2020 00:00:00,22-Aug-2020 08:54:19,22-Aug-2020 16:00:06,42.9516768997448,590.4,72,14.4,07:05:48,3.5417,4.79905149051491,47.7507283902597,35.2400375520117,35.2400375520117,5,0,45
10540253,215,23/08/2020 00:00:00,23-Aug-2020 06:51:32,23-Aug-2020 13:57:19,42.9516768997448,590.4,72,14.4,07:05:47,3.5417,4.79905149051491,47.7507283902597,35.2400375520117,35.2400375520117,1,0,45
10540252,215,23/08/2020 00:00:00,23-Aug-2020 07:04:46,23-Aug-2020 14:10:33,42.9516768997448,590.4,72,14.4,07:05:48,3.5417,4.79905149051491,47.7507283902597,35.2400375520117,35.2400375520117,2,0,45
10540255,215,23/08/2020 00:00:00,23-Aug-2020 08:04:31,23-Aug-2020 15:10:20,42.9516768997448,590.4,72,14.4,07:05:48,3.5417,4.79905149051491,47.7507283902597,35.2400375520117,35.2400375520117,3,0,45
10540256,215,23/08/2020 00:00:00,23-Aug-2020 08:15:00,23-Aug-2020 15:20:47,42.9516768997448,590.4,72,14.4,07:05:48,3.5417,4.79905149051491,47.7507283902597,35.2400375520117,35.2400375520117,4,0,45
10540257,215,23/08/2020 00:00:00,23-Aug-2020 08:17:51,23-Aug-2020 15:23:40,42.9516768997448,590.4,72,14.4,07:05:48,3.5417,4.79905149051491,47.7507283902597,35.2400375520117,35.2400375520117,5,0,45
10540251,215,23/08/2020 00:00:00,23-Aug-2020 08:33:31,23-Aug-2020 15:39:19,42.9516768997448,590.4,72,14.4,07:05:48,3.5417,4.79905149051491,47.7507283902597,35.2400375520117,35.2400375520117,6,0,45
10540254,215,23/08/2020 00:00:00,23-Aug-2020 09:11:36,23-Aug-2020 16:17:24,42.9516768997448,590.4,72,14.4,07:05:48,3.5417,4.79905149051491,47.7507283902597,35.2400375520117,35.2400375520117,7,0,45
10540260,215,24/08/2020 00:00:00,24-Aug-2020 07:25:27,24-Aug-2020 14:31:16,42.9516768997448,590.4,72,14.4,07:05:48,3.5417,4.79905149051491,47.7507283902597,35.2400375520117,35.2400375520117,1,0,45
10540262,215,24/08/2020 00:00:00,24-Aug-2020 07:56:50,24-Aug-2020 15:02:37,42.9516768997448,590.4,72,14.4,07:05:48,3.5417,4.79905149051491,47.7507283902597,35.2400375520117,35.2400375520117,2,0,45
10540259,215,24/08/2020 00:00:00,24-Aug-2020 08:26:45,24-Aug-2020 15:32:32,42.9516768997448,590.4,72,14.4,07:05:48,3.5417,4.79905149051491,47.7507283902597,35.2400375520117,35.2400375520117,3,0,45
10540261,215,24/08/2020 00:00:00,24-Aug-2020 08:36:50,24-Aug-2020 15:42:38,42.9516768997448,590.4,72,14.4,07:05:48,3.5417,4.79905149051491,47.7507283902597,35.2400375520117,35.2400375520117,4,0,45
10540263,215,24/08/2020 00:00:00,24-Aug-2020 08:38:30,24-Aug-2020 15:44:17,42.9516768997448,590.4,72,14.4,07:05:48,3.5417,4.79905149051491,47.7507283902597,35.2400375520117,35.2400375520117,5,0,45
10540258,215,24/08/2020 00:00:00,24-Aug-2020 08:40:07,24-Aug-2020 15:45:56,42.9516768997448,590.4,72,14.4,07:05:48,3.5417,4.79905149051491,47.7507283902597,35.2400375520117,35.2400375520117,6,0,45
10540266,215,25/08/2020 00:00:00,25-Aug-2020 06:30:29,25-Aug-2020 13:36:17,42.9516768997448,590.4,72,14.4,07:05:48,3.5417,4.79905149051491,47.7507283902597,35.2400375520117,35.2400375520117,1,0,45
10540264,215,25/08/2020 00:00:00,25-Aug-2020 06:37:14,25-Aug-2020 13:43:03,42.9516768997448,590.4,72,14.4,07:05:48,3.5417,4.79905149051491,47.7507283902597,35.2400375520117,35.2400375520117,2,0,45
10540265,215,25/08/2020 00:00:00,25-Aug-2020 07:08:52,25-Aug-2020 14:14:38,42.9516768997448,590.4,72,14.4,07:05:47,3.5417,4.79905149051491,47.7507283902597,35.2400375520117,35.2400375520117,3,0,45
10540268,215,25/08/2020 00:00:00,25-Aug-2020 07:52:53,25-Aug-2020 14:58:40,42.9516768997448,590.4,72,14.4,07:05:47,3.5417,4.79905149051491,47.7507283902597,35.2400375520117,35.2400375520117,4,0,45
10540267,215,25/08/2020 00:00:00,25-Aug-2020 08:18:53,25-Aug-2020 15:24:41,42.9516768997448,590.4,72,14.4,07:05:48,3.5417,4.79905149051491,47.7507283902597,35.2400375520117,35.2400375520117,5,0,45
10540272,215,26/08/2020 00:00:00,26-Aug-2020 06:35:42,26-Aug-2020 13:41:30,42.9516768997448,590.4,72,14.4,07:05:48,3.5417,4.79905149051491,47.7507283902597,35.2400375520117,35.2400375520117,1,0,45
10540269,215,26/08/2020 00:00:00,26-Aug-2020 06:47:30,26-Aug-2020 13:53:18,42.9516768997448,590.4,72,14.4,07:05:47,3.5417,4.79905149051491,47.7507283902597,35.2400375520117,35.2400375520117,2,0,45
10540271,215,26/08/2020 00:00:00,26-Aug-2020 06:59:40,26-Aug-2020 14:05:27,42.9516768997448,590.4,72,14.4,07:05:47,3.5417,4.79905149051491,47.7507283902597,35.2400375520117,35.2400375520117,3,0,45
10540270,215,26/08/2020 00:00:00,26-Aug-2020 07:28:57,26-Aug-2020 14:34:45,42.9516768997448,590.4,72,14.4,07:05:48,3.5417,4.79905149051491,47.7507283902597,35.2400375520117,35.2400375520117,4,0,45
10540273,215,26/08/2020 00:00:00,26-Aug-2020 07:41:08,26-Aug-2020 14:46:57,42.9516768997448,590.4,72,14.4,07:05:48,3.5417,4.79905149051491,47.7507283902597,35.2400375520117,35.2400375520117,5,0,45
10540274,215,27/08/2020 00:00:00,27-Aug-2020 06:33:44,27-Aug-2020 13:32:39,41.7873576411953,590.4,72,14.4,06:58:55,3.4833,4.71991869918699,46.5072763403823,34.3223699392021,34.3223699392021,1,0,45
10540278,215,27/08/2020 00:00:00,27-Aug-2020 06:52:30,27-Aug-2020 13:51:24,41.7873576411953,590.4,72,14.4,06:58:55,3.4833,4.71991869918699,46.5072763403823,34.3223699392021,34.3223699392021,2,0,45
10540275,215,27/08/2020 00:00:00,27-Aug-2020 07:54:34,27-Aug-2020 14:53:28,41.7873576411953,590.4,72,14.4,06:58:55,3.4833,4.71991869918699,46.5072763403823,34.3223699392021,34.3223699392021,3,0,45
10540276,215,27/08/2020 00:00:00,27-Aug-2020 08:14:56,27-Aug-2020 15:13:51,41.7873576411953,590.4,72,14.4,06:58:55,3.4833,4.71991869918699,46.5072763403823,34.3223699392021,34.3223699392021,4,0,45
10540277,215,27/08/2020 00:00:00,27-Aug-2020 08:53:58,27-Aug-2020 15:52:53,41.7873576411953,590.4,72,14.4,06:58:54,3.4833,4.71991869918699,46.5072763403823,34.3223699392021,34.3223699392021,5,0,45
10540279,215,28/08/2020 00:00:00,28-Aug-2020 08:26:56,28-Aug-2020 15:25:51,41.7873576411953,590.4,72,14.4,06:58:55,3.4833,4.71991869918699,46.5072763403823,34.3223699392021,34.3223699392021,1,0,45
10540282,215,28/08/2020 00:00:00,28-Aug-2020 08:50:14,28-Aug-2020 15:49:09,41.7873576411953,590.4,72,14.4,06:58:55,3.4833,4.71991869918699,46.5072763403823,34.3223699392021,34.3223699392021,2,0,45
10540281,215,28/08/2020 00:00:00,28-Aug-2020 09:11:58,28-Aug-2020 16:10:51,41.7873576411953,590.4,72,14.4,06:58:54,3.4833,4.71991869918699,46.5072763403823,34.3223699392021,34.3223699392021,3,0,45
10540280,215,28/08/2020 00:00:00,28-Aug-2020 09:16:05,28-Aug-2020 16:15:01,41.7873576411953,590.4,72,14.4,06:58:55,3.4833,4.71991869918699,46.5072763403823,34.3223699392021,34.3223699392021,4,0,45
10540286,215,29/08/2020 00:00:00,29-Aug-2020 06:49:33,29-Aug-2020 13:48:27,41.7873576411953,590.4,72,14.4,06:58:55,3.4833,4.71991869918699,46.5072763403823,34.3223699392021,34.3223699392021,1,0,45
10540284,215,29/08/2020 00:00:00,29-Aug-2020 07:22:19,29-Aug-2020 14:21:14,41.7873576411953,590.4,72,14.4,06:58:55,3.4833,4.71991869918699,46.5072763403823,34.3223699392021,34.3223699392021,2,0,45
10540283,215,29/08/2020 00:00:00,29-Aug-2020 07:43:36,29-Aug-2020 14:42:32,41.7873576411953,590.4,72,14.4,06:58:55,3.4833,4.71991869918699,46.5072763403823,34.3223699392021,34.3223699392021,3,0,45
10540287,215,29/08/2020 00:00:00,29-Aug-2020 07:47:33,29-Aug-2020 14:46:27,41.7873576411953,590.4,72,14.4,06:58:54,3.4833,4.71991869918699,46.5072763403823,34.3223699392021,34.3223699392021,4,0,45
10540285,215,29/08/2020 00:00:00,29-Aug-2020 08:26:16,29-Aug-2020 15:25:11,41.7873576411953,590.4,72,14.4,06:58:54,3.4833,4.71991869918699,46.5072763403823,34.3223699392021,34.3223699392021,5,0,45
10540289,215,30/08/2020 00:00:00,30-Aug-2020 06:50:10,30-Aug-2020 13:49:04,41.7873576411953,590.4,72,14.4,06:58:55,3.4833,4.71991869918699,46.5072763403823,34.3223699392021,34.3223699392021,1,0,45
10540290,215,30/08/2020 00:00:00,30-Aug-2020 07:20:57,30-Aug-2020 14:19:51,41.7873576411953,590.4,72,14.4,06:58:55,3.4833,4.71991869918699,46.5072763403823,34.3223699392021,34.3223699392021,2,0,45
10540293,215,30/08/2020 00:00:00,30-Aug-2020 07:34:35,30-Aug-2020 14:33:30,41.7873576411953,590.4,72,14.4,06:58:55,3.4833,4.71991869918699,46.5072763403823,34.3223699392021,34.3223699392021,3,0,45
10540291,215,30/08/2020 00:00:00,30-Aug-2020 07:39:32,30-Aug-2020 14:38:28,41.7873576411953,590.4,72,14.4,06:58:55,3.4833,4.71991869918699,46.5072763403823,34.3223699392021,34.3223699392021,4,0,45
10540288,215,30/08/2020 00:00:00,30-Aug-2020 07:54:19,30-Aug-2020 14:53:12,41.7873576411953,590.4,72,14.4,06:58:54,3.4833,4.71991869918699,46.5072763403823,34.3223699392021,34.3223699392021,5,0,45
10540294,215,30/08/2020 00:00:00,30-Aug-2020 09:00:52,30-Aug-2020 15:59:46,41.7873576411953,590.4,72,14.4,06:58:54,3.4833,4.71991869918699,46.5072763403823,34.3223699392021,34.3223699392021,6,0,45
10540292,215,30/08/2020 00:00:00,30-Aug-2020 09:15:25,30-Aug-2020 16:14:19,41.7873576411953,590.4,72,14.4,06:58:55,3.4833,4.71991869918699,46.5072763403823,34.3223699392021,34.3223699392021,7,0,45
10540295,215,31/08/2020 00:00:00,31-Aug-2020 06:36:25,31-Aug-2020 13:35:19,41.7873576411953,590.4,72,14.4,06:58:55,3.4833,4.71991869918699,46.5072763403823,34.3223699392021,34.3223699392021,1,0,45
10540299,215,31/08/2020 00:00:00,31-Aug-2020 06:50:49,31-Aug-2020 13:49:44,41.7873576411953,590.4,72,14.4,06:58:55,3.4833,4.71991869918699,46.5072763403823,34.3223699392021,34.3223699392021,2,0,45
10540298,215,31/08/2020 00:00:00,31-Aug-2020 06:54:14,31-Aug-2020 13:53:08,41.7873576411953,590.4,72,14.4,06:58:55,3.4833,4.71991869918699,46.5072763403823,34.3223699392021,34.3223699392021,3,0,45
10540297,215,31/08/2020 00:00:00,31-Aug-2020 06:58:03,31-Aug-2020 13:56:57,41.7873576411953,590.4,72,14.4,06:58:55,3.4833,4.71991869918699,46.5072763403823,34.3223699392021,34.3223699392021,4,0,45
10540296,215,31/08/2020 00:00:00,31-Aug-2020 07:05:46,31-Aug-2020 14:04:41,41.7873576411953,590.4,72,14.4,06:58:55,3.4833,4.71991869918699,46.5072763403823,34.3223699392021,34.3223699392021,5,0,45
10540300,215,31/08/2020 00:00:00,31-Aug-2020 07:20:49,31-Aug-2020 14:19:43,41.7873576411953,590.4,72,14.4,06:58:55,3.4833,4.71991869918699,46.5072763403823,34.3223699392021,34.3223699392021,6,0,45
10540302,215,01/09/2020 00:00:00,01-Sep-2020 06:54:54,01-Sep-2020 13:53:49,41.7873576411953,590.4,72,14.4,06:58:55,3.4833,4.71991869918699,46.5072763403823,34.3223699392021,34.3223699392021,1,0,45
10540301,215,01/09/2020 00:00:00,01-Sep-2020 07:24:56,01-Sep-2020 14:23:51,41.7873576411953,590.4,72,14.4,06:58:55,3.4833,4.71991869918699,46.5072763403823,34.3223699392021,34.3223699392021,2,0,45
10540305,215,01/09/2020 00:00:00,01-Sep-2020 07:50:05,01-Sep-2020 14:49:00,41.7873576411953,590.4,72,14.4,06:58:55,3.4833,4.71991869918699,46.5072763403823,34.3223699392021,34.3223699392021,3,0,45
10540303,215,01/09/2020 00:00:00,01-Sep-2020 08:10:11,01-Sep-2020 15:09:06,41.7873576411953,590.4,72,14.4,06:58:54,3.4833,4.71991869918699,46.5072763403823,34.3223699392021,34.3223699392021,4,0,45
10540304,215,01/09/2020 00:00:00,01-Sep-2020 08:31:55,01-Sep-2020 15:30:50,41.7873576411953,590.4,72,14.4,06:58:55,3.4833,4.71991869918699,46.5072763403823,34.3223699392021,34.3223699392021,5,0,45
10540310,215,02/09/2020 00:00:00,02-Sep-2020 06:42:10,02-Sep-2020 13:41:06,41.7873576411953,590.4,72,14.4,06:58:55,3.4833,4.71991869918699,46.5072763403823,34.3223699392021,34.3223699392021,1,0,45
10540309,215,02/09/2020 00:00:00,02-Sep-2020 08:07:51,02-Sep-2020 15:06:47,41.7873576411953,590.4,72,14.4,06:58:55,3.4833,4.71991869918699,46.5072763403823,34.3223699392021,34.3223699392021,2,0,45
10540306,215,02/09/2020 00:00:00,02-Sep-2020 08:49:28,02-Sep-2020 15:48:22,41.7873576411953,590.4,72,14.4,06:58:55,3.4833,4.71991869918699,46.5072763403823,34.3223699392021,34.3223699392021,3,0,45
10540311,215,02/09/2020 00:00:00,02-Sep-2020 09:08:25,02-Sep-2020 16:07:20,41.7873576411953,590.4,72,14.4,06:58:54,3.4833,4.71991869918699,46.5072763403823,34.3223699392021,34.3223699392021,4,0,45
10540308,215,02/09/2020 00:00:00,02-Sep-2020 09:17:37,02-Sep-2020 16:16:31,41.7873576411953,590.4,72,14.4,06:58:54,3.4833,4.71991869918699,46.5072763403823,34.3223699392021,34.3223699392021,5,0,45
10540307,215,02/09/2020 00:00:00,02-Sep-2020 09:26:02,02-Sep-2020 16:24:56,41.7873576411953,590.4,72,14.4,06:58:54,3.4833,4.71991869918699,46.5072763403823,34.3223699392021,34.3223699392021,6,0,45
10540317,215,03/09/2020 00:00:00,03-Sep-2020 06:52:25,03-Sep-2020 13:52:07,40.3621049921355,590.4,72,14.4,06:59:42,3.4917,4.73130081300813,45.0934058051436,33.278933484196,33.278933484196,1,0,45
10540312,215,03/09/2020 00:00:00,03-Sep-2020 07:14:01,03-Sep-2020 14:13:42,40.3621049921355,590.4,72,14.4,06:59:41,3.4917,4.73130081300813,45.0934058051436,33.278933484196,33.278933484196,2,0,45
10540316,215,03/09/2020 00:00:00,03-Sep-2020 07:18:43,03-Sep-2020 14:18:25,40.3621049921355,590.4,72,14.4,06:59:42,3.4917,4.73130081300813,45.0934058051436,33.278933484196,33.278933484196,3,0,45
10540313,215,03/09/2020 00:00:00,03-Sep-2020 08:02:32,03-Sep-2020 15:02:14,40.3621049921355,590.4,72,14.4,06:59:42,3.4917,4.73130081300813,45.0934058051436,33.278933484196,33.278933484196,4,0,45
10540314,215,03/09/2020 00:00:00,03-Sep-2020 08:30:28,03-Sep-2020 15:30:10,40.3621049921355,590.4,72,14.4,06:59:42,3.4917,4.73130081300813,45.0934058051436,33.278933484196,33.278933484196,5,0,45
10540315,215,03/09/2020 00:00:00,03-Sep-2020 09:07:18,03-Sep-2020 16:07:01,40.3621049921355,590.4,72,14.4,06:59:42,3.4917,4.73130081300813,45.0934058051436,33.278933484196,33.278933484196,6,0,45
10540320,215,04/09/2020 00:00:00,04-Sep-2020 06:49:55,04-Sep-2020 13:49:37,40.3621049921355,590.4,72,14.4,06:59:42,3.4917,4.73130081300813,45.0934058051436,33.278933484196,33.278933484196,1,0,45
10540318,215,04/09/2020 00:00:00,04-Sep-2020 07:26:55,04-Sep-2020 14:26:37,40.3621049921355,590.4,72,14.4,06:59:42,3.4917,4.73130081300813,45.0934058051436,33.278933484196,33.278933484196,2,0,45
10540319,215,04/09/2020 00:00:00,04-Sep-2020 07:41:58,04-Sep-2020 14:41:39,40.3621049921355,590.4,72,14.4,06:59:41,3.4917,4.73130081300813,45.0934058051436,33.278933484196,33.278933484196,3,0,45
10540322,215,04/09/2020 00:00:00,04-Sep-2020 08:57:25,04-Sep-2020 15:57:07,40.3621049921355,590.4,72,14.4,06:59:42,3.4917,4.73130081300813,45.0934058051436,33.278933484196,33.278933484196,4,0,45
10540321,215,04/09/2020 00:00:00,04-Sep-2020 09:16:05,04-Sep-2020 16:15:47,40.3621049921355,590.4,72,14.4,06:59:42,3.4917,4.73130081300813,45.0934058051436,33.278933484196,33.278933484196,5,0,45
10540326,215,05/09/2020 00:00:00,05-Sep-2020 06:50:25,05-Sep-2020 13:50:07,40.3621049921355,590.4,72,14.4,06:59:42,3.4917,4.73130081300813,45.0934058051436,33.278933484196,33.278933484196,1,0,45
10540323,215,05/09/2020 00:00:00,05-Sep-2020 06:50:35,05-Sep-2020 13:50:17,40.3621049921355,590.4,72,14.4,06:59:42,3.4917,4.73130081300813,45.0934058051436,33.278933484196,33.278933484196,2,0,45
10540325,215,05/09/2020 00:00:00,05-Sep-2020 07:32:26,05-Sep-2020 14:32:07,40.3621049921355,590.4,72,14.4,06:59:41,3.4917,4.73130081300813,45.0934058051436,33.278933484196,33.278933484196,3,0,45
10540324,215,05/09/2020 00:00:00,05-Sep-2020 08:21:36,05-Sep-2020 15:21:16,40.3621049921355,590.4,72,14.4,06:59:41,3.4917,4.73130081300813,45.0934058051436,33.278933484196,33.278933484196,4,0,45
10540327,215,05/09/2020 00:00:00,05-Sep-2020 08:31:16,05-Sep-2020 15:30:58,40.3621049921355,590.4,72,14.4,06:59:42,3.4917,4.73130081300813,45.0934058051436,33.278933484196,33.278933484196,5,0,45
10540328,215,05/09/2020 00:00:00,05-Sep-2020 08:47:35,05-Sep-2020 15:47:17,40.3621049921355,590.4,72,14.4,06:59:42,3.4917,4.73130081300813,45.0934058051436,33.278933484196,33.278933484196,6,0,45
10540330,215,06/09/2020 00:00:00,06-Sep-2020 06:52:48,06-Sep-2020 13:52:30,40.3621049921355,590.4,72,14.4,06:59:42,3.4917,4.73130081300813,45.0934058051436,33.278933484196,33.278933484196,1,0,45
10540333,215,06/09/2020 00:00:00,06-Sep-2020 07:06:25,06-Sep-2020 14:06:07,40.3621049921355,590.4,72,14.4,06:59:42,3.4917,4.73130081300813,45.0934058051436,33.278933484196,33.278933484196,2,0,45
10540332,215,06/09/2020 00:00:00,06-Sep-2020 07:48:55,06-Sep-2020 14:48:37,40.3621049921355,590.4,72,14.4,06:59:42,3.4917,4.73130081300813,45.0934058051436,33.278933484196,33.278933484196,3,0,45
10540334,215,06/09/2020 00:00:00,06-Sep-2020 08:03:05,06-Sep-2020 15:02:47,40.3621049921355,590.4,72,14.4,06:59:42,3.4917,4.73130081300813,45.0934058051436,33.278933484196,33.278933484196,4,0,45
10540331,215,06/09/2020 00:00:00,06-Sep-2020 08:08:31,06-Sep-2020 15:08:11,40.3621049921355,590.4,72,14.4,06:59:41,3.4917,4.73130081300813,45.0934058051436,33.278933484196,33.278933484196,5,0,45
10540336,215,06/09/2020 00:00:00,06-Sep-2020 08:21:10,06-Sep-2020 15:20:52,40.3621049921355,590.4,72,14.4,06:59:42,3.4917,4.73130081300813,45.0934058051436,33.278933484196,33.278933484196,6,0,45
10540335,215,06/09/2020 00:00:00,06-Sep-2020 09:12:25,06-Sep-2020 16:12:06,40.3621049921355,590.4,72,14.4,06:59:42,3.4917,4.73130081300813,45.0934058051436,33.278933484196,33.278933484196,7,0,45
10540329,215,06/09/2020 00:00:00,06-Sep-2020 09:20:30,06-Sep-2020 16:20:12,40.3621049921355,590.4,72,14.4,06:59:42,3.4917,4.73130081300813,45.0934058051436,33.278933484196,33.278933484196,8,0,45
10540337,215,07/09/2020 00:00:00,07-Sep-2020 06:51:57,07-Sep-2020 13:51:39,40.3621049921355,590.4,72,14.4,06:59:42,3.4917,4.73130081300813,45.0934058051436,33.278933484196,33.278933484196,1,0,45
10540344,215,07/09/2020 00:00:00,07-Sep-2020 07:11:09,07-Sep-2020 14:10:49,40.3621049921355,590.4,72,14.4,06:59:41,3.4917,4.73130081300813,45.0934058051436,33.278933484196,33.278933484196,2,0,45
10540342,215,07/09/2020 00:00:00,07-Sep-2020 07:24:27,07-Sep-2020 14:24:09,40.3621049921355,590.4,72,14.4,06:59:42,3.4917,4.73130081300813,45.0934058051436,33.278933484196,33.278933484196,3,0,45
10540341,215,07/09/2020 00:00:00,07-Sep-2020 07:49:17,07-Sep-2020 14:48:59,40.3621049921355,590.4,72,14.4,06:59:42,3.4917,4.73130081300813,45.0934058051436,33.278933484196,33.278933484196,4,0,45
10540343,215,07/09/2020 00:00:00,07-Sep-2020 08:04:55,07-Sep-2020 15:04:36,40.3621049921355,590.4,72,14.4,06:59:42,3.4917,4.73130081300813,45.0934058051436,33.278933484196,33.278933484196,5,0,45
10540340,215,07/09/2020 00:00:00,07-Sep-2020 08:05:43,07-Sep-2020 15:05:25,40.3621049921355,590.4,72,14.4,06:59:42,3.4917,4.73130081300813,45.0934058051436,33.278933484196,33.278933484196,6,0,45
10540339,215,07/09/2020 00:00:00,07-Sep-2020 08:56:55,07-Sep-2020 15:56:37,40.3621049921355,590.4,72,14.4,06:59:41,3.4917,4.73130081300813,45.0934058051436,33.278933484196,33.278933484196,7,0,45
10540338,215,07/09/2020 00:00:00,07-Sep-2020 09:07:39,07-Sep-2020 16:07:21,40.3621049921355,590.4,72,14.4,06:59:42,3.4917,4.73130081300813,45.0934058051436,33.278933484196,33.278933484196,8,0,45
10540345,215,08/09/2020 00:00:00,08-Sep-2020 07:39:12,08-Sep-2020 14:38:53,40.3621049921355,590.4,72,14.4,06:59:42,3.4917,4.73130081300813,45.0934058051436,33.278933484196,33.278933484196,1,0,45
10540347,215,08/09/2020 00:00:00,08-Sep-2020 07:53:52,08-Sep-2020 14:53:35,40.3621049921355,590.4,72,14.4,06:59:42,3.4917,4.73130081300813,45.0934058051436,33.278933484196,33.278933484196,2,0,45
10540350,215,08/09/2020 00:00:00,08-Sep-2020 08:08:47,08-Sep-2020 15:08:29,40.3621049921355,590.4,72,14.4,06:59:42,3.4917,4.73130081300813,45.0934058051436,33.278933484196,33.278933484196,3,0,45
10540346,215,08/09/2020 00:00:00,08-Sep-2020 09:14:57,08-Sep-2020 16:14:39,40.3621049921355,590.4,72,14.4,06:59:42,3.4917,4.73130081300813,45.0934058051436,33.278933484196,33.278933484196,4,0,45
10540348,215,08/09/2020 00:00:00,08-Sep-2020 09:22:26,08-Sep-2020 16:22:07,40.3621049921355,590.4,72,14.4,06:59:42,3.4917,4.73130081300813,45.0934058051436,33.278933484196,33.278933484196,5,0,45
10540349,215,08/09/2020 00:00:00,08-Sep-2020 09:26:32,08-Sep-2020 16:26:13,40.3621049921355,590.4,72,14.4,06:59:41,3.4917,4.73130081300813,45.0934058051436,33.278933484196,33.278933484196,6,0,45
10540355,215,09/09/2020 00:00:00,09-Sep-2020 06:46:20,09-Sep-2020 13:46:02,40.3621049921355,590.4,72,14.4,06:59:42,3.4917,4.73130081300813,45.0934058051436,33.278933484196,33.278933484196,1,0,45
10540357,215,09/09/2020 00:00:00,09-Sep-2020 07:04:50,09-Sep-2020 14:04:31,40.3621049921355,590.4,72,14.4,06:59:42,3.4917,4.73130081300813,45.0934058051436,33.278933484196,33.278933484196,2,0,45
10540351,215,09/09/2020 00:00:00,09-Sep-2020 08:36:44,09-Sep-2020 15:36:26,40.3621049921355,590.4,72,14.4,06:59:42,3.4917,4.73130081300813,45.0934058051436,33.278933484196,33.278933484196,3,0,45
10540353,215,09/09/2020 00:00:00,09-Sep-2020 08:39:22,09-Sep-2020 15:39:04,40.3621049921355,590.4,72,14.4,06:59:41,3.4917,4.73130081300813,45.0934058051436,33.278933484196,33.278933484196,4,0,45
10540354,215,09/09/2020 00:00:00,09-Sep-2020 08:50:04,09-Sep-2020 15:49:46,40.3621049921355,590.4,72,14.4,06:59:42,3.4917,4.73130081300813,45.0934058051436,33.278933484196,33.278933484196,5,0,45
10540352,215,09/09/2020 00:00:00,09-Sep-2020 08:56:39,09-Sep-2020 15:56:21,40.3621049921355,590.4,72,14.4,06:59:42,3.4917,4.73130081300813,45.0934058051436,33.278933484196,33.278933484196,6,0,45
10540356,215,09/09/2020 00:00:00,09-Sep-2020 09:29:32,09-Sep-2020 16:29:13,40.3621049921355,590.4,72,14.4,06:59:41,3.4917,4.73130081300813,45.0934058051436,33.278933484196,33.278933484196,7,0,45
10540360,215,10/09/2020 00:00:00,10-Sep-2020 07:29:23,10-Sep-2020 14:40:17,42.1689332761836,590.4,72,14.4,07:10:53,3.5833,4.85542005420054,47.0243533303841,34.7039727578235,34.7039727578235,1,0,45
10540363,215,10/09/2020 00:00:00,10-Sep-2020 07:34:05,10-Sep-2020 14:44:58,42.1689332761836,590.4,72,14.4,07:10:53,3.5833,4.85542005420054,47.0243533303841,34.7039727578235,34.7039727578235,2,0,45
10540359,215,10/09/2020 00:00:00,10-Sep-2020 07:48:49,10-Sep-2020 14:59:43,42.1689332761836,590.4,72,14.4,07:10:53,3.5833,4.85542005420054,47.0243533303841,34.7039727578235,34.7039727578235,3,0,45
10540361,215,10/09/2020 00:00:00,10-Sep-2020 08:01:17,10-Sep-2020 15:12:11,42.1689332761836,590.4,72,14.4,07:10:53,3.5833,4.85542005420054,47.0243533303841,34.7039727578235,34.7039727578235,4,0,45
10540362,215,10/09/2020 00:00:00,10-Sep-2020 08:21:41,10-Sep-2020 15:32:34,42.1689332761836,590.4,72,14.4,07:10:53,3.5833,4.85542005420054,47.0243533303841,34.7039727578235,34.7039727578235,5,0,45
10540358,215,10/09/2020 00:00:00,10-Sep-2020 08:22:55,10-Sep-2020 15:33:50,42.1689332761836,590.4,72,14.4,07:10:54,3.5833,4.85542005420054,47.0243533303841,34.7039727578235,34.7039727578235,6,0,45
10540365,215,11/09/2020 00:00:00,11-Sep-2020 06:44:27,11-Sep-2020 13:55:21,42.1689332761836,590.4,72,14.4,07:10:54,3.5833,4.85542005420054,47.0243533303841,34.7039727578235,34.7039727578235,1,0,45
10540364,215,11/09/2020 00:00:00,11-Sep-2020 07:57:30,11-Sep-2020 15:08:23,42.1689332761836,590.4,72,14.4,07:10:53,3.5833,4.85542005420054,47.0243533303841,34.7039727578235,34.7039727578235,2,0,45
10540366,215,11/09/2020 00:00:00,11-Sep-2020 08:00:00,11-Sep-2020 15:10:53,42.1689332761836,590.4,72,14.4,07:10:53,3.5833,4.85542005420054,47.0243533303841,34.7039727578235,34.7039727578235,3,0,45
10540367,215,11/09/2020 00:00:00,11-Sep-2020 08:08:09,11-Sep-2020 15:19:03,42.1689332761836,590.4,72,14.4,07:10:54,3.5833,4.85542005420054,47.0243533303841,34.7039727578235,34.7039727578235,4,0,45
10540368,215,11/09/2020 00:00:00,11-Sep-2020 09:03:25,11-Sep-2020 16:14:18,42.1689332761836,590.4,72,14.4,07:10:53,3.5833,4.85542005420054,47.0243533303841,34.7039727578235,34.7039727578235,5,0,45
10540374,215,12/09/2020 00:00:00,12-Sep-2020 07:04:02,12-Sep-2020 14:14:54,42.1689332761836,590.4,72,14.4,07:10:53,3.5833,4.85542005420054,47.0243533303841,34.7039727578235,34.7039727578235,1,0,45
10540371,215,12/09/2020 00:00:00,12-Sep-2020 07:05:23,12-Sep-2020 14:16:15,42.1689332761836,590.4,72,14.4,07:10:53,3.5833,4.85542005420054,47.0243533303841,34.7039727578235,34.7039727578235,2,0,45
10540372,215,12/09/2020 00:00:00,12-Sep-2020 07:20:21,12-Sep-2020 14:31:13,42.1689332761836,590.4,72,14.4,07:10:53,3.5833,4.85542005420054,47.0243533303841,34.7039727578235,34.7039727578235,3,0,45
10540369,215,12/09/2020 00:00:00,12-Sep-2020 07:56:34,12-Sep-2020 15:07:26,42.1689332761836,590.4,72,14.4,07:10:53,3.5833,4.85542005420054,47.0243533303841,34.7039727578235,34.7039727578235,4,0,45
10540373,215,12/09/2020 00:00:00,12-Sep-2020 08:54:54,12-Sep-2020 16:05:47,42.1689332761836,590.4,72,14.4,07:10:53,3.5833,4.85542005420054,47.0243533303841,34.7039727578235,34.7039727578235,5,0,45
10540370,215,12/09/2020 00:00:00,12-Sep-2020 08:57:25,12-Sep-2020 16:08:18,42.1689332761836,590.4,72,14.4,07:10:53,3.5833,4.85542005420054,47.0243533303841,34.7039727578235,34.7039727578235,6,0,45
10540381,215,13/09/2020 00:00:00,13-Sep-2020 06:47:14,13-Sep-2020 13:58:07,42.1689332761836,590.4,72,14.4,07:10:53,3.5833,4.85542005420054,47.0243533303841,34.7039727578235,34.7039727578235,1,0,45
10540377,215,13/09/2020 00:00:00,13-Sep-2020 07:31:07,13-Sep-2020 14:42:00,42.1689332761836,590.4,72,14.4,07:10:53,3.5833,4.85542005420054,47.0243533303841,34.7039727578235,34.7039727578235,2,0,45
10540380,215,13/09/2020 00:00:00,13-Sep-2020 07:42:04,13-Sep-2020 14:52:57,42.1689332761836,590.4,72,14.4,07:10:53,3.5833,4.85542005420054,47.0243533303841,34.7039727578235,34.7039727578235,3,0,45
10540379,215,13/09/2020 00:00:00,13-Sep-2020 07:48:31,13-Sep-2020 14:59:23,42.1689332761836,590.4,72,14.4,07:10:53,3.5833,4.85542005420054,47.0243533303841,34.7039727578235,34.7039727578235,4,0,45
10540382,215,13/09/2020 00:00:00,13-Sep-2020 07:58:25,13-Sep-2020 15:09:17,42.1689332761836,590.4,72,14.4,07:10:53,3.5833,4.85542005420054,47.0243533303841,34.7039727578235,34.7039727578235,5,0,45
10540375,215,13/09/2020 00:00:00,13-Sep-2020 08:00:48,13-Sep-2020 15:11:43,42.1689332761836,590.4,72,14.4,07:10:54,3.5833,4.85542005420054,47.0243533303841,34.7039727578235,34.7039727578235,6,0,45
10540376,215,13/09/2020 00:00:00,13-Sep-2020 08:27:22,13-Sep-2020 15:38:15,42.1689332761836,590.4,72,14.4,07:10:53,3.5833,4.85542005420054,47.0243533303841,34.7039727578235,34.7039727578235,7,0,45
10540378,215,13/09/2020 00:00:00,13-Sep-2020 08:33:21,13-Sep-2020 15:44:14,42.1689332761836,590.4,72,14.4,07:10:53,3.5833,4.85542005420054,47.0243533303841,34.7039727578235,34.7039727578235,8,0,45
10540387,215,14/09/2020 00:00:00,14-Sep-2020 07:05:35,14-Sep-2020 14:16:29,42.1689332761836,590.4,72,14.4,07:10:54,3.5833,4.85542005420054,47.0243533303841,34.7039727578235,34.7039727578235,1,0,45
10540384,215,14/09/2020 00:00:00,14-Sep-2020 07:19:31,14-Sep-2020 14:30:25,42.1689332761836,590.4,72,14.4,07:10:53,3.5833,4.85542005420054,47.0243533303841,34.7039727578235,34.7039727578235,2,0,45
10540388,215,14/09/2020 00:00:00,14-Sep-2020 07:58:29,14-Sep-2020 15:09:22,42.1689332761836,590.4,72,14.4,07:10:53,3.5833,4.85542005420054,47.0243533303841,34.7039727578235,34.7039727578235,3,0,45
10540389,215,14/09/2020 00:00:00,14-Sep-2020 08:28:13,14-Sep-2020 15:39:05,42.1689332761836,590.4,72,14.4,07:10:53,3.5833,4.85542005420054,47.0243533303841,34.7039727578235,34.7039727578235,4,0,45
10540385,215,14/09/2020 00:00:00,14-Sep-2020 08:36:54,14-Sep-2020 15:47:49,42.1689332761836,590.4,72,14.4,07:10:54,3.5833,4.85542005420054,47.0243533303841,34.7039727578235,34.7039727578235,5,0,45
10540383,215,14/09/2020 00:00:00,14-Sep-2020 08:40:00,14-Sep-2020 15:50:55,42.1689332761836,590.4,72,14.4,07:10:54,3.5833,4.85542005420054,47.0243533303841,34.7039727578235,34.7039727578235,6,0,45
10540390,215,14/09/2020 00:00:00,14-Sep-2020 08:49:15,14-Sep-2020 16:00:08,42.1689332761836,590.4,72,14.4,07:10:53,3.5833,4.85542005420054,47.0243533303841,34.7039727578235,34.7039727578235,7,0,45
10540386,215,14/09/2020 00:00:00,14-Sep-2020 09:28:26,14-Sep-2020 16:39:20,42.1689332761836,590.4,72,14.4,07:10:53,3.5833,4.85542005420054,47.0243533303841,34.7039727578235,34.7039727578235,8,0,45
10540394,215,15/09/2020 00:00:00,15-Sep-2020 07:26:11,15-Sep-2020 14:37:05,42.1689332761836,590.4,72,14.4,07:10:53,3.5833,4.85542005420054,47.0243533303841,34.7039727578235,34.7039727578235,1,0,45
10540391,215,15/09/2020 00:00:00,15-Sep-2020 07:43:22,15-Sep-2020 14:54:15,42.1689332761836,590.4,72,14.4,07:10:53,3.5833,4.85542005420054,47.0243533303841,34.7039727578235,34.7039727578235,2,0,45
10540392,215,15/09/2020 00:00:00,15-Sep-2020 07:46:50,15-Sep-2020 14:57:44,42.1689332761836,590.4,72,14.4,07:10:53,3.5833,4.85542005420054,47.0243533303841,34.7039727578235,34.7039727578235,3,0,45
10540395,215,15/09/2020 00:00:00,15-Sep-2020 08:04:45,15-Sep-2020 15:15:38,42.1689332761836,590.4,72,14.4,07:10:53,3.5833,4.85542005420054,47.0243533303841,34.7039727578235,34.7039727578235,4,0,45
10540396,215,15/09/2020 00:00:00,15-Sep-2020 08:47:08,15-Sep-2020 15:58:00,42.1689332761836,590.4,72,14.4,07:10:53,3.5833,4.85542005420054,47.0243533303841,34.7039727578235,34.7039727578235,5,0,45
10540393,215,15/09/2020 00:00:00,15-Sep-2020 09:00:30,15-Sep-2020 16:11:24,42.1689332761836,590.4,72,14.4,07:10:54,3.5833,4.85542005420054,47.0243533303841,34.7039727578235,34.7039727578235,6,0,45
10540401,215,16/09/2020 00:00:00,16-Sep-2020 06:33:13,16-Sep-2020 13:44:06,42.1689332761836,590.4,72,14.4,07:10:53,3.5833,4.85542005420054,47.0243533303841,34.7039727578235,34.7039727578235,1,0,45
10540397,215,16/09/2020 00:00:00,16-Sep-2020 07:08:10,16-Sep-2020 14:19:03,42.1689332761836,590.4,72,14.4,07:10:53,3.5833,4.85542005420054,47.0243533303841,34.7039727578235,34.7039727578235,2,0,45
10540402,215,16/09/2020 00:00:00,16-Sep-2020 07:26:24,16-Sep-2020 14:37:16,42.1689332761836,590.4,72,14.4,07:10:53,3.5833,4.85542005420054,47.0243533303841,34.7039727578235,34.7039727578235,3,0,45
10540403,215,16/09/2020 00:00:00,16-Sep-2020 07:32:30,16-Sep-2020 14:43:24,42.1689332761836,590.4,72,14.4,07:10:53,3.5833,4.85542005420054,47.0243533303841,34.7039727578235,34.7039727578235,4,0,45
10540400,215,16/09/2020 00:00:00,16-Sep-2020 08:05:18,16-Sep-2020 15:16:11,42.1689332761836,590.4,72,14.4,07:10:53,3.5833,4.85542005420054,47.0243533303841,34.7039727578235,34.7039727578235,5,0,45
10540399,215,16/09/2020 00:00:00,16-Sep-2020 09:12:00,16-Sep-2020 16:22:54,42.1689332761836,590.4,72,14.4,07:10:53,3.5833,4.85542005420054,47.0243533303841,34.7039727578235,34.7039727578235,6,0,45
10540398,215,16/09/2020 00:00:00,16-Sep-2020 09:13:26,16-Sep-2020 16:24:19,42.1689332761836,590.4,72,14.4,07:10:54,3.5833,4.85542005420054,47.0243533303841,34.7039727578235,34.7039727578235,7,0,45
10540404,215,17/09/2020 00:00:00,17-Sep-2020 06:42:17,17-Sep-2020 13:33:19,39.2980310096343,590.4,72,14.4,06:51:01,3.425,4.64092140921409,43.9389524188484,32.4269468851101,32.4269468851101,1,0,45
10540406,215,17/09/2020 00:00:00,17-Sep-2020 08:09:55,17-Sep-2020 15:00:56,39.2980310096343,590.4,72,14.4,06:51:01,3.425,4.64092140921409,43.9389524188484,32.4269468851101,32.4269468851101,2,0,45
10540408,215,17/09/2020 00:00:00,17-Sep-2020 08:28:19,17-Sep-2020 15:19:21,39.2980310096343,590.4,72,14.4,06:51:02,3.425,4.64092140921409,43.9389524188484,32.4269468851101,32.4269468851101,3,0,45
10540405,215,17/09/2020 00:00:00,17-Sep-2020 08:47:06,17-Sep-2020 15:38:08,39.2980310096343,590.4,72,14.4,06:51:02,3.425,4.64092140921409,43.9389524188484,32.4269468851101,32.4269468851101,4,0,45
10540407,215,17/09/2020 00:00:00,17-Sep-2020 09:28:23,17-Sep-2020 16:19:25,39.2980310096343,590.4,72,14.4,06:51:02,3.425,4.64092140921409,43.9389524188484,32.4269468851101,32.4269468851101,5,0,45
10540412,215,18/09/2020 00:00:00,18-Sep-2020 07:24:01,18-Sep-2020 14:15:01,39.2980310096343,590.4,72,14.4,06:51:01,3.425,4.64092140921409,43.9389524188484,32.4269468851101,32.4269468851101,1,0,45
10540409,215,18/09/2020 00:00:00,18-Sep-2020 08:04:08,18-Sep-2020 14:55:09,39.2980310096343,590.4,72,14.4,06:51:01,3.425,4.64092140921409,43.9389524188484,32.4269468851101,32.4269468851101,2,0,45
10540413,215,18/09/2020 00:00:00,18-Sep-2020 08:37:53,18-Sep-2020 15:28:55,39.2980310096343,590.4,72,14.4,06:51:01,3.425,4.64092140921409,43.9389524188484,32.4269468851101,32.4269468851101,3,0,45
10540411,215,18/09/2020 00:00:00,18-Sep-2020 08:54:19,18-Sep-2020 15:45:22,39.2980310096343,590.4,72,14.4,06:51:02,3.425,4.64092140921409,43.9389524188484,32.4269468851101,32.4269468851101,4,0,45
10540410,215,18/09/2020 00:00:00,18-Sep-2020 09:19:06,18-Sep-2020 16:10:06,39.2980310096343,590.4,72,14.4,06:51:01,3.425,4.64092140921409,43.9389524188484,32.4269468851101,32.4269468851101,5,0,45
10540417,215,19/09/2020 00:00:00,19-Sep-2020 07:03:10,19-Sep-2020 13:54:11,39.2980310096343,590.4,72,14.4,06:51:01,3.425,4.64092140921409,43.9389524188484,32.4269468851101,32.4269468851101,1,0,45
10540414,215,19/09/2020 00:00:00,19-Sep-2020 07:12:01,19-Sep-2020 14:03:02,39.2980310096343,590.4,72,14.4,06:51:02,3.425,4.64092140921409,43.9389524188484,32.4269468851101,32.4269468851101,2,0,45
10540419,215,19/09/2020 00:00:00,19-Sep-2020 08:00:18,19-Sep-2020 14:51:21,39.2980310096343,590.4,72,14.4,06:51:02,3.425,4.64092140921409,43.9389524188484,32.4269468851101,32.4269468851101,3,0,45
10540415,215,19/09/2020 00:00:00,19-Sep-2020 08:07:19,19-Sep-2020 14:58:20,39.2980310096343,590.4,72,14.4,06:51:01,3.425,4.64092140921409,43.9389524188484,32.4269468851101,32.4269468851101,4,0,45
10540416,215,19/09/2020 00:00:00,19-Sep-2020 08:29:51,19-Sep-2020 15:20:53,39.2980310096343,590.4,72,14.4,06:51:01,3.425,4.64092140921409,43.9389524188484,32.4269468851101,32.4269468851101,5,0,45
10540418,215,19/09/2020 00:00:00,19-Sep-2020 08:38:15,19-Sep-2020 15:29:16,39.2980310096343,590.4,72,14.4,06:51:01,3.425,4.64092140921409,43.9389524188484,32.4269468851101,32.4269468851101,6,0,45
10540424,215,20/09/2020 00:00:00,20-Sep-2020 06:39:19,20-Sep-2020 13:30:21,39.2980310096343,590.4,72,14.4,06:51:02,3.425,4.64092140921409,43.9389524188484,32.4269468851101,32.4269468851101,1,0,45
10540423,215,20/09/2020 00:00:00,20-Sep-2020 07:29:06,20-Sep-2020 14:20:07,39.2980310096343,590.4,72,14.4,06:51:01,3.425,4.64092140921409,43.9389524188484,32.4269468851101,32.4269468851101,2,0,45
10540422,215,20/09/2020 00:00:00,20-Sep-2020 07:46:57,20-Sep-2020 14:38:00,39.2980310096343,590.4,72,14.4,06:51:02,3.425,4.64092140921409,43.9389524188484,32.4269468851101,32.4269468851101,3,0,45
10540427,215,20/09/2020 00:00:00,20-Sep-2020 08:02:10,20-Sep-2020 14:53:12,39.2980310096343,590.4,72,14.4,06:51:01,3.425,4.64092140921409,43.9389524188484,32.4269468851101,32.4269468851101,4,0,45
10540426,215,20/09/2020 00:00:00,20-Sep-2020 08:03:19,20-Sep-2020 14:54:20,39.2980310096343,590.4,72,14.4,06:51:02,3.425,4.64092140921409,43.9389524188484,32.4269468851101,32.4269468851101,5,0,45
10540421,215,20/09/2020 00:00:00,20-Sep-2020 08:08:35,20-Sep-2020 14:59:37,39.2980310096343,590.4,72,14.4,06:51:01,3.425,4.64092140921409,43.9389524188484,32.4269468851101,32.4269468851101,6,0,45
10540420,215,20/09/2020 00:00:00,20-Sep-2020 08:33:04,20-Sep-2020 15:24:06,39.2980310096343,590.4,72,14.4,06:51:01,3.425,4.64092140921409,43.9389524188484,32.4269468851101,32.4269468851101,7,0,45
10540425,215,20/09/2020 00:00:00,20-Sep-2020 09:00:16,20-Sep-2020 15:51:19,39.2980310096343,590.4,72,14.4,06:51:02,3.425,4.64092140921409,43.9389524188484,32.4269468851101,32.4269468851101,8,0,45
10540430,215,21/09/2020 00:00:00,21-Sep-2020 06:57:59,21-Sep-2020 13:49:01,39.2980310096343,590.4,72,14.4,06:51:02,3.425,4.64092140921409,43.9389524188484,32.4269468851101,32.4269468851101,1,0,45
10540431,215,21/09/2020 00:00:00,21-Sep-2020 07:18:00,21-Sep-2020 14:09:02,39.2980310096343,590.4,72,14.4,06:51:02,3.425,4.64092140921409,43.9389524188484,32.4269468851101,32.4269468851101,2,0,45
10540434,215,21/09/2020 00:00:00,21-Sep-2020 07:34:27,21-Sep-2020 14:25:29,39.2980310096343,590.4,72,14.4,06:51:02,3.425,4.64092140921409,43.9389524188484,32.4269468851101,32.4269468851101,3,0,45
10540428,215,21/09/2020 00:00:00,21-Sep-2020 07:44:39,21-Sep-2020 14:35:39,39.2980310096343,590.4,72,14.4,06:51:01,3.425,4.64092140921409,43.9389524188484,32.4269468851101,32.4269468851101,4,0,45
10540433,215,21/09/2020 00:00:00,21-Sep-2020 08:06:11,21-Sep-2020 14:57:13,39.2980310096343,590.4,72,14.4,06:51:02,3.425,4.64092140921409,43.9389524188484,32.4269468851101,32.4269468851101,5,0,45
10540432,215,21/09/2020 00:00:00,21-Sep-2020 08:06:21,21-Sep-2020 14:57:24,39.2980310096343,590.4,72,14.4,06:51:02,3.425,4.64092140921409,43.9389524188484,32.4269468851101,32.4269468851101,6,0,45
10540429,215,21/09/2020 00:00:00,21-Sep-2020 08:38:40,21-Sep-2020 15:29:41,39.2980310096343,590.4,72,14.4,06:51:01,3.425,4.64092140921409,43.9389524188484,32.4269468851101,32.4269468851101,7,0,45
10540438,215,22/09/2020 00:00:00,22-Sep-2020 06:38:12,22-Sep-2020 13:29:15,39.2980310096343,590.4,72,14.4,06:51:02,3.425,4.64092140921409,43.9389524188484,32.4269468851101,32.4269468851101,1,0,45
10540439,215,22/09/2020 00:00:00,22-Sep-2020 07:34:34,22-Sep-2020 14:25:35,39.2980310096343,590.4,72,14.4,06:51:01,3.425,4.64092140921409,43.9389524188484,32.4269468851101,32.4269468851101,2,0,45
10540436,215,22/09/2020 00:00:00,22-Sep-2020 07:44:51,22-Sep-2020 14:35:53,39.2980310096343,590.4,72,14.4,06:51:02,3.425,4.64092140921409,43.9389524188484,32.4269468851101,32.4269468851101,3,0,45
10540435,215,22/09/2020 00:00:00,22-Sep-2020 07:55:12,22-Sep-2020 14:46:14,39.2980310096343,590.4,72,14.4,06:51:02,3.425,4.64092140921409,43.9389524188484,32.4269468851101,32.4269468851101,4,0,45
10540440,215,22/09/2020 00:00:00,22-Sep-2020 08:04:14,22-Sep-2020 14:55:16,39.2980310096343,590.4,72,14.4,06:51:02,3.425,4.64092140921409,43.9389524188484,32.4269468851101,32.4269468851101,5,0,45
10540437,215,22/09/2020 00:00:00,22-Sep-2020 08:58:07,22-Sep-2020 15:49:09,39.2980310096343,590.4,72,14.4,06:51:02,3.425,4.64092140921409,43.9389524188484,32.4269468851101,32.4269468851101,6,0,45
10540445,215,23/09/2020 00:00:00,23-Sep-2020 06:54:03,23-Sep-2020 13:45:05,39.2980310096343,590.4,72,14.4,06:51:02,3.425,4.64092140921409,43.9389524188484,32.4269468851101,32.4269468851101,1,0,45
10540442,215,23/09/2020 00:00:00,23-Sep-2020 07:39:59,23-Sep-2020 14:31:01,39.2980310096343,590.4,72,14.4,06:51:02,3.425,4.64092140921409,43.9389524188484,32.4269468851101,32.4269468851101,2,0,45
10540441,215,23/09/2020 00:00:00,23-Sep-2020 07:40:38,23-Sep-2020 14:31:41,39.2980310096343,590.4,72,14.4,06:51:02,3.425,4.64092140921409,43.9389524188484,32.4269468851101,32.4269468851101,3,0,45
10540444,215,23/09/2020 00:00:00,23-Sep-2020 07:49:01,23-Sep-2020 14:40:03,39.2980310096343,590.4,72,14.4,06:51:02,3.425,4.64092140921409,43.9389524188484,32.4269468851101,32.4269468851101,4,0,45
10540446,215,23/09/2020 00:00:00,23-Sep-2020 08:16:58,23-Sep-2020 15:08:00,39.2980310096343,590.4,72,14.4,06:51:02,3.425,4.64092140921409,43.9389524188484,32.4269468851101,32.4269468851101,5,0,45
10540443,215,23/09/2020 00:00:00,23-Sep-2020 08:20:59,23-Sep-2020 15:12:00,39.2980310096343,590.4,72,14.4,06:51:02,3.425,4.64092140921409,43.9389524188484,32.4269468851101,32.4269468851101,6,0,45
10540450,215,24/09/2020 00:00:00,24-Sep-2020 06:32:36,24-Sep-2020 13:45:36,42.0900724021276,590.4,72,14.4,07:13:01,3.6083,4.88929539295393,46.9793677950815,34.6707734327702,34.6707734327702,1,0,45
10540449,215,24/09/2020 00:00:00,24-Sep-2020 07:32:28,24-Sep-2020 14:45:28,42.0900724021276,590.4,72,14.4,07:13:00,3.6083,4.88929539295393,46.9793677950815,34.6707734327702,34.6707734327702,2,0,45
10540452,215,24/09/2020 00:00:00,24-Sep-2020 07:50:08,24-Sep-2020 15:03:07,42.0900724021276,590.4,72,14.4,07:13:00,3.6083,4.88929539295393,46.9793677950815,34.6707734327702,34.6707734327702,3,0,45
10540448,215,24/09/2020 00:00:00,24-Sep-2020 07:59:59,24-Sep-2020 15:12:59,42.0900724021276,590.4,72,14.4,07:13:01,3.6083,4.88929539295393,46.9793677950815,34.6707734327702,34.6707734327702,4,0,45
10540447,215,24/09/2020 00:00:00,24-Sep-2020 08:30:05,24-Sep-2020 15:43:06,42.0900724021276,590.4,72,14.4,07:13:00,3.6083,4.88929539295393,46.9793677950815,34.6707734327702,34.6707734327702,5,0,45
10540451,215,24/09/2020 00:00:00,24-Sep-2020 08:55:57,24-Sep-2020 16:08:59,42.0900724021276,590.4,72,14.4,07:13:01,3.6083,4.88929539295393,46.9793677950815,34.6707734327702,34.6707734327702,6,0,45
10540453,215,25/09/2020 00:00:00,25-Sep-2020 07:23:25,25-Sep-2020 14:36:25,42.0900724021276,590.4,72,14.4,07:13:01,3.6083,4.88929539295393,46.9793677950815,34.6707734327702,34.6707734327702,1,0,45
10540455,215,25/09/2020 00:00:00,25-Sep-2020 08:03:28,25-Sep-2020 15:16:27,42.0900724021276,590.4,72,14.4,07:13:00,3.6083,4.88929539295393,46.9793677950815,34.6707734327702,34.6707734327702,2,0,45
10540454,215,25/09/2020 00:00:00,25-Sep-2020 08:31:12,25-Sep-2020 15:44:13,42.0900724021276,590.4,72,14.4,07:13:00,3.6083,4.88929539295393,46.9793677950815,34.6707734327702,34.6707734327702,3,0,45
10540456,215,25/09/2020 00:00:00,25-Sep-2020 09:12:37,25-Sep-2020 16:25:39,42.0900724021276,590.4,72,14.4,07:13:01,3.6083,4.88929539295393,46.9793677950815,34.6707734327702,34.6707734327702,4,0,45
10540457,215,25/09/2020 00:00:00,25-Sep-2020 09:15:14,25-Sep-2020 16:28:15,42.0900724021276,590.4,72,14.4,07:13:00,3.6083,4.88929539295393,46.9793677950815,34.6707734327702,34.6707734327702,5,0,45
10540458,215,26/09/2020 00:00:00,26-Sep-2020 07:28:46,26-Sep-2020 14:41:47,42.0900724021276,590.4,72,14.4,07:13:00,3.6083,4.88929539295393,46.9793677950815,34.6707734327702,34.6707734327702,1,0,45
10540462,215,26/09/2020 00:00:00,26-Sep-2020 07:51:16,26-Sep-2020 15:04:16,42.0900724021276,590.4,72,14.4,07:13:00,3.6083,4.88929539295393,46.9793677950815,34.6707734327702,34.6707734327702,2,0,45
10540461,215,26/09/2020 00:00:00,26-Sep-2020 07:54:18,26-Sep-2020 15:07:18,42.0900724021276,590.4,72,14.4,07:13:01,3.6083,4.88929539295393,46.9793677950815,34.6707734327702,34.6707734327702,3,0,45
10540463,215,26/09/2020 00:00:00,26-Sep-2020 08:22:48,26-Sep-2020 15:35:49,42.0900724021276,590.4,72,14.4,07:13:00,3.6083,4.88929539295393,46.9793677950815,34.6707734327702,34.6707734327702,4,0,45
10540459,215,26/09/2020 00:00:00,26-Sep-2020 08:58:23,26-Sep-2020 16:11:23,42.0900724021276,590.4,72,14.4,07:13:00,3.6083,4.88929539295393,46.9793677950815,34.6707734327702,34.6707734327702,5,0,45
10540460,215,26/09/2020 00:00:00,26-Sep-2020 09:02:44,26-Sep-2020 16:15:45,42.0900724021276,590.4,72,14.4,07:13:00,3.6083,4.88929539295393,46.9793677950815,34.6707734327702,34.6707734327702,6,0,45
10540468,215,27/09/2020 00:00:00,27-Sep-2020 06:32:15,27-Sep-2020 13:45:16,42.0900724021276,590.4,72,14.4,07:13:01,3.6083,4.88929539295393,46.9793677950815,34.6707734327702,34.6707734327702,1,0,45
10540471,215,27/09/2020 00:00:00,27-Sep-2020 06:32:30,27-Sep-2020 13:45:30,42.0900724021276,590.4,72,14.4,07:13:00,3.6083,4.88929539295393,46.9793677950815,34.6707734327702,34.6707734327702,2,0,45
10540472,215,27/09/2020 00:00:00,27-Sep-2020 06:41:08,27-Sep-2020 13:54:08,42.0900724021276,590.4,72,14.4,07:13:01,3.6083,4.88929539295393,46.9793677950815,34.6707734327702,34.6707734327702,3,0,45
10540470,215,27/09/2020 00:00:00,27-Sep-2020 06:49:24,27-Sep-2020 14:02:24,42.0900724021276,590.4,72,14.4,07:13:00,3.6083,4.88929539295393,46.9793677950815,34.6707734327702,34.6707734327702,4,0,45
10540464,215,27/09/2020 00:00:00,27-Sep-2020 07:01:53,27-Sep-2020 14:14:53,42.0900724021276,590.4,72,14.4,07:13:00,3.6083,4.88929539295393,46.9793677950815,34.6707734327702,34.6707734327702,5,0,45
10540465,215,27/09/2020 00:00:00,27-Sep-2020 07:05:50,27-Sep-2020 14:18:50,42.0900724021276,590.4,72,14.4,07:13:00,3.6083,4.88929539295393,46.9793677950815,34.6707734327702,34.6707734327702,6,0,45
10540467,215,27/09/2020 00:00:00,27-Sep-2020 07:34:03,27-Sep-2020 14:47:02,42.0900724021276,590.4,72,14.4,07:13:00,3.6083,4.88929539295393,46.9793677950815,34.6707734327702,34.6707734327702,7,0,45
10540466,215,27/09/2020 00:00:00,27-Sep-2020 07:35:40,27-Sep-2020 14:48:39,42.0900724021276,590.4,72,14.4,07:13:00,3.6083,4.88929539295393,46.9793677950815,34.6707734327702,34.6707734327702,8,0,45
10540469,215,27/09/2020 00:00:00,27-Sep-2020 08:10:41,27-Sep-2020 15:23:42,42.0900724021276,590.4,72,14.4,07:13:01,3.6083,4.88929539295393,46.9793677950815,34.6707734327702,34.6707734327702,9,0,45
10540475,215,28/09/2020 00:00:00,28-Sep-2020 06:31:17,28-Sep-2020 13:44:17,42.0900724021276,590.4,72,14.4,07:13:00,3.6083,4.88929539295393,46.9793677950815,34.6707734327702,34.6707734327702,1,0,45
10540478,215,28/09/2020 00:00:00,28-Sep-2020 06:43:47,28-Sep-2020 13:56:48,42.0900724021276,590.4,72,14.4,07:13:00,3.6083,4.88929539295393,46.9793677950815,34.6707734327702,34.6707734327702,2,0,45
10540477,215,28/09/2020 00:00:00,28-Sep-2020 07:33:39,28-Sep-2020 14:46:39,42.0900724021276,590.4,72,14.4,07:13:00,3.6083,4.88929539295393,46.9793677950815,34.6707734327702,34.6707734327702,3,0,45
10540473,215,28/09/2020 00:00:00,28-Sep-2020 07:51:13,28-Sep-2020 15:04:13,42.0900724021276,590.4,72,14.4,07:13:01,3.6083,4.88929539295393,46.9793677950815,34.6707734327702,34.6707734327702,4,0,45
10540480,215,28/09/2020 00:00:00,28-Sep-2020 08:37:15,28-Sep-2020 15:50:15,42.0900724021276,590.4,72,14.4,07:13:00,3.6083,4.88929539295393,46.9793677950815,34.6707734327702,34.6707734327702,5,0,45
10540476,215,28/09/2020 00:00:00,28-Sep-2020 09:07:33,28-Sep-2020 16:20:35,42.0900724021276,590.4,72,14.4,07:13:01,3.6083,4.88929539295393,46.9793677950815,34.6707734327702,34.6707734327702,6,0,45
10540474,215,28/09/2020 00:00:00,28-Sep-2020 09:20:28,28-Sep-2020 16:33:28,42.0900724021276,590.4,72,14.4,07:13:01,3.6083,4.88929539295393,46.9793677950815,34.6707734327702,34.6707734327702,7,0,45
10540479,215,28/09/2020 00:00:00,28-Sep-2020 09:28:05,28-Sep-2020 16:41:07,42.0900724021276,590.4,72,14.4,07:13:01,3.6083,4.88929539295393,46.9793677950815,34.6707734327702,34.6707734327702,8,0,45
10540483,215,29/09/2020 00:00:00,29-Sep-2020 07:18:57,29-Sep-2020 14:31:57,42.0900724021276,590.4,72,14.4,07:13:00,3.6083,4.88929539295393,46.9793677950815,34.6707734327702,34.6707734327702,1,0,45
10540485,215,29/09/2020 00:00:00,29-Sep-2020 07:26:03,29-Sep-2020 14:39:04,42.0900724021276,590.4,72,14.4,07:13:01,3.6083,4.88929539295393,46.9793677950815,34.6707734327702,34.6707734327702,2,0,45
10540487,215,29/09/2020 00:00:00,29-Sep-2020 07:33:29,29-Sep-2020 14:46:30,42.0900724021276,590.4,72,14.4,07:13:00,3.6083,4.88929539295393,46.9793677950815,34.6707734327702,34.6707734327702,3,0,45
10540481,215,29/09/2020 00:00:00,29-Sep-2020 08:09:37,29-Sep-2020 15:22:38,42.0900724021276,590.4,72,14.4,07:13:01,3.6083,4.88929539295393,46.9793677950815,34.6707734327702,34.6707734327702,4,0,45
10540482,215,29/09/2020 00:00:00,29-Sep-2020 08:14:58,29-Sep-2020 15:27:57,42.0900724021276,590.4,72,14.4,07:13:00,3.6083,4.88929539295393,46.9793677950815,34.6707734327702,34.6707734327702,5,0,45
10540486,215,29/09/2020 00:00:00,29-Sep-2020 09:08:08,29-Sep-2020 16:21:09,42.0900724021276,590.4,72,14.4,07:13:01,3.6083,4.88929539295393,46.9793677950815,34.6707734327702,34.6707734327702,6,0,45
10540484,215,29/09/2020 00:00:00,29-Sep-2020 09:17:11,29-Sep-2020 16:30:13,42.0900724021276,590.4,72,14.4,07:13:01,3.6083,4.88929539295393,46.9793677950815,34.6707734327702,34.6707734327702,7,0,45
10540491,215,30/09/2020 00:00:00,30-Sep-2020 06:30:29,30-Sep-2020 13:43:29,42.0900724021276,590.4,72,14.4,07:13:00,3.6083,4.88929539295393,46.9793677950815,34.6707734327702,34.6707734327702,1,0,45
10540494,215,30/09/2020 00:00:00,30-Sep-2020 06:53:01,30-Sep-2020 14:06:00,42.0900724021276,590.4,72,14.4,07:13:00,3.6083,4.88929539295393,46.9793677950815,34.6707734327702,34.6707734327702,2,0,45
10540489,215,30/09/2020 00:00:00,30-Sep-2020 07:03:00,30-Sep-2020 14:16:00,42.0900724021276,590.4,72,14.4,07:13:01,3.6083,4.88929539295393,46.9793677950815,34.6707734327702,34.6707734327702,3,0,45
10540488,215,30/09/2020 00:00:00,30-Sep-2020 08:22:29,30-Sep-2020 15:35:29,42.0900724021276,590.4,72,14.4,07:13:00,3.6083,4.88929539295393,46.9793677950815,34.6707734327702,34.6707734327702,4,0,45
10540493,215,30/09/2020 00:00:00,30-Sep-2020 08:23:16,30-Sep-2020 15:36:17,42.0900724021276,590.4,72,14.4,07:13:01,3.6083,4.88929539295393,46.9793677950815,34.6707734327702,34.6707734327702,5,0,45
10540492,215,30/09/2020 00:00:00,30-Sep-2020 09:10:16,30-Sep-2020 16:23:17,42.0900724021276,590.4,72,14.4,07:13:01,3.6083,4.88929539295393,46.9793677950815,34.6707734327702,34.6707734327702,6,0,45
10540490,215,30/09/2020 00:00:00,30-Sep-2020 09:27:55,30-Sep-2020 16:40:56,42.0900724021276,590.4,72,14.4,07:13:01,3.6083,4.88929539295393,46.9793677950815,34.6707734327702,34.6707734327702,7,0,45
10540495,215,01/10/2020 00:00:00,01-Oct-2020 06:53:05,01-Oct-2020 13:33:28,40.4270154340875,590.4,72,14.4,06:40:23,3.3333,4.51666666666667,44.9436821007542,33.1684373903566,33.1684373903566,1,0,45
10540499,215,01/10/2020 00:00:00,01-Oct-2020 08:00:44,01-Oct-2020 14:41:06,40.4270154340875,590.4,72,14.4,06:40:23,3.3333,4.51666666666667,44.9436821007542,33.1684373903566,33.1684373903566,2,0,45
10540498,215,01/10/2020 00:00:00,01-Oct-2020 08:31:34,01-Oct-2020 15:11:57,40.4270154340875,590.4,72,14.4,06:40:23,3.3333,4.51666666666667,44.9436821007542,33.1684373903566,33.1684373903566,3,0,45
10540496,215,01/10/2020 00:00:00,01-Oct-2020 08:41:42,01-Oct-2020 15:22:05,40.4270154340875,590.4,72,14.4,06:40:23,3.3333,4.51666666666667,44.9436821007542,33.1684373903566,33.1684373903566,4,0,45
10540497,215,01/10/2020 00:00:00,01-Oct-2020 08:45:47,01-Oct-2020 15:26:11,40.4270154340875,590.4,72,14.4,06:40:23,3.3333,4.51666666666667,44.9436821007542,33.1684373903566,33.1684373903566,5,0,45
10540500,215,01/10/2020 00:00:00,01-Oct-2020 09:23:15,01-Oct-2020 16:03:39,40.4270154340875,590.4,72,14.4,06:40:23,3.3333,4.51666666666667,44.9436821007542,33.1684373903566,33.1684373903566,6,0,45
10540506,215,02/10/2020 00:00:00,02-Oct-2020 06:55:41,02-Oct-2020 13:36:04,40.4270154340875,590.4,72,14.4,06:40:23,3.3333,4.51666666666667,44.9436821007542,33.1684373903566,33.1684373903566,1,0,45
10540504,215,02/10/2020 00:00:00,02-Oct-2020 07:52:49,02-Oct-2020 14:33:11,40.4270154340875,590.4,72,14.4,06:40:23,3.3333,4.51666666666667,44.9436821007542,33.1684373903566,33.1684373903566,2,0,45
10540505,215,02/10/2020 00:00:00,02-Oct-2020 07:54:41,02-Oct-2020 14:35:03,40.4270154340875,590.4,72,14.4,06:40:23,3.3333,4.51666666666667,44.9436821007542,33.1684373903566,33.1684373903566,3,0,45
10540503,215,02/10/2020 00:00:00,02-Oct-2020 08:45:50,02-Oct-2020 15:26:13,40.4270154340875,590.4,72,14.4,06:40:23,3.3333,4.51666666666667,44.9436821007542,33.1684373903566,33.1684373903566,4,0,45
10540502,215,02/10/2020 00:00:00,02-Oct-2020 08:46:31,02-Oct-2020 15:26:54,40.4270154340875,590.4,72,14.4,06:40:23,3.3333,4.51666666666667,44.9436821007542,33.1684373903566,33.1684373903566,5,0,45
10540501,215,02/10/2020 00:00:00,02-Oct-2020 08:48:06,02-Oct-2020 15:28:29,40.4270154340875,590.4,72,14.4,06:40:23,3.3333,4.51666666666667,44.9436821007542,33.1684373903566,33.1684373903566,6,0,45
10540507,215,03/10/2020 00:00:00,03-Oct-2020 06:53:13,03-Oct-2020 13:33:36,40.4270154340875,590.4,72,14.4,06:40:23,3.3333,4.51666666666667,44.9436821007542,33.1684373903566,33.1684373903566,1,0,45
10540510,215,03/10/2020 00:00:00,03-Oct-2020 07:10:51,03-Oct-2020 13:51:15,40.4270154340875,590.4,72,14.4,06:40:23,3.3333,4.51666666666667,44.9436821007542,33.1684373903566,33.1684373903566,2,0,45
10540512,215,03/10/2020 00:00:00,03-Oct-2020 07:47:17,03-Oct-2020 14:27:40,40.4270154340875,590.4,72,14.4,06:40:23,3.3333,4.51666666666667,44.9436821007542,33.1684373903566,33.1684373903566,3,0,45
10540508,215,03/10/2020 00:00:00,03-Oct-2020 07:53:30,03-Oct-2020 14:33:54,40.4270154340875,590.4,72,14.4,06:40:23,3.3333,4.51666666666667,44.9436821007542,33.1684373903566,33.1684373903566,4,0,45
10540509,215,03/10/2020 00:00:00,03-Oct-2020 08:28:29,03-Oct-2020 15:08:52,40.4270154340875,590.4,72,14.4,06:40:23,3.3333,4.51666666666667,44.9436821007542,33.1684373903566,33.1684373903566,5,0,45
10540513,215,03/10/2020 00:00:00,03-Oct-2020 09:09:46,03-Oct-2020 15:50:10,40.4270154340875,590.4,72,14.4,06:40:23,3.3333,4.51666666666667,44.9436821007542,33.1684373903566,33.1684373903566,6,0,45
10540511,215,03/10/2020 00:00:00,03-Oct-2020 09:13:58,03-Oct-2020 15:54:21,40.4270154340875,590.4,72,14.4,06:40:23,3.3333,4.51666666666667,44.9436821007542,33.1684373903566,33.1684373903566,7,0,45
10540517,215,04/10/2020 00:00:00,04-Oct-2020 06:50:12,04-Oct-2020 13:30:35,40.4270154340875,590.4,72,14.4,06:40:23,3.3333,4.51666666666667,44.9436821007542,33.1684373903566,33.1684373903566,1,0,45
10540520,215,04/10/2020 00:00:00,04-Oct-2020 06:55:45,04-Oct-2020 13:36:08,40.4270154340875,590.4,72,14.4,06:40:23,3.3333,4.51666666666667,44.9436821007542,33.1684373903566,33.1684373903566,2,0,45
10540516,215,04/10/2020 00:00:00,04-Oct-2020 07:06:56,04-Oct-2020 13:47:19,40.4270154340875,590.4,72,14.4,06:40:23,3.3333,4.51666666666667,44.9436821007542,33.1684373903566,33.1684373903566,3,0,45
10540519,215,04/10/2020 00:00:00,04-Oct-2020 07:12:09,04-Oct-2020 13:52:31,40.4270154340875,590.4,72,14.4,06:40:23,3.3333,4.51666666666667,44.9436821007542,33.1684373903566,33.1684373903566,4,0,45
10540518,215,04/10/2020 00:00:00,04-Oct-2020 07:12:20,04-Oct-2020 13:52:43,40.4270154340875,590.4,72,14.4,06:40:23,3.3333,4.51666666666667,44.9436821007542,33.1684373903566,33.1684373903566,5,0,45
10540522,215,04/10/2020 00:00:00,04-Oct-2020 07:15:55,04-Oct-2020 13:56:19,40.4270154340875,590.4,72,14.4,06:40:23,3.3333,4.51666666666667,44.9436821007542,33.1684373903566,33.1684373903566,6,0,45
10540515,215,04/10/2020 00:00:00,04-Oct-2020 07:40:37,04-Oct-2020 14:21:00,40.4270154340875,590.4,72,14.4,06:40:23,3.3333,4.51666666666667,44.9436821007542,33.1684373903566,33.1684373903566,7,0,45
10540521,215,04/10/2020 00:00:00,04-Oct-2020 08:05:21,04-Oct-2020 14:45:44,40.4270154340875,590.4,72,14.4,06:40:23,3.3333,4.51666666666667,44.9436821007542,33.1684373903566,33.1684373903566,8,0,45
10540514,215,04/10/2020 00:00:00,04-Oct-2020 08:22:12,04-Oct-2020 15:02:36,40.4270154340875,590.4,72,14.4,06:40:23,3.3333,4.51666666666667,44.9436821007542,33.1684373903566,33.1684373903566,9,0,45
10540526,215,05/10/2020 00:00:00,05-Oct-2020 06:38:24,05-Oct-2020 13:18:46,40.4270154340875,590.4,72,14.4,06:40:23,3.3333,4.51666666666667,44.9436821007542,33.1684373903566,33.1684373903566,1,0,45
10540525,215,05/10/2020 00:00:00,05-Oct-2020 06:57:07,05-Oct-2020 13:37:31,40.4270154340875,590.4,72,14.4,06:40:23,3.3333,4.51666666666667,44.9436821007542,33.1684373903566,33.1684373903566,2,0,45
10540524,215,05/10/2020 00:00:00,05-Oct-2020 07:12:53,05-Oct-2020 13:53:15,40.4270154340875,590.4,72,14.4,06:40:23,3.3333,4.51666666666667,44.9436821007542,33.1684373903566,33.1684373903566,3,0,45
10540531,215,05/10/2020 00:00:00,05-Oct-2020 07:31:34,05-Oct-2020 14:11:56,40.4270154340875,590.4,72,14.4,06:40:23,3.3333,4.51666666666667,44.9436821007542,33.1684373903566,33.1684373903566,4,0,45
10540528,215,05/10/2020 00:00:00,05-Oct-2020 07:52:06,05-Oct-2020 14:32:29,40.4270154340875,590.4,72,14.4,06:40:23,3.3333,4.51666666666667,44.9436821007542,33.1684373903566,33.1684373903566,5,0,45
10540523,215,05/10/2020 00:00:00,05-Oct-2020 08:16:27,05-Oct-2020 14:56:50,40.4270154340875,590.4,72,14.4,06:40:23,3.3333,4.51666666666667,44.9436821007542,33.1684373903566,33.1684373903566,6,0,45
10540529,215,05/10/2020 00:00:00,05-Oct-2020 08:23:53,05-Oct-2020 15:04:16,40.4270154340875,590.4,72,14.4,06:40:23,3.3333,4.51666666666667,44.9436821007542,33.1684373903566,33.1684373903566,7,0,45
10540530,215,05/10/2020 00:00:00,05-Oct-2020 08:24:09,05-Oct-2020 15:04:33,40.4270154340875,590.4,72,14.4,06:40:23,3.3333,4.51666666666667,44.9436821007542,33.1684373903566,33.1684373903566,8,0,45
10540527,215,05/10/2020 00:00:00,05-Oct-2020 08:25:53,05-Oct-2020 15:06:17,40.4270154340875,590.4,72,14.4,06:40:23,3.3333,4.51666666666667,44.9436821007542,33.1684373903566,33.1684373903566,9,0,45
10540538,215,06/10/2020 00:00:00,06-Oct-2020 06:31:15,06-Oct-2020 13:11:38,40.4270154340875,590.4,72,14.4,06:40:23,3.3333,4.51666666666667,44.9436821007542,33.1684373903566,33.1684373903566,1,0,45
10540537,215,06/10/2020 00:00:00,06-Oct-2020 07:03:40,06-Oct-2020 13:44:04,40.4270154340875,590.4,72,14.4,06:40:23,3.3333,4.51666666666667,44.9436821007542,33.1684373903566,33.1684373903566,2,0,45
10540534,215,06/10/2020 00:00:00,06-Oct-2020 07:43:59,06-Oct-2020 14:24:22,40.4270154340875,590.4,72,14.4,06:40:23,3.3333,4.51666666666667,44.9436821007542,33.1684373903566,33.1684373903566,3,0,45
10540532,215,06/10/2020 00:00:00,06-Oct-2020 07:56:53,06-Oct-2020 14:37:16,40.4270154340875,590.4,72,14.4,06:40:23,3.3333,4.51666666666667,44.9436821007542,33.1684373903566,33.1684373903566,4,0,45
10540536,215,06/10/2020 00:00:00,06-Oct-2020 08:36:53,06-Oct-2020 15:17:17,40.4270154340875,590.4,72,14.4,06:40:23,3.3333,4.51666666666667,44.9436821007542,33.1684373903566,33.1684373903566,5,0,45
10540533,215,06/10/2020 00:00:00,06-Oct-2020 09:01:49,06-Oct-2020 15:42:11,40.4270154340875,590.4,72,14.4,06:40:23,3.3333,4.51666666666667,44.9436821007542,33.1684373903566,33.1684373903566,6,0,45
10540535,215,06/10/2020 00:00:00,06-Oct-2020 09:11:33,06-Oct-2020 15:51:56,40.4270154340875,590.4,72,14.4,06:40:23,3.3333,4.51666666666667,44.9436821007542,33.1684373903566,33.1684373903566,7,0,45
10540543,215,07/10/2020 00:00:00,07-Oct-2020 06:57:57,07-Oct-2020 13:38:20,40.4270154340875,590.4,72,14.4,06:40:23,3.3333,4.51666666666667,44.9436821007542,33.1684373903566,33.1684373903566,1,0,45
10540544,215,07/10/2020 00:00:00,07-Oct-2020 07:38:30,07-Oct-2020 14:18:53,40.4270154340875,590.4,72,14.4,06:40:23,3.3333,4.51666666666667,44.9436821007542,33.1684373903566,33.1684373903566,2,0,45
10540540,215,07/10/2020 00:00:00,07-Oct-2020 07:51:37,07-Oct-2020 14:32:00,40.4270154340875,590.4,72,14.4,06:40:23,3.3333,4.51666666666667,44.9436821007542,33.1684373903566,33.1684373903566,3,0,45
10540539,215,07/10/2020 00:00:00,07-Oct-2020 07:59:41,07-Oct-2020 14:40:05,40.4270154340875,590.4,72,14.4,06:40:23,3.3333,4.51666666666667,44.9436821007542,33.1684373903566,33.1684373903566,4,0,45
10540541,215,07/10/2020 00:00:00,07-Oct-2020 08:21:34,07-Oct-2020 15:01:58,40.4270154340875,590.4,72,14.4,06:40:23,3.3333,4.51666666666667,44.9436821007542,33.1684373903566,33.1684373903566,5,0,45
10540545,215,07/10/2020 00:00:00,07-Oct-2020 08:38:40,07-Oct-2020 15:19:03,40.4270154340875,590.4,72,14.4,06:40:23,3.3333,4.51666666666667,44.9436821007542,33.1684373903566,33.1684373903566,6,0,45
10540542,215,07/10/2020 00:00:00,07-Oct-2020 08:43:02,07-Oct-2020 15:23:25,40.4270154340875,590.4,72,14.4,06:40:23,3.3333,4.51666666666667,44.9436821007542,33.1684373903566,33.1684373903566,7,0,45
10540547,215,08/10/2020 00:00:00,08-Oct-2020 06:30:19,08-Oct-2020 13:33:43,40.3034858082902,590.4,72,14.4,07:03:23,3.525,4.77642276422764,45.0799085725178,33.2689725265182,33.2689725265182,1,0,45
10540550,215,08/10/2020 00:00:00,08-Oct-2020 06:36:44,08-Oct-2020 13:40:09,40.3034858082902,590.4,72,14.4,07:03:24,3.525,4.77642276422764,45.0799085725178,33.2689725265182,33.2689725265182,2,0,45
10540546,215,08/10/2020 00:00:00,08-Oct-2020 06:53:20,08-Oct-2020 13:56:43,40.3034858082902,590.4,72,14.4,07:03:24,3.525,4.77642276422764,45.0799085725178,33.2689725265182,33.2689725265182,3,0,45
10540551,215,08/10/2020 00:00:00,08-Oct-2020 07:31:51,08-Oct-2020 14:35:14,40.3034858082902,590.4,72,14.4,07:03:23,3.525,4.77642276422764,45.0799085725178,33.2689725265182,33.2689725265182,4,0,45
10540549,215,08/10/2020 00:00:00,08-Oct-2020 07:38:38,08-Oct-2020 14:42:02,40.3034858082902,590.4,72,14.4,07:03:24,3.525,4.77642276422764,45.0799085725178,33.2689725265182,33.2689725265182,5,0,45
10540548,215,08/10/2020 00:00:00,08-Oct-2020 08:43:50,08-Oct-2020 15:47:14,40.3034858082902,590.4,72,14.4,07:03:24,3.525,4.77642276422764,45.0799085725178,33.2689725265182,33.2689725265182,6,0,45
10540553,215,09/10/2020 00:00:00,09-Oct-2020 07:50:08,09-Oct-2020 14:53:32,40.3034858082902,590.4,72,14.4,07:03:24,3.525,4.77642276422764,45.0799085725178,33.2689725265182,33.2689725265182,1,0,45
10540555,215,09/10/2020 00:00:00,09-Oct-2020 08:11:29,09-Oct-2020 15:14:53,40.3034858082902,590.4,72,14.4,07:03:24,3.525,4.77642276422764,45.0799085725178,33.2689725265182,33.2689725265182,2,0,45
10540554,215,09/10/2020 00:00:00,09-Oct-2020 08:39:41,09-Oct-2020 15:43:05,40.3034858082902,590.4,72,14.4,07:03:24,3.525,4.77642276422764,45.0799085725178,33.2689725265182,33.2689725265182,3,0,45
10540552,215,09/10/2020 00:00:00,09-Oct-2020 08:45:24,09-Oct-2020 15:48:48,40.3034858082902,590.4,72,14.4,07:03:24,3.525,4.77642276422764,45.0799085725178,33.2689725265182,33.2689725265182,4,0,45
10540556,215,09/10/2020 00:00:00,09-Oct-2020 08:50:33,09-Oct-2020 15:53:57,40.3034858082902,590.4,72,14.4,07:03:24,3.525,4.77642276422764,45.0799085725178,33.2689725265182,33.2689725265182,5,0,45
10540561,215,10/10/2020 00:00:00,10-Oct-2020 06:39:23,10-Oct-2020 13:42:47,40.3034858082902,590.4,72,14.4,07:03:24,3.525,4.77642276422764,45.0799085725178,33.2689725265182,33.2689725265182,1,0,45
10540562,215,10/10/2020 00:00:00,10-Oct-2020 06:47:14,10-Oct-2020 13:50:38,40.3034858082902,590.4,72,14.4,07:03:24,3.525,4.77642276422764,45.0799085725178,33.2689725265182,33.2689725265182,2,0,45
10540559,215,10/10/2020 00:00:00,10-Oct-2020 07:47:42,10-Oct-2020 14:51:06,40.3034858082902,590.4,72,14.4,07:03:24,3.525,4.77642276422764,45.0799085725178,33.2689725265182,33.2689725265182,3,0,45
10540558,215,10/10/2020 00:00:00,10-Oct-2020 08:00:17,10-Oct-2020 15:03:41,40.3034858082902,590.4,72,14.4,07:03:24,3.525,4.77642276422764,45.0799085725178,33.2689725265182,33.2689725265182,4,0,45
10540560,215,10/10/2020 00:00:00,10-Oct-2020 08:24:32,10-Oct-2020 15:27:57,40.3034858082902,590.4,72,14.4,07:03:24,3.525,4.77642276422764,45.0799085725178,33.2689725265182,33.2689725265182,5,0,45
10540557,215,10/10/2020 00:00:00,10-Oct-2020 08:45:30,10-Oct-2020 15:48:54,40.3034858082902,590.4,72,14.4,07:03:24,3.525,4.77642276422764,45.0799085725178,33.2689725265182,33.2689725265182,6,0,45
10540565,215,11/10/2020 00:00:00,11-Oct-2020 06:56:34,11-Oct-2020 13:59:58,40.3034858082902,590.4,72,14.4,07:03:24,3.525,4.77642276422764,45.0799085725178,33.2689725265182,33.2689725265182,1,0,45
10540564,215,11/10/2020 00:00:00,11-Oct-2020 07:20:50,11-Oct-2020 14:24:14,40.3034858082902,590.4,72,14.4,07:03:24,3.525,4.77642276422764,45.0799085725178,33.2689725265182,33.2689725265182,2,0,45
10540571,215,11/10/2020 00:00:00,11-Oct-2020 07:25:04,11-Oct-2020 14:28:29,40.3034858082902,590.4,72,14.4,07:03:24,3.525,4.77642276422764,45.0799085725178,33.2689725265182,33.2689725265182,3,0,45
10540567,215,11/10/2020 00:00:00,11-Oct-2020 07:40:44,11-Oct-2020 14:44:08,40.3034858082902,590.4,72,14.4,07:03:24,3.525,4.77642276422764,45.0799085725178,33.2689725265182,33.2689725265182,4,0,45
10540570,215,11/10/2020 00:00:00,11-Oct-2020 07:50:20,11-Oct-2020 14:53:43,40.3034858082902,590.4,72,14.4,07:03:24,3.525,4.77642276422764,45.0799085725178,33.2689725265182,33.2689725265182,5,0,45
10540568,215,11/10/2020 00:00:00,11-Oct-2020 07:52:52,11-Oct-2020 14:56:16,40.3034858082902,590.4,72,14.4,07:03:24,3.525,4.77642276422764,45.0799085725178,33.2689725265182,33.2689725265182,6,0,45
10540566,215,11/10/2020 00:00:00,11-Oct-2020 08:10:26,11-Oct-2020 15:13:51,40.3034858082902,590.4,72,14.4,07:03:24,3.525,4.77642276422764,45.0799085725178,33.2689725265182,33.2689725265182,7,0,45
10540569,215,11/10/2020 00:00:00,11-Oct-2020 08:21:55,11-Oct-2020 15:25:19,40.3034858082902,590.4,72,14.4,07:03:24,3.525,4.77642276422764,45.0799085725178,33.2689725265182,33.2689725265182,8,0,45
10540563,215,11/10/2020 00:00:00,11-Oct-2020 08:27:52,11-Oct-2020 15:31:16,40.3034858082902,590.4,72,14.4,07:03:24,3.525,4.77642276422764,45.0799085725178,33.2689725265182,33.2689725265182,9,0,45
10540576,215,12/10/2020 00:00:00,12-Oct-2020 07:28:46,12-Oct-2020 14:32:11,40.3034858082902,590.4,72,14.4,07:03:24,3.525,4.77642276422764,45.0799085725178,33.2689725265182,33.2689725265182,1,0,45
10540577,215,12/10/2020 00:00:00,12-Oct-2020 07:41:01,12-Oct-2020 14:44:26,40.3034858082902,590.4,72,14.4,07:03:24,3.525,4.77642276422764,45.0799085725178,33.2689725265182,33.2689725265182,2,0,45
10540579,215,12/10/2020 00:00:00,12-Oct-2020 07:42:29,12-Oct-2020 14:45:53,40.3034858082902,590.4,72,14.4,07:03:24,3.525,4.77642276422764,45.0799085725178,33.2689725265182,33.2689725265182,3,0,45
10540575,215,12/10/2020 00:00:00,12-Oct-2020 07:55:04,12-Oct-2020 14:58:28,40.3034858082902,590.4,72,14.4,07:03:24,3.525,4.77642276422764,45.0799085725178,33.2689725265182,33.2689725265182,4,0,45
10540572,215,12/10/2020 00:00:00,12-Oct-2020 08:27:06,12-Oct-2020 15:30:30,40.3034858082902,590.4,72,14.4,07:03:24,3.525,4.77642276422764,45.0799085725178,33.2689725265182,33.2689725265182,5,0,45
10540574,215,12/10/2020 00:00:00,12-Oct-2020 08:32:49,12-Oct-2020 15:36:13,40.3034858082902,590.4,72,14.4,07:03:24,3.525,4.77642276422764,45.0799085725178,33.2689725265182,33.2689725265182,6,0,45
10540573,215,12/10/2020 00:00:00,12-Oct-2020 08:49:00,12-Oct-2020 15:52:25,40.3034858082902,590.4,72,14.4,07:03:24,3.525,4.77642276422764,45.0799085725178,33.2689725265182,33.2689725265182,7,0,45
10540578,215,12/10/2020 00:00:00,12-Oct-2020 08:57:20,12-Oct-2020 16:00:43,40.3034858082902,590.4,72,14.4,07:03:24,3.525,4.77642276422764,45.0799085725178,33.2689725265182,33.2689725265182,8,0,45
10540581,215,13/10/2020 00:00:00,13-Oct-2020 06:36:24,13-Oct-2020 13:39:47,40.3034858082902,590.4,72,14.4,07:03:24,3.525,4.77642276422764,45.0799085725178,33.2689725265182,33.2689725265182,1,0,45
10540580,215,13/10/2020 00:00:00,13-Oct-2020 06:39:47,13-Oct-2020 13:43:11,40.3034858082902,590.4,72,14.4,07:03:24,3.525,4.77642276422764,45.0799085725178,33.2689725265182,33.2689725265182,2,0,45
10540582,215,13/10/2020 00:00:00,13-Oct-2020 07:05:09,13-Oct-2020 14:08:34,40.3034858082902,590.4,72,14.4,07:03:24,3.525,4.77642276422764,45.0799085725178,33.2689725265182,33.2689725265182,3,0,45
10540584,215,13/10/2020 00:00:00,13-Oct-2020 07:41:23,13-Oct-2020 14:44:47,40.3034858082902,590.4,72,14.4,07:03:24,3.525,4.77642276422764,45.0799085725178,33.2689725265182,33.2689725265182,4,0,45
10540585,215,13/10/2020 00:00:00,13-Oct-2020 08:24:55,13-Oct-2020 15:28:19,40.3034858082902,590.4,72,14.4,07:03:24,3.525,4.77642276422764,45.0799085725178,33.2689725265182,33.2689725265182,5,0,45
10540583,215,13/10/2020 00:00:00,13-Oct-2020 08:29:31,13-Oct-2020 15:32:54,40.3034858082902,590.4,72,14.4,07:03:24,3.525,4.77642276422764,45.0799085725178,33.2689725265182,33.2689725265182,6,0,45
10540586,215,13/10/2020 00:00:00,13-Oct-2020 08:56:13,13-Oct-2020 15:59:36,40.3034858082902,590.4,72,14.4,07:03:24,3.525,4.77642276422764,45.0799085725178,33.2689725265182,33.2689725265182,7,0,45
10540588,215,14/10/2020 00:00:00,14-Oct-2020 06:42:03,14-Oct-2020 13:45:28,40.3034858082902,590.4,72,14.4,07:03:24,3.525,4.77642276422764,45.0799085725178,33.2689725265182,33.2689725265182,1,0,45
10540587,215,14/10/2020 00:00:00,14-Oct-2020 07:31:27,14-Oct-2020 14:34:51,40.3034858082902,590.4,72,14.4,07:03:24,3.525,4.77642276422764,45.0799085725178,33.2689725265182,33.2689725265182,2,0,45
10540591,215,14/10/2020 00:00:00,14-Oct-2020 07:33:57,14-Oct-2020 14:37:21,40.3034858082902,590.4,72,14.4,07:03:24,3.525,4.77642276422764,45.0799085725178,33.2689725265182,33.2689725265182,3,0,45
10540593,215,14/10/2020 00:00:00,14-Oct-2020 07:36:38,14-Oct-2020 14:40:02,40.3034858082902,590.4,72,14.4,07:03:24,3.525,4.77642276422764,45.0799085725178,33.2689725265182,33.2689725265182,4,0,45
10540589,215,14/10/2020 00:00:00,14-Oct-2020 07:42:18,14-Oct-2020 14:45:41,40.3034858082902,590.4,72,14.4,07:03:24,3.525,4.77642276422764,45.0799085725178,33.2689725265182,33.2689725265182,5,0,45
10540590,215,14/10/2020 00:00:00,14-Oct-2020 08:45:17,14-Oct-2020 15:48:41,40.3034858082902,590.4,72,14.4,07:03:24,3.525,4.77642276422764,45.0799085725178,33.2689725265182,33.2689725265182,6,0,45
10540592,215,14/10/2020 00:00:00,14-Oct-2020 09:04:02,14-Oct-2020 16:07:26,40.3034858082902,590.4,72,14.4,07:03:24,3.525,4.77642276422764,45.0799085725178,33.2689725265182,33.2689725265182,7,0,45
10540596,215,15/10/2020 00:00:00,15-Oct-2020 06:37:03,15-Oct-2020 13:50:17,39.6939651701747,590.4,72,14.4,07:13:15,3.6083,4.88929539295393,44.5832605631286,32.9024462955889,32.9024462955889,1,0,45
10540595,215,15/10/2020 00:00:00,15-Oct-2020 07:08:14,15-Oct-2020 14:21:29,39.6939651701747,590.4,72,14.4,07:13:15,3.6083,4.88929539295393,44.5832605631286,32.9024462955889,32.9024462955889,2,0,45
10540598,215,15/10/2020 00:00:00,15-Oct-2020 07:57:27,15-Oct-2020 15:10:43,39.6939651701747,590.4,72,14.4,07:13:15,3.6083,4.88929539295393,44.5832605631286,32.9024462955889,32.9024462955889,3,0,45
10540594,215,15/10/2020 00:00:00,15-Oct-2020 08:13:51,15-Oct-2020 15:27:05,39.6939651701747,590.4,72,14.4,07:13:15,3.6083,4.88929539295393,44.5832605631286,32.9024462955889,32.9024462955889,4,0,45
10540599,215,15/10/2020 00:00:00,15-Oct-2020 08:24:14,15-Oct-2020 15:37:29,39.6939651701747,590.4,72,14.4,07:13:16,3.6083,4.88929539295393,44.5832605631286,32.9024462955889,32.9024462955889,5,0,45
10540597,215,15/10/2020 00:00:00,15-Oct-2020 09:19:24,15-Oct-2020 16:32:39,39.6939651701747,590.4,72,14.4,07:13:15,3.6083,4.88929539295393,44.5832605631286,32.9024462955889,32.9024462955889,6,0,45
10540604,215,16/10/2020 00:00:00,16-Oct-2020 06:34:27,16-Oct-2020 13:47:42,39.6939651701747,590.4,72,14.4,07:13:16,3.6083,4.88929539295393,44.5832605631286,32.9024462955889,32.9024462955889,1,0,45
10540603,215,16/10/2020 00:00:00,16-Oct-2020 06:56:06,16-Oct-2020 14:09:20,39.6939651701747,590.4,72,14.4,07:13:15,3.6083,4.88929539295393,44.5832605631286,32.9024462955889,32.9024462955889,2,0,45
10540602,215,16/10/2020 00:00:00,16-Oct-2020 07:53:40,16-Oct-2020 15:06:55,39.6939651701747,590.4,72,14.4,07:13:15,3.6083,4.88929539295393,44.5832605631286,32.9024462955889,32.9024462955889,3,0,45
10540600,215,16/10/2020 00:00:00,16-Oct-2020 08:46:01,16-Oct-2020 15:59:16,39.6939651701747,590.4,72,14.4,07:13:15,3.6083,4.88929539295393,44.5832605631286,32.9024462955889,32.9024462955889,4,0,45
10540601,215,16/10/2020 00:00:00,16-Oct-2020 08:59:28,16-Oct-2020 16:12:42,39.6939651701747,590.4,72,14.4,07:13:15,3.6083,4.88929539295393,44.5832605631286,32.9024462955889,32.9024462955889,5,0,45
10540607,215,17/10/2020 00:00:00,17-Oct-2020 06:32:53,17-Oct-2020 13:46:08,39.6939651701747,590.4,72,14.4,07:13:15,3.6083,4.88929539295393,44.5832605631286,32.9024462955889,32.9024462955889,1,0,45
10540606,215,17/10/2020 00:00:00,17-Oct-2020 06:34:20,17-Oct-2020 13:47:34,39.6939651701747,590.4,72,14.4,07:13:15,3.6083,4.88929539295393,44.5832605631286,32.9024462955889,32.9024462955889,2,0,45
10540605,215,17/10/2020 00:00:00,17-Oct-2020 07:08:12,17-Oct-2020 14:21:26,39.6939651701747,590.4,72,14.4,07:13:15,3.6083,4.88929539295393,44.5832605631286,32.9024462955889,32.9024462955889,3,0,45
10540609,215,17/10/2020 00:00:00,17-Oct-2020 07:10:12,17-Oct-2020 14:23:28,39.6939651701747,590.4,72,14.4,07:13:16,3.6083,4.88929539295393,44.5832605631286,32.9024462955889,32.9024462955889,4,0,45
10540610,215,17/10/2020 00:00:00,17-Oct-2020 07:27:03,17-Oct-2020 14:40:19,39.6939651701747,590.4,72,14.4,07:13:15,3.6083,4.88929539295393,44.5832605631286,32.9024462955889,32.9024462955889,5,0,45
10540608,215,17/10/2020 00:00:00,17-Oct-2020 09:22:31,17-Oct-2020 16:35:47,39.6939651701747,590.4,72,14.4,07:13:15,3.6083,4.88929539295393,44.5832605631286,32.9024462955889,32.9024462955889,6,0,45
10540614,215,18/10/2020 00:00:00,18-Oct-2020 07:09:12,18-Oct-2020 14:22:26,39.6939651701747,590.4,72,14.4,07:13:15,3.6083,4.88929539295393,44.5832605631286,32.9024462955889,32.9024462955889,1,0,45
10540616,215,18/10/2020 00:00:00,18-Oct-2020 07:29:46,18-Oct-2020 14:43:02,39.6939651701747,590.4,72,14.4,07:13:15,3.6083,4.88929539295393,44.5832605631286,32.9024462955889,32.9024462955889,2,0,45
10540618,215,18/10/2020 00:00:00,18-Oct-2020 07:34:58,18-Oct-2020 14:48:14,39.6939651701747,590.4,72,14.4,07:13:15,3.6083,4.88929539295393,44.5832605631286,32.9024462955889,32.9024462955889,3,0,45
10540612,215,18/10/2020 00:00:00,18-Oct-2020 07:55:40,18-Oct-2020 15:08:54,39.6939651701747,590.4,72,14.4,07:13:15,3.6083,4.88929539295393,44.5832605631286,32.9024462955889,32.9024462955889,4,0,45
10540611,215,18/10/2020 00:00:00,18-Oct-2020 08:10:09,18-Oct-2020 15:23:25,39.6939651701747,590.4,72,14.4,07:13:16,3.6083,4.88929539295393,44.5832605631286,32.9024462955889,32.9024462955889,5,0,45
10540617,215,18/10/2020 00:00:00,18-Oct-2020 09:15:30,18-Oct-2020 16:28:45,39.6939651701747,590.4,72,14.4,07:13:15,3.6083,4.88929539295393,44.5832605631286,32.9024462955889,32.9024462955889,6,0,45
10540613,215,18/10/2020 00:00:00,18-Oct-2020 09:16:30,18-Oct-2020 16:29:45,39.6939651701747,590.4,72,14.4,07:13:15,3.6083,4.88929539295393,44.5832605631286,32.9024462955889,32.9024462955889,7,0,45
10540615,215,18/10/2020 00:00:00,18-Oct-2020 09:19:55,18-Oct-2020 16:33:11,39.6939651701747,590.4,72,14.4,07:13:15,3.6083,4.88929539295393,44.5832605631286,32.9024462955889,32.9024462955889,8,0,45
10540626,215,19/10/2020 00:00:00,19-Oct-2020 06:42:06,19-Oct-2020 13:55:21,39.6939651701747,590.4,72,14.4,07:13:15,3.6083,4.88929539295393,44.5832605631286,32.9024462955889,32.9024462955889,1,0,45
10540620,215,19/10/2020 00:00:00,19-Oct-2020 06:42:33,19-Oct-2020 13:55:49,39.6939651701747,590.4,72,14.4,07:13:15,3.6083,4.88929539295393,44.5832605631286,32.9024462955889,32.9024462955889,2,0,45
10540621,215,19/10/2020 00:00:00,19-Oct-2020 06:55:56,19-Oct-2020 14:09:11,39.6939651701747,590.4,72,14.4,07:13:15,3.6083,4.88929539295393,44.5832605631286,32.9024462955889,32.9024462955889,3,0,45
10540623,215,19/10/2020 00:00:00,19-Oct-2020 07:15:10,19-Oct-2020 14:28:25,39.6939651701747,590.4,72,14.4,07:13:15,3.6083,4.88929539295393,44.5832605631286,32.9024462955889,32.9024462955889,4,0,45
10540619,215,19/10/2020 00:00:00,19-Oct-2020 07:19:52,19-Oct-2020 14:33:08,39.6939651701747,590.4,72,14.4,07:13:15,3.6083,4.88929539295393,44.5832605631286,32.9024462955889,32.9024462955889,5,0,45
10540624,215,19/10/2020 00:00:00,19-Oct-2020 08:42:39,19-Oct-2020 15:55:53,39.6939651701747,590.4,72,14.4,07:13:15,3.6083,4.88929539295393,44.5832605631286,32.9024462955889,32.9024462955889,6,0,45
10540625,215,19/10/2020 00:00:00,19-Oct-2020 08:58:54,19-Oct-2020 16:12:09,39.6939651701747,590.4,72,14.4,07:13:15,3.6083,4.88929539295393,44.5832605631286,32.9024462955889,32.9024462955889,7,0,45
10540622,215,19/10/2020 00:00:00,19-Oct-2020 09:15:05,19-Oct-2020 16:28:21,39.6939651701747,590.4,72,14.4,07:13:16,3.6083,4.88929539295393,44.5832605631286,32.9024462955889,32.9024462955889,8,0,45
10540631,215,20/10/2020 00:00:00,20-Oct-2020 07:06:08,20-Oct-2020 14:19:23,39.6939651701747,590.4,72,14.4,07:13:15,3.6083,4.88929539295393,44.5832605631286,32.9024462955889,32.9024462955889,1,0,45
10540630,215,20/10/2020 00:00:00,20-Oct-2020 07:22:09,20-Oct-2020 14:35:24,39.6939651701747,590.4,72,14.4,07:13:15,3.6083,4.88929539295393,44.5832605631286,32.9024462955889,32.9024462955889,2,0,45
10540628,215,20/10/2020 00:00:00,20-Oct-2020 07:48:15,20-Oct-2020 15:01:29,39.6939651701747,590.4,72,14.4,07:13:15,3.6083,4.88929539295393,44.5832605631286,32.9024462955889,32.9024462955889,3,0,45
10540627,215,20/10/2020 00:00:00,20-Oct-2020 07:56:27,20-Oct-2020 15:09:42,39.6939651701747,590.4,72,14.4,07:13:15,3.6083,4.88929539295393,44.5832605631286,32.9024462955889,32.9024462955889,4,0,45
10540632,215,20/10/2020 00:00:00,20-Oct-2020 08:15:57,20-Oct-2020 15:29:12,39.6939651701747,590.4,72,14.4,07:13:16,3.6083,4.88929539295393,44.5832605631286,32.9024462955889,32.9024462955889,5,0,45
10540629,215,20/10/2020 00:00:00,20-Oct-2020 08:59:58,20-Oct-2020 16:13:12,39.6939651701747,590.4,72,14.4,07:13:15,3.6083,4.88929539295393,44.5832605631286,32.9024462955889,32.9024462955889,6,0,45
10540636,215,21/10/2020 00:00:00,21-Oct-2020 07:36:17,21-Oct-2020 14:49:33,39.6939651701747,590.4,72,14.4,07:13:16,3.6083,4.88929539295393,44.5832605631286,32.9024462955889,32.9024462955889,1,0,45
10540635,215,21/10/2020 00:00:00,21-Oct-2020 08:05:52,21-Oct-2020 15:19:08,39.6939651701747,590.4,72,14.4,07:13:15,3.6083,4.88929539295393,44.5832605631286,32.9024462955889,32.9024462955889,2,0,45
10540639,215,21/10/2020 00:00:00,21-Oct-2020 08:09:57,21-Oct-2020 15:23:13,39.6939651701747,590.4,72,14.4,07:13:15,3.6083,4.88929539295393,44.5832605631286,32.9024462955889,32.9024462955889,3,0,45
10540637,215,21/10/2020 00:00:00,21-Oct-2020 08:50:34,21-Oct-2020 16:03:48,39.6939651701747,590.4,72,14.4,07:13:15,3.6083,4.88929539295393,44.5832605631286,32.9024462955889,32.9024462955889,4,0,45
10540634,215,21/10/2020 00:00:00,21-Oct-2020 08:53:49,21-Oct-2020 16:07:04,39.6939651701747,590.4,72,14.4,07:13:15,3.6083,4.88929539295393,44.5832605631286,32.9024462955889,32.9024462955889,5,0,45
10540633,215,21/10/2020 00:00:00,21-Oct-2020 08:55:47,21-Oct-2020 16:09:02,39.6939651701747,590.4,72,14.4,07:13:15,3.6083,4.88929539295393,44.5832605631286,32.9024462955889,32.9024462955889,6,0,45
10540638,215,21/10/2020 00:00:00,21-Oct-2020 09:25:33,21-Oct-2020 16:38:47,39.6939651701747,590.4,72,14.4,07:13:15,3.6083,4.88929539295393,44.5832605631286,32.9024462955889,32.9024462955889,7,0,45
10540641,215,22/10/2020 00:00:00,22-Oct-2020 06:32:17,22-Oct-2020 13:48:46,39.5765851424633,590.4,72,14.4,07:16:28,3.6333,4.92317073170732,44.4997558741706,32.8408198351379,32.8408198351379,1,0,45
10540644,215,22/10/2020 00:00:00,22-Oct-2020 07:27:01,22-Oct-2020 14:43:29,39.5765851424633,590.4,72,14.4,07:16:28,3.6333,4.92317073170732,44.4997558741706,32.8408198351379,32.8408198351379,2,0,45
10540642,215,22/10/2020 00:00:00,22-Oct-2020 07:43:36,22-Oct-2020 15:00:05,39.5765851424633,590.4,72,14.4,07:16:28,3.6333,4.92317073170732,44.4997558741706,32.8408198351379,32.8408198351379,3,0,45
10540640,215,22/10/2020 00:00:00,22-Oct-2020 07:54:05,22-Oct-2020 15:10:32,39.5765851424633,590.4,72,14.4,07:16:28,3.6333,4.92317073170732,44.4997558741706,32.8408198351379,32.8408198351379,4,0,45
10540643,215,22/10/2020 00:00:00,22-Oct-2020 08:09:05,22-Oct-2020 15:25:34,39.5765851424633,590.4,72,14.4,07:16:28,3.6333,4.92317073170732,44.4997558741706,32.8408198351379,32.8408198351379,5,0,45
10540647,215,23/10/2020 00:00:00,23-Oct-2020 06:35:29,23-Oct-2020 13:51:57,39.5765851424633,590.4,72,14.4,07:16:28,3.6333,4.92317073170732,44.4997558741706,32.8408198351379,32.8408198351379,1,0,45
10540648,215,23/10/2020 00:00:00,23-Oct-2020 06:45:33,23-Oct-2020 14:02:01,39.5765851424633,590.4,72,14.4,07:16:28,3.6333,4.92317073170732,44.4997558741706,32.8408198351379,32.8408198351379,2,0,45
10540645,215,23/10/2020 00:00:00,23-Oct-2020 06:51:36,23-Oct-2020 14:08:04,39.5765851424633,590.4,72,14.4,07:16:28,3.6333,4.92317073170732,44.4997558741706,32.8408198351379,32.8408198351379,3,0,45
10540646,215,23/10/2020 00:00:00,23-Oct-2020 07:14:26,23-Oct-2020 14:30:54,39.5765851424633,590.4,72,14.4,07:16:28,3.6333,4.92317073170732,44.4997558741706,32.8408198351379,32.8408198351379,4,0,45
10540653,215,24/10/2020 00:00:00,24-Oct-2020 06:46:50,24-Oct-2020 14:03:17,39.5765851424633,590.4,72,14.4,07:16:28,3.6333,4.92317073170732,44.4997558741706,32.8408198351379,32.8408198351379,1,0,45
10540651,215,24/10/2020 00:00:00,24-Oct-2020 06:51:33,24-Oct-2020 14:08:01,39.5765851424633,590.4,72,14.4,07:16:28,3.6333,4.92317073170732,44.4997558741706,32.8408198351379,32.8408198351379,2,0,45
10540650,215,24/10/2020 00:00:00,24-Oct-2020 07:16:01,24-Oct-2020 14:32:29,39.5765851424633,590.4,72,14.4,07:16:28,3.6333,4.92317073170732,44.4997558741706,32.8408198351379,32.8408198351379,3,0,45
10540652,215,24/10/2020 00:00:00,24-Oct-2020 07:50:15,24-Oct-2020 15:06:42,39.5765851424633,590.4,72,14.4,07:16:28,3.6333,4.92317073170732,44.4997558741706,32.8408198351379,32.8408198351379,4,0,45
10540649,215,24/10/2020 00:00:00,24-Oct-2020 08:38:08,24-Oct-2020 15:54:36,39.5765851424633,590.4,72,14.4,07:16:28,3.6333,4.92317073170732,44.4997558741706,32.8408198351379,32.8408198351379,5,0,45
10540655,215,25/10/2020 00:00:00,25-Oct-2020 06:34:37,25-Oct-2020 13:51:05,39.5765851424633,590.4,72,14.4,07:16:28,3.6333,4.92317073170732,44.4997558741706,32.8408198351379,32.8408198351379,1,0,45
10540660,215,25/10/2020 00:00:00,25-Oct-2020 07:13:49,25-Oct-2020 14:30:18,39.5765851424633,590.4,72,14.4,07:16:28,3.6333,4.92317073170732,44.4997558741706,32.8408198351379,32.8408198351379,2,0,45
10540654,215,25/10/2020 00:00:00,25-Oct-2020 07:57:46,25-Oct-2020 15:14:13,39.5765851424633,590.4,72,14.4,07:16:28,3.6333,4.92317073170732,44.4997558741706,32.8408198351379,32.8408198351379,3,0,45
10540656,215,25/10/2020 00:00:00,25-Oct-2020 08:30:03,25-Oct-2020 15:46:30,39.5765851424633,590.4,72,14.4,07:16:28,3.6333,4.92317073170732,44.4997558741706,32.8408198351379,32.8408198351379,4,0,45
10540659,215,25/10/2020 00:00:00,25-Oct-2020 09:05:40,25-Oct-2020 16:22:07,39.5765851424633,590.4,72,14.4,07:16:28,3.6333,4.92317073170732,44.4997558741706,32.8408198351379,32.8408198351379,5,0,45
10540657,215,25/10/2020 00:00:00,25-Oct-2020 09:10:22,25-Oct-2020 16:26:50,39.5765851424633,590.4,72,14.4,07:16:28,3.6333,4.92317073170732,44.4997558741706,32.8408198351379,32.8408198351379,6,0,45
10540658,215,25/10/2020 00:00:00,25-Oct-2020 09:18:25,25-Oct-2020 16:34:53,39.5765851424633,590.4,72,14.4,07:16:28,3.6333,4.92317073170732,44.4997558741706,32.8408198351379,32.8408198351379,7,0,45
10540662,215,26/10/2020 00:00:00,26-Oct-2020 06:42:33,26-Oct-2020 13:59:02,39.5765851424633,590.4,72,14.4,07:16:28,3.6333,4.92317073170732,44.4997558741706,32.8408198351379,32.8408198351379,1,0,45
10540666,215,26/10/2020 00:00:00,26-Oct-2020 07:24:20,26-Oct-2020 14:40:49,39.5765851424633,590.4,72,14.4,07:16:28,3.6333,4.92317073170732,44.4997558741706,32.8408198351379,32.8408198351379,2,0,45
10540661,215,26/10/2020 00:00:00,26-Oct-2020 07:25:22,26-Oct-2020 14:41:50,39.5765851424633,590.4,72,14.4,07:16:28,3.6333,4.92317073170732,44.4997558741706,32.8408198351379,32.8408198351379,3,0,45
10540667,215,26/10/2020 00:00:00,26-Oct-2020 07:34:27,26-Oct-2020 14:50:56,39.5765851424633,590.4,72,14.4,07:16:28,3.6333,4.92317073170732,44.4997558741706,32.8408198351379,32.8408198351379,4,0,45
10540664,215,26/10/2020 00:00:00,26-Oct-2020 07:54:12,26-Oct-2020 15:10:39,39.5765851424633,590.4,72,14.4,07:16:28,3.6333,4.92317073170732,44.4997558741706,32.8408198351379,32.8408198351379,5,0,45
10540663,215,26/10/2020 00:00:00,26-Oct-2020 08:58:49,26-Oct-2020 16:15:17,39.5765851424633,590.4,72,14.4,07:16:28,3.6333,4.92317073170732,44.4997558741706,32.8408198351379,32.8408198351379,6,0,45
10540665,215,26/10/2020 00:00:00,26-Oct-2020 09:18:10,26-Oct-2020 16:34:38,39.5765851424633,590.4,72,14.4,07:16:28,3.6333,4.92317073170732,44.4997558741706,32.8408198351379,32.8408198351379,7,0,45
10540672,215,27/10/2020 00:00:00,27-Oct-2020 06:32:25,27-Oct-2020 13:48:55,39.5765851424633,590.4,72,14.4,07:16:29,3.6333,4.92317073170732,44.4997558741706,32.8408198351379,32.8408198351379,1,0,45
10540671,215,27/10/2020 00:00:00,27-Oct-2020 07:23:08,27-Oct-2020 14:39:36,39.5765851424633,590.4,72,14.4,07:16:28,3.6333,4.92317073170732,44.4997558741706,32.8408198351379,32.8408198351379,2,0,45
10540673,215,27/10/2020 00:00:00,27-Oct-2020 08:24:24,27-Oct-2020 15:40:52,39.5765851424633,590.4,72,14.4,07:16:28,3.6333,4.92317073170732,44.4997558741706,32.8408198351379,32.8408198351379,3,0,45
10540668,215,27/10/2020 00:00:00,27-Oct-2020 08:31:08,27-Oct-2020 15:47:36,39.5765851424633,590.4,72,14.4,07:16:28,3.6333,4.92317073170732,44.4997558741706,32.8408198351379,32.8408198351379,4,0,45
10540669,215,27/10/2020 00:00:00,27-Oct-2020 08:39:27,27-Oct-2020 15:55:54,39.5765851424633,590.4,72,14.4,07:16:28,3.6333,4.92317073170732,44.4997558741706,32.8408198351379,32.8408198351379,5,0,45
10540670,215,27/10/2020 00:00:00,27-Oct-2020 09:28:39,27-Oct-2020 16:45:06,39.5765851424633,590.4,72,14.4,07:16:28,3.6333,4.92317073170732,44.4997558741706,32.8408198351379,32.8408198351379,6,0,45
10540678,215,28/10/2020 00:00:00,28-Oct-2020 06:34:42,28-Oct-2020 13:51:09,39.5765851424633,590.4,72,14.4,07:16:28,3.6333,4.92317073170732,44.4997558741706,32.8408198351379,32.8408198351379,1,0,45
10540677,215,28/10/2020 00:00:00,28-Oct-2020 06:52:09,28-Oct-2020 14:08:36,39.5765851424633,590.4,72,14.4,07:16:28,3.6333,4.92317073170732,44.4997558741706,32.8408198351379,32.8408198351379,2,0,45
10540679,215,28/10/2020 00:00:00,28-Oct-2020 08:02:23,28-Oct-2020 15:18:51,39.5765851424633,590.4,72,14.4,07:16:28,3.6333,4.92317073170732,44.4997558741706,32.8408198351379,32.8408198351379,3,0,45
10540674,215,28/10/2020 00:00:00,28-Oct-2020 08:22:18,28-Oct-2020 15:38:46,39.5765851424633,590.4,72,14.4,07:16:28,3.6333,4.92317073170732,44.4997558741706,32.8408198351379,32.8408198351379,4,0,45
10540676,215,28/10/2020 00:00:00,28-Oct-2020 08:32:25,28-Oct-2020 15:48:53,39.5765851424633,590.4,72,14.4,07:16:28,3.6333,4.92317073170732,44.4997558741706,32.8408198351379,32.8408198351379,5,0,45
10540675,215,28/10/2020 00:00:00,28-Oct-2020 08:51:36,28-Oct-2020 16:08:04,39.5765851424633,590.4,72,14.4,07:16:28,3.6333,4.92317073170732,44.4997558741706,32.8408198351379,32.8408198351379,6,0,45
10540682,215,29/10/2020 00:00:00,29-Oct-2020 07:21:48,29-Oct-2020 14:33:39,41.2387228293811,590.4,72,14.4,07:11:51,3.5917,4.86680216802168,46.1055249974028,34.0258774480832,34.0258774480832,1,0,45
10540684,215,29/10/2020 00:00:00,29-Oct-2020 07:28:19,29-Oct-2020 14:40:10,41.2387228293811,590.4,72,14.4,07:11:51,3.5917,4.86680216802168,46.1055249974028,34.0258774480832,34.0258774480832,2,0,45
10540681,215,29/10/2020 00:00:00,29-Oct-2020 07:51:38,29-Oct-2020 15:03:28,41.2387228293811,590.4,72,14.4,07:11:51,3.5917,4.86680216802168,46.1055249974028,34.0258774480832,34.0258774480832,3,0,45
10540680,215,29/10/2020 00:00:00,29-Oct-2020 08:29:42,29-Oct-2020 15:41:33,41.2387228293811,590.4,72,14.4,07:11:51,3.5917,4.86680216802168,46.1055249974028,34.0258774480832,34.0258774480832,4,0,45
10540683,215,29/10/2020 00:00:00,29-Oct-2020 09:11:33,29-Oct-2020 16:23:24,41.2387228293811,590.4,72,14.4,07:11:51,3.5917,4.86680216802168,46.1055249974028,34.0258774480832,34.0258774480832,5,0,45
10540688,215,30/10/2020 00:00:00,30-Oct-2020 07:09:32,30-Oct-2020 14:21:23,41.2387228293811,590.4,72,14.4,07:11:51,3.5917,4.86680216802168,46.1055249974028,34.0258774480832,34.0258774480832,1,0,45
10540686,215,30/10/2020 00:00:00,30-Oct-2020 07:11:05,30-Oct-2020 14:22:55,41.2387228293811,590.4,72,14.4,07:11:51,3.5917,4.86680216802168,46.1055249974028,34.0258774480832,34.0258774480832,2,0,45
10540687,215,30/10/2020 00:00:00,30-Oct-2020 07:27:31,30-Oct-2020 14:39:22,41.2387228293811,590.4,72,14.4,07:11:51,3.5917,4.86680216802168,46.1055249974028,34.0258774480832,34.0258774480832,3,0,45
10540685,215,30/10/2020 00:00:00,30-Oct-2020 08:03:06,30-Oct-2020 15:14:57,41.2387228293811,590.4,72,14.4,07:11:51,3.5917,4.86680216802168,46.1055249974028,34.0258774480832,34.0258774480832,4,0,45
10540689,215,30/10/2020 00:00:00,30-Oct-2020 08:14:38,30-Oct-2020 15:26:29,41.2387228293811,590.4,72,14.4,07:11:51,3.5917,4.86680216802168,46.1055249974028,34.0258774480832,34.0258774480832,5,0,45
10540690,215,31/10/2020 00:00:00,31-Oct-2020 06:52:12,31-Oct-2020 14:04:04,41.2387228293811,590.4,72,14.4,07:11:51,3.5917,4.86680216802168,46.1055249974028,34.0258774480832,34.0258774480832,1,0,45
10540691,215,31/10/2020 00:00:00,31-Oct-2020 07:18:08,31-Oct-2020 14:29:58,41.2387228293811,590.4,72,14.4,07:11:51,3.5917,4.86680216802168,46.1055249974028,34.0258774480832,34.0258774480832,2,0,45
10540693,215,31/10/2020 00:00:00,31-Oct-2020 08:14:58,31-Oct-2020 15:26:49,41.2387228293811,590.4,72,14.4,07:11:51,3.5917,4.86680216802168,46.1055249974028,34.0258774480832,34.0258774480832,3,0,45
10540694,215,31/10/2020 00:00:00,31-Oct-2020 08:26:35,31-Oct-2020 15:38:26,41.2387228293811,590.4,72,14.4,07:11:51,3.5917,4.86680216802168,46.1055249974028,34.0258774480832,34.0258774480832,4,0,45
10540692,215,31/10/2020 00:00:00,31-Oct-2020 08:44:48,31-Oct-2020 15:56:38,41.2387228293811,590.4,72,14.4,07:11:51,3.5917,4.86680216802168,46.1055249974028,34.0258774480832,34.0258774480832,5,0,45
10540700,215,01/11/2020 00:00:00,01-Nov-2020 06:32:59,01-Nov-2020 13:44:50,41.2387228293811,590.4,72,14.4,07:11:51,3.5917,4.86680216802168,46.1055249974028,34.0258774480832,34.0258774480832,1,0,45
10540696,215,01/11/2020 00:00:00,01-Nov-2020 07:20:15,01-Nov-2020 14:32:07,41.2387228293811,590.4,72,14.4,07:11:51,3.5917,4.86680216802168,46.1055249974028,34.0258774480832,34.0258774480832,2,0,45
10540697,215,01/11/2020 00:00:00,01-Nov-2020 07:26:55,01-Nov-2020 14:38:45,41.2387228293811,590.4,72,14.4,07:11:51,3.5917,4.86680216802168,46.1055249974028,34.0258774480832,34.0258774480832,3,0,45
10540698,215,01/11/2020 00:00:00,01-Nov-2020 07:55:17,01-Nov-2020 15:07:07,41.2387228293811,590.4,72,14.4,07:11:50,3.5917,4.86680216802168,46.1055249974028,34.0258774480832,34.0258774480832,4,0,45
10540695,215,01/11/2020 00:00:00,01-Nov-2020 08:57:08,01-Nov-2020 16:08:59,41.2387228293811,590.4,72,14.4,07:11:51,3.5917,4.86680216802168,46.1055249974028,34.0258774480832,34.0258774480832,5,0,45
10540701,215,01/11/2020 00:00:00,01-Nov-2020 08:57:31,01-Nov-2020 16:09:22,41.2387228293811,590.4,72,14.4,07:11:51,3.5917,4.86680216802168,46.1055249974028,34.0258774480832,34.0258774480832,6,0,45
10540699,215,01/11/2020 00:00:00,01-Nov-2020 09:05:02,01-Nov-2020 16:16:53,41.2387228293811,590.4,72,14.4,07:11:51,3.5917,4.86680216802168,46.1055249974028,34.0258774480832,34.0258774480832,7,0,45
10540704,215,02/11/2020 00:00:00,02-Nov-2020 06:34:15,02-Nov-2020 13:46:05,41.2387228293811,590.4,72,14.4,07:11:51,3.5917,4.86680216802168,46.1055249974028,34.0258774480832,34.0258774480832,1,0,45
10540707,215,02/11/2020 00:00:00,02-Nov-2020 06:59:59,02-Nov-2020 14:11:51,41.2387228293811,590.4,72,14.4,07:11:51,3.5917,4.86680216802168,46.1055249974028,34.0258774480832,34.0258774480832,2,0,45
10540703,215,02/11/2020 00:00:00,02-Nov-2020 07:08:38,02-Nov-2020 14:20:30,41.2387228293811,590.4,72,14.4,07:11:51,3.5917,4.86680216802168,46.1055249974028,34.0258774480832,34.0258774480832,3,0,45
10540705,215,02/11/2020 00:00:00,02-Nov-2020 08:14:46,02-Nov-2020 15:26:38,41.2387228293811,590.4,72,14.4,07:11:51,3.5917,4.86680216802168,46.1055249974028,34.0258774480832,34.0258774480832,4,0,45
10540708,215,02/11/2020 00:00:00,02-Nov-2020 08:47:56,02-Nov-2020 15:59:46,41.2387228293811,590.4,72,14.4,07:11:50,3.5917,4.86680216802168,46.1055249974028,34.0258774480832,34.0258774480832,5,0,45
10540706,215,02/11/2020 00:00:00,02-Nov-2020 08:59:38,02-Nov-2020 16:11:28,41.2387228293811,590.4,72,14.4,07:11:51,3.5917,4.86680216802168,46.1055249974028,34.0258774480832,34.0258774480832,6,0,45
10540702,215,02/11/2020 00:00:00,02-Nov-2020 09:03:02,02-Nov-2020 16:14:53,41.2387228293811,590.4,72,14.4,07:11:51,3.5917,4.86680216802168,46.1055249974028,34.0258774480832,34.0258774480832,7,0,45
10540713,215,03/11/2020 00:00:00,03-Nov-2020 07:27:45,03-Nov-2020 14:39:36,41.2387228293811,590.4,72,14.4,07:11:51,3.5917,4.86680216802168,46.1055249974028,34.0258774480832,34.0258774480832,1,0,45
10540710,215,03/11/2020 00:00:00,03-Nov-2020 07:43:47,03-Nov-2020 14:55:38,41.2387228293811,590.4,72,14.4,07:11:51,3.5917,4.86680216802168,46.1055249974028,34.0258774480832,34.0258774480832,2,0,45
10540711,215,03/11/2020 00:00:00,03-Nov-2020 07:48:03,03-Nov-2020 14:59:53,41.2387228293811,590.4,72,14.4,07:11:51,3.5917,4.86680216802168,46.1055249974028,34.0258774480832,34.0258774480832,3,0,45
10540712,215,03/11/2020 00:00:00,03-Nov-2020 07:59:48,03-Nov-2020 15:11:39,41.2387228293811,590.4,72,14.4,07:11:51,3.5917,4.86680216802168,46.1055249974028,34.0258774480832,34.0258774480832,4,0,45
10540714,215,03/11/2020 00:00:00,03-Nov-2020 08:53:42,03-Nov-2020 16:05:32,41.2387228293811,590.4,72,14.4,07:11:51,3.5917,4.86680216802168,46.1055249974028,34.0258774480832,34.0258774480832,5,0,45
10540709,215,03/11/2020 00:00:00,03-Nov-2020 08:57:47,03-Nov-2020 16:09:39,41.2387228293811,590.4,72,14.4,07:11:51,3.5917,4.86680216802168,46.1055249974028,34.0258774480832,34.0258774480832,6,0,45
10540720,215,04/11/2020 00:00:00,04-Nov-2020 06:36:29,04-Nov-2020 13:48:21,41.2387228293811,590.4,72,14.4,07:11:51,3.5917,4.86680216802168,46.1055249974028,34.0258774480832,34.0258774480832,1,0,45
10540716,215,04/11/2020 00:00:00,04-Nov-2020 06:38:43,04-Nov-2020 13:50:35,41.2387228293811,590.4,72,14.4,07:11:51,3.5917,4.86680216802168,46.1055249974028,34.0258774480832,34.0258774480832,2,0,45
10540715,215,04/11/2020 00:00:00,04-Nov-2020 08:24:23,04-Nov-2020 15:36:14,41.2387228293811,590.4,72,14.4,07:11:51,3.5917,4.86680216802168,46.1055249974028,34.0258774480832,34.0258774480832,3,0,45
10540717,215,04/11/2020 00:00:00,04-Nov-2020 08:25:20,04-Nov-2020 15:37:11,41.2387228293811,590.4,72,14.4,07:11:51,3.5917,4.86680216802168,46.1055249974028,34.0258774480832,34.0258774480832,4,0,45
10540718,215,04/11/2020 00:00:00,04-Nov-2020 08:42:24,04-Nov-2020 15:54:15,41.2387228293811,590.4,72,14.4,07:11:51,3.5917,4.86680216802168,46.1055249974028,34.0258774480832,34.0258774480832,5,0,45
10540719,215,04/11/2020 00:00:00,04-Nov-2020 08:52:10,04-Nov-2020 16:04:01,41.2387228293811,590.4,72,14.4,07:11:51,3.5917,4.86680216802168,46.1055249974028,34.0258774480832,34.0258774480832,6,0,45
10540723,215,05/11/2020 00:00:00,05-Nov-2020 07:11:57,05-Nov-2020 13:42:38,38.3069160777541,590.4,72,14.4,06:30:41,3.25,4.40379403794038,42.7107101156945,31.5205040653825,31.5205040653825,1,0,45
10540724,215,05/11/2020 00:00:00,05-Nov-2020 07:26:29,05-Nov-2020 13:57:09,38.3069160777541,590.4,72,14.4,06:30:40,3.25,4.40379403794038,42.7107101156945,31.5205040653825,31.5205040653825,2,0,45
10540721,215,05/11/2020 00:00:00,05-Nov-2020 08:04:25,05-Nov-2020 14:35:05,38.3069160777541,590.4,72,14.4,06:30:40,3.25,4.40379403794038,42.7107101156945,31.5205040653825,31.5205040653825,3,0,45
10540722,215,05/11/2020 00:00:00,05-Nov-2020 09:06:11,05-Nov-2020 15:36:52,38.3069160777541,590.4,72,14.4,06:30:41,3.25,4.40379403794038,42.7107101156945,31.5205040653825,31.5205040653825,4,0,45
10540725,215,05/11/2020 00:00:00,05-Nov-2020 09:17:02,05-Nov-2020 15:47:42,38.3069160777541,590.4,72,14.4,06:30:40,3.25,4.40379403794038,42.7107101156945,31.5205040653825,31.5205040653825,5,0,45
10540726,215,05/11/2020 00:00:00,05-Nov-2020 09:17:39,05-Nov-2020 15:48:19,38.3069160777541,590.4,72,14.4,06:30:40,3.25,4.40379403794038,42.7107101156945,31.5205040653825,31.5205040653825,6,0,45
10540731,215,06/11/2020 00:00:00,06-Nov-2020 07:32:24,06-Nov-2020 14:03:05,38.3069160777541,590.4,72,14.4,06:30:41,3.25,4.40379403794038,42.7107101156945,31.5205040653825,31.5205040653825,1,0,45
10540727,215,06/11/2020 00:00:00,06-Nov-2020 08:18:53,06-Nov-2020 14:49:33,38.3069160777541,590.4,72,14.4,06:30:40,3.25,4.40379403794038,42.7107101156945,31.5205040653825,31.5205040653825,2,0,45
10540728,215,06/11/2020 00:00:00,06-Nov-2020 08:33:51,06-Nov-2020 15:04:31,38.3069160777541,590.4,72,14.4,06:30:40,3.25,4.40379403794038,42.7107101156945,31.5205040653825,31.5205040653825,3,0,45
10540729,215,06/11/2020 00:00:00,06-Nov-2020 08:38:14,06-Nov-2020 15:08:54,38.3069160777541,590.4,72,14.4,06:30:40,3.25,4.40379403794038,42.7107101156945,31.5205040653825,31.5205040653825,4,0,45
10540730,215,06/11/2020 00:00:00,06-Nov-2020 08:48:02,06-Nov-2020 15:18:44,38.3069160777541,590.4,72,14.4,06:30:41,3.25,4.40379403794038,42.7107101156945,31.5205040653825,31.5205040653825,5,0,45
10540732,215,06/11/2020 00:00:00,06-Nov-2020 08:49:20,06-Nov-2020 15:20:01,38.3069160777541,590.4,72,14.4,06:30:41,3.25,4.40379403794038,42.7107101156945,31.5205040653825,31.5205040653825,6,0,45
10540736,215,07/11/2020 00:00:00,07-Nov-2020 06:52:21,07-Nov-2020 13:23:02,38.3069160777541,590.4,72,14.4,06:30:41,3.25,4.40379403794038,42.7107101156945,31.5205040653825,31.5205040653825,1,0,45
10540737,215,07/11/2020 00:00:00,07-Nov-2020 06:57:26,07-Nov-2020 13:28:06,38.3069160777541,590.4,72,14.4,06:30:40,3.25,4.40379403794038,42.7107101156945,31.5205040653825,31.5205040653825,2,0,45
10540733,215,07/11/2020 00:00:00,07-Nov-2020 06:58:29,07-Nov-2020 13:29:09,38.3069160777541,590.4,72,14.4,06:30:41,3.25,4.40379403794038,42.7107101156945,31.5205040653825,31.5205040653825,3,0,45
10540735,215,07/11/2020 00:00:00,07-Nov-2020 07:06:32,07-Nov-2020 13:37:14,38.3069160777541,590.4,72,14.4,06:30:41,3.25,4.40379403794038,42.7107101156945,31.5205040653825,31.5205040653825,4,0,45
10540734,215,07/11/2020 00:00:00,07-Nov-2020 07:35:13,07-Nov-2020 14:05:55,38.3069160777541,590.4,72,14.4,06:30:41,3.25,4.40379403794038,42.7107101156945,31.5205040653825,31.5205040653825,5,0,45
10540738,215,07/11/2020 00:00:00,07-Nov-2020 09:01:03,07-Nov-2020 15:31:44,38.3069160777541,590.4,72,14.4,06:30:41,3.25,4.40379403794038,42.7107101156945,31.5205040653825,31.5205040653825,6,0,45
10540747,215,08/11/2020 00:00:00,08-Nov-2020 06:40:04,08-Nov-2020 13:10:44,38.3069160777541,590.4,72,14.4,06:30:41,3.25,4.40379403794038,42.7107101156945,31.5205040653825,31.5205040653825,1,0,45
10540740,215,08/11/2020 00:00:00,08-Nov-2020 06:43:09,08-Nov-2020 13:13:49,38.3069160777541,590.4,72,14.4,06:30:40,3.25,4.40379403794038,42.7107101156945,31.5205040653825,31.5205040653825,2,0,45
10540741,215,08/11/2020 00:00:00,08-Nov-2020 06:58:05,08-Nov-2020 13:28:45,38.3069160777541,590.4,72,14.4,06:30:40,3.25,4.40379403794038,42.7107101156945,31.5205040653825,31.5205040653825,3,0,45
10540744,215,08/11/2020 00:00:00,08-Nov-2020 07:17:28,08-Nov-2020 13:48:09,38.3069160777541,590.4,72,14.4,06:30:41,3.25,4.40379403794038,42.7107101156945,31.5205040653825,31.5205040653825,4,0,45
10540739,215,08/11/2020 00:00:00,08-Nov-2020 07:27:30,08-Nov-2020 13:58:10,38.3069160777541,590.4,72,14.4,06:30:40,3.25,4.40379403794038,42.7107101156945,31.5205040653825,31.5205040653825,5,0,45
10540745,215,08/11/2020 00:00:00,08-Nov-2020 07:54:04,08-Nov-2020 14:24:45,38.3069160777541,590.4,72,14.4,06:30:41,3.25,4.40379403794038,42.7107101156945,31.5205040653825,31.5205040653825,6,0,45
10540746,215,08/11/2020 00:00:00,08-Nov-2020 08:14:48,08-Nov-2020 14:45:29,38.3069160777541,590.4,72,14.4,06:30:41,3.25,4.40379403794038,42.7107101156945,31.5205040653825,31.5205040653825,7,0,45
10540743,215,08/11/2020 00:00:00,08-Nov-2020 08:18:50,08-Nov-2020 14:49:30,38.3069160777541,590.4,72,14.4,06:30:40,3.25,4.40379403794038,42.7107101156945,31.5205040653825,31.5205040653825,8,0,45
10540742,215,08/11/2020 00:00:00,08-Nov-2020 08:26:46,08-Nov-2020 14:57:28,38.3069160777541,590.4,72,14.4,06:30:41,3.25,4.40379403794038,42.7107101156945,31.5205040653825,31.5205040653825,9,0,45
10540748,215,09/11/2020 00:00:00,09-Nov-2020 06:30:35,09-Nov-2020 13:01:16,38.3069160777541,590.4,72,14.4,06:30:41,3.25,4.40379403794038,42.7107101156945,31.5205040653825,31.5205040653825,1,0,45
10540753,215,09/11/2020 00:00:00,09-Nov-2020 06:47:39,09-Nov-2020 13:18:20,38.3069160777541,590.4,72,14.4,06:30:41,3.25,4.40379403794038,42.7107101156945,31.5205040653825,31.5205040653825,2,0,45
10540750,215,09/11/2020 00:00:00,09-Nov-2020 07:50:51,09-Nov-2020 14:21:31,38.3069160777541,590.4,72,14.4,06:30:40,3.25,4.40379403794038,42.7107101156945,31.5205040653825,31.5205040653825,3,0,45
10540751,215,09/11/2020 00:00:00,09-Nov-2020 08:03:23,09-Nov-2020 14:34:03,38.3069160777541,590.4,72,14.4,06:30:40,3.25,4.40379403794038,42.7107101156945,31.5205040653825,31.5205040653825,4,0,45
10540749,215,09/11/2020 00:00:00,09-Nov-2020 08:07:28,09-Nov-2020 14:38:10,38.3069160777541,590.4,72,14.4,06:30:41,3.25,4.40379403794038,42.7107101156945,31.5205040653825,31.5205040653825,5,0,45
10540755,215,09/11/2020 00:00:00,09-Nov-2020 08:08:02,09-Nov-2020 14:38:42,38.3069160777541,590.4,72,14.4,06:30:40,3.25,4.40379403794038,42.7107101156945,31.5205040653825,31.5205040653825,6,0,45
10540752,215,09/11/2020 00:00:00,09-Nov-2020 08:36:10,09-Nov-2020 15:06:52,38.3069160777541,590.4,72,14.4,06:30:41,3.25,4.40379403794038,42.7107101156945,31.5205040653825,31.5205040653825,7,0,45
10540754,215,09/11/2020 00:00:00,09-Nov-2020 09:17:10,09-Nov-2020 15:47:51,38.3069160777541,590.4,72,14.4,06:30:41,3.25,4.40379403794038,42.7107101156945,31.5205040653825,31.5205040653825,8,0,45
10540762,215,10/11/2020 00:00:00,10-Nov-2020 06:59:56,10-Nov-2020 13:30:37,38.3069160777541,590.4,72,14.4,06:30:41,3.25,4.40379403794038,42.7107101156945,31.5205040653825,31.5205040653825,1,0,45
10540759,215,10/11/2020 00:00:00,10-Nov-2020 07:03:56,10-Nov-2020 13:34:38,38.3069160777541,590.4,72,14.4,06:30:41,3.25,4.40379403794038,42.7107101156945,31.5205040653825,31.5205040653825,2,0,45
10540757,215,10/11/2020 00:00:00,10-Nov-2020 07:15:06,10-Nov-2020 13:45:46,38.3069160777541,590.4,72,14.4,06:30:40,3.25,4.40379403794038,42.7107101156945,31.5205040653825,31.5205040653825,3,0,45
10540761,215,10/11/2020 00:00:00,10-Nov-2020 07:20:42,10-Nov-2020 13:51:23,38.3069160777541,590.4,72,14.4,06:30:41,3.25,4.40379403794038,42.7107101156945,31.5205040653825,31.5205040653825,4,0,45
10540758,215,10/11/2020 00:00:00,10-Nov-2020 07:47:11,10-Nov-2020 14:17:51,38.3069160777541,590.4,72,14.4,06:30:40,3.25,4.40379403794038,42.7107101156945,31.5205040653825,31.5205040653825,5,0,45
10540760,215,10/11/2020 00:00:00,10-Nov-2020 09:03:32,10-Nov-2020 15:34:12,38.3069160777541,590.4,72,14.4,06:30:40,3.25,4.40379403794038,42.7107101156945,31.5205040653825,31.5205040653825,6,0,45
10540756,215,10/11/2020 00:00:00,10-Nov-2020 09:27:55,10-Nov-2020 15:58:36,38.3069160777541,590.4,72,14.4,06:30:41,3.25,4.40379403794038,42.7107101156945,31.5205040653825,31.5205040653825,7,0,45
10540764,215,11/11/2020 00:00:00,11-Nov-2020 07:46:13,11-Nov-2020 14:16:53,38.3069160777541,590.4,72,14.4,06:30:40,3.25,4.40379403794038,42.7107101156945,31.5205040653825,31.5205040653825,1,0,45
10540769,215,11/11/2020 00:00:00,11-Nov-2020 08:12:58,11-Nov-2020 14:43:39,38.3069160777541,590.4,72,14.4,06:30:41,3.25,4.40379403794038,42.7107101156945,31.5205040653825,31.5205040653825,2,0,45
10540766,215,11/11/2020 00:00:00,11-Nov-2020 08:15:30,11-Nov-2020 14:46:10,38.3069160777541,590.4,72,14.4,06:30:40,3.25,4.40379403794038,42.7107101156945,31.5205040653825,31.5205040653825,3,0,45
10540767,215,11/11/2020 00:00:00,11-Nov-2020 08:27:22,11-Nov-2020 14:58:03,38.3069160777541,590.4,72,14.4,06:30:41,3.25,4.40379403794038,42.7107101156945,31.5205040653825,31.5205040653825,4,0,45
10540763,215,11/11/2020 00:00:00,11-Nov-2020 08:39:22,11-Nov-2020 15:10:02,38.3069160777541,590.4,72,14.4,06:30:41,3.25,4.40379403794038,42.7107101156945,31.5205040653825,31.5205040653825,5,0,45
10540768,215,11/11/2020 00:00:00,11-Nov-2020 08:56:55,11-Nov-2020 15:27:35,38.3069160777541,590.4,72,14.4,06:30:41,3.25,4.40379403794038,42.7107101156945,31.5205040653825,31.5205040653825,6,0,45
10540765,215,11/11/2020 00:00:00,11-Nov-2020 09:17:49,11-Nov-2020 15:48:29,38.3069160777541,590.4,72,14.4,06:30:41,3.25,4.40379403794038,42.7107101156945,31.5205040653825,31.5205040653825,7,0,45
10540773,215,12/11/2020 00:00:00,12-Nov-2020 06:57:49,12-Nov-2020 13:59:10,41.5062638646497,590.4,72,14.4,07:01:21,3.5083,4.75379403794038,46.2600579025901,34.1399227321115,34.1399227321115,1,0,45
10540775,215,12/11/2020 00:00:00,12-Nov-2020 07:21:46,12-Nov-2020 14:23:06,41.5062638646497,590.4,72,14.4,07:01:20,3.5083,4.75379403794038,46.2600579025901,34.1399227321115,34.1399227321115,2,0,45
10540772,215,12/11/2020 00:00:00,12-Nov-2020 07:24:32,12-Nov-2020 14:25:52,41.5062638646497,590.4,72,14.4,07:01:20,3.5083,4.75379403794038,46.2600579025901,34.1399227321115,34.1399227321115,3,0,45
10540774,215,12/11/2020 00:00:00,12-Nov-2020 08:15:27,12-Nov-2020 15:16:47,41.5062638646497,590.4,72,14.4,07:01:20,3.5083,4.75379403794038,46.2600579025901,34.1399227321115,34.1399227321115,4,0,45
10540771,215,12/11/2020 00:00:00,12-Nov-2020 09:02:14,12-Nov-2020 16:03:34,41.5062638646497,590.4,72,14.4,07:01:21,3.5083,4.75379403794038,46.2600579025901,34.1399227321115,34.1399227321115,5,0,45
10540770,215,12/11/2020 00:00:00,12-Nov-2020 09:27:42,12-Nov-2020 16:29:01,41.5062638646497,590.4,72,14.4,07:01:20,3.5083,4.75379403794038,46.2600579025901,34.1399227321115,34.1399227321115,6,0,45
10540778,215,13/11/2020 00:00:00,13-Nov-2020 07:03:01,13-Nov-2020 14:04:21,41.5062638646497,590.4,72,14.4,07:01:20,3.5083,4.75379403794038,46.2600579025901,34.1399227321115,34.1399227321115,1,0,45
10540780,215,13/11/2020 00:00:00,13-Nov-2020 07:44:09,13-Nov-2020 14:45:30,41.5062638646497,590.4,72,14.4,07:01:21,3.5083,4.75379403794038,46.2600579025901,34.1399227321115,34.1399227321115,2,0,45
10540777,215,13/11/2020 00:00:00,13-Nov-2020 08:27:48,13-Nov-2020 15:29:08,41.5062638646497,590.4,72,14.4,07:01:20,3.5083,4.75379403794038,46.2600579025901,34.1399227321115,34.1399227321115,3,0,45
10540776,215,13/11/2020 00:00:00,13-Nov-2020 08:37:45,13-Nov-2020 15:39:05,41.5062638646497,590.4,72,14.4,07:01:20,3.5083,4.75379403794038,46.2600579025901,34.1399227321115,34.1399227321115,4,0,45
10540779,215,13/11/2020 00:00:00,13-Nov-2020 09:18:26,13-Nov-2020 16:19:46,41.5062638646497,590.4,72,14.4,07:01:21,3.5083,4.75379403794038,46.2600579025901,34.1399227321115,34.1399227321115,5,0,45
10540783,215,14/11/2020 00:00:00,14-Nov-2020 07:45:08,14-Nov-2020 14:46:28,41.5062638646497,590.4,72,14.4,07:01:20,3.5083,4.75379403794038,46.2600579025901,34.1399227321115,34.1399227321115,1,0,45
10540786,215,14/11/2020 00:00:00,14-Nov-2020 07:56:56,14-Nov-2020 14:58:17,41.5062638646497,590.4,72,14.4,07:01:21,3.5083,4.75379403794038,46.2600579025901,34.1399227321115,34.1399227321115,2,0,45
10540785,215,14/11/2020 00:00:00,14-Nov-2020 08:00:25,14-Nov-2020 15:01:47,41.5062638646497,590.4,72,14.4,07:01:21,3.5083,4.75379403794038,46.2600579025901,34.1399227321115,34.1399227321115,3,0,45
10540784,215,14/11/2020 00:00:00,14-Nov-2020 08:02:52,14-Nov-2020 15:04:12,41.5062638646497,590.4,72,14.4,07:01:20,3.5083,4.75379403794038,46.2600579025901,34.1399227321115,34.1399227321115,4,0,45
10540781,215,14/11/2020 00:00:00,14-Nov-2020 09:19:52,14-Nov-2020 16:21:13,41.5062638646497,590.4,72,14.4,07:01:21,3.5083,4.75379403794038,46.2600579025901,34.1399227321115,34.1399227321115,5,0,45
10540782,215,14/11/2020 00:00:00,14-Nov-2020 09:22:33,14-Nov-2020 16:23:54,41.5062638646497,590.4,72,14.4,07:01:21,3.5083,4.75379403794038,46.2600579025901,34.1399227321115,34.1399227321115,6,0,45
10540788,215,15/11/2020 00:00:00,15-Nov-2020 06:40:52,15-Nov-2020 13:42:13,41.5062638646497,590.4,72,14.4,07:01:21,3.5083,4.75379403794038,46.2600579025901,34.1399227321115,34.1399227321115,1,0,45
10540793,215,15/11/2020 00:00:00,15-Nov-2020 06:45:12,15-Nov-2020 13:46:33,41.5062638646497,590.4,72,14.4,07:01:21,3.5083,4.75379403794038,46.2600579025901,34.1399227321115,34.1399227321115,2,0,45
10540790,215,15/11/2020 00:00:00,15-Nov-2020 08:03:07,15-Nov-2020 15:04:27,41.5062638646497,590.4,72,14.4,07:01:20,3.5083,4.75379403794038,46.2600579025901,34.1399227321115,34.1399227321115,3,0,45
10540794,215,15/11/2020 00:00:00,15-Nov-2020 08:03:11,15-Nov-2020 15:04:31,41.5062638646497,590.4,72,14.4,07:01:20,3.5083,4.75379403794038,46.2600579025901,34.1399227321115,34.1399227321115,4,0,45
10540789,215,15/11/2020 00:00:00,15-Nov-2020 08:08:19,15-Nov-2020 15:09:39,41.5062638646497,590.4,72,14.4,07:01:20,3.5083,4.75379403794038,46.2600579025901,34.1399227321115,34.1399227321115,5,0,45
10540791,215,15/11/2020 00:00:00,15-Nov-2020 08:14:35,15-Nov-2020 15:15:56,41.5062638646497,590.4,72,14.4,07:01:21,3.5083,4.75379403794038,46.2600579025901,34.1399227321115,34.1399227321115,6,0,45
10540787,215,15/11/2020 00:00:00,15-Nov-2020 08:17:44,15-Nov-2020 15:19:04,41.5062638646497,590.4,72,14.4,07:01:21,3.5083,4.75379403794038,46.2600579025901,34.1399227321115,34.1399227321115,7,0,45
10540792,215,15/11/2020 00:00:00,15-Nov-2020 08:25:06,15-Nov-2020 15:26:27,41.5062638646497,590.4,72,14.4,07:01:21,3.5083,4.75379403794038,46.2600579025901,34.1399227321115,34.1399227321115,8,0,45
10540795,215,15/11/2020 00:00:00,15-Nov-2020 08:26:31,15-Nov-2020 15:27:52,41.5062638646497,590.4,72,14.4,07:01:20,3.5083,4.75379403794038,46.2600579025901,34.1399227321115,34.1399227321115,9,0,45
10540802,215,16/11/2020 00:00:00,16-Nov-2020 07:13:16,16-Nov-2020 14:14:37,41.5062638646497,590.4,72,14.4,07:01:21,3.5083,4.75379403794038,46.2600579025901,34.1399227321115,34.1399227321115,1,0,45
10540799,215,16/11/2020 00:00:00,16-Nov-2020 07:53:37,16-Nov-2020 14:54:56,41.5062638646497,590.4,72,14.4,07:01:20,3.5083,4.75379403794038,46.2600579025901,34.1399227321115,34.1399227321115,2,0,45
10540797,215,16/11/2020 00:00:00,16-Nov-2020 08:06:14,16-Nov-2020 15:07:34,41.5062638646497,590.4,72,14.4,07:01:20,3.5083,4.75379403794038,46.2600579025901,34.1399227321115,34.1399227321115,3,0,45
10540803,215,16/11/2020 00:00:00,16-Nov-2020 08:34:31,16-Nov-2020 15:35:52,41.5062638646497,590.4,72,14.4,07:01:21,3.5083,4.75379403794038,46.2600579025901,34.1399227321115,34.1399227321115,4,0,45
10540798,215,16/11/2020 00:00:00,16-Nov-2020 08:37:58,16-Nov-2020 15:39:19,41.5062638646497,590.4,72,14.4,07:01:21,3.5083,4.75379403794038,46.2600579025901,34.1399227321115,34.1399227321115,5,0,45
10540800,215,16/11/2020 00:00:00,16-Nov-2020 08:52:50,16-Nov-2020 15:54:10,41.5062638646497,590.4,72,14.4,07:01:20,3.5083,4.75379403794038,46.2600579025901,34.1399227321115,34.1399227321115,6,0,45
10540796,215,16/11/2020 00:00:00,16-Nov-2020 09:06:20,16-Nov-2020 16:07:41,41.5062638646497,590.4,72,14.4,07:01:20,3.5083,4.75379403794038,46.2600579025901,34.1399227321115,34.1399227321115,7,0,45
10540801,215,16/11/2020 00:00:00,16-Nov-2020 09:28:45,16-Nov-2020 16:30:05,41.5062638646497,590.4,72,14.4,07:01:20,3.5083,4.75379403794038,46.2600579025901,34.1399227321115,34.1399227321115,8,0,45
10540807,215,17/11/2020 00:00:00,17-Nov-2020 07:09:12,17-Nov-2020 14:10:32,41.5062638646497,590.4,72,14.4,07:01:20,3.5083,4.75379403794038,46.2600579025901,34.1399227321115,34.1399227321115,1,0,45
10540806,215,17/11/2020 00:00:00,17-Nov-2020 07:49:55,17-Nov-2020 14:51:17,41.5062638646497,590.4,72,14.4,07:01:21,3.5083,4.75379403794038,46.2600579025901,34.1399227321115,34.1399227321115,2,0,45
10540808,215,17/11/2020 00:00:00,17-Nov-2020 08:04:53,17-Nov-2020 15:06:15,41.5062638646497,590.4,72,14.4,07:01:21,3.5083,4.75379403794038,46.2600579025901,34.1399227321115,34.1399227321115,3,0,45
10540805,215,17/11/2020 00:00:00,17-Nov-2020 08:34:56,17-Nov-2020 15:36:17,41.5062638646497,590.4,72,14.4,07:01:20,3.5083,4.75379403794038,46.2600579025901,34.1399227321115,34.1399227321115,4,0,45
10540809,215,17/11/2020 00:00:00,17-Nov-2020 08:40:19,17-Nov-2020 15:41:39,41.5062638646497,590.4,72,14.4,07:01:20,3.5083,4.75379403794038,46.2600579025901,34.1399227321115,34.1399227321115,5,0,45
10540804,215,17/11/2020 00:00:00,17-Nov-2020 09:09:07,17-Nov-2020 16:10:27,41.5062638646497,590.4,72,14.4,07:01:20,3.5083,4.75379403794038,46.2600579025901,34.1399227321115,34.1399227321115,6,0,45
10540810,215,17/11/2020 00:00:00,17-Nov-2020 09:27:55,17-Nov-2020 16:29:16,41.5062638646497,590.4,72,14.4,07:01:21,3.5083,4.75379403794038,46.2600579025901,34.1399227321115,34.1399227321115,7,0,45
10540811,215,18/11/2020 00:00:00,18-Nov-2020 06:44:12,18-Nov-2020 13:45:32,41.5062638646497,590.4,72,14.4,07:01:20,3.5083,4.75379403794038,46.2600579025901,34.1399227321115,34.1399227321115,1,0,45
10540816,215,18/11/2020 00:00:00,18-Nov-2020 06:51:37,18-Nov-2020 13:52:58,41.5062638646497,590.4,72,14.4,07:01:21,3.5083,4.75379403794038,46.2600579025901,34.1399227321115,34.1399227321115,2,0,45
10540812,215,18/11/2020 00:00:00,18-Nov-2020 07:18:54,18-Nov-2020 14:20:16,41.5062638646497,590.4,72,14.4,07:01:21,3.5083,4.75379403794038,46.2600579025901,34.1399227321115,34.1399227321115,3,0,45
10540815,215,18/11/2020 00:00:00,18-Nov-2020 07:42:48,18-Nov-2020 14:44:08,41.5062638646497,590.4,72,14.4,07:01:20,3.5083,4.75379403794038,46.2600579025901,34.1399227321115,34.1399227321115,4,0,45
10540814,215,18/11/2020 00:00:00,18-Nov-2020 07:42:55,18-Nov-2020 14:44:16,41.5062638646497,590.4,72,14.4,07:01:21,3.5083,4.75379403794038,46.2600579025901,34.1399227321115,34.1399227321115,5,0,45
10540817,215,18/11/2020 00:00:00,18-Nov-2020 08:29:41,18-Nov-2020 15:31:01,41.5062638646497,590.4,72,14.4,07:01:20,3.5083,4.75379403794038,46.2600579025901,34.1399227321115,34.1399227321115,6,0,45
10540813,215,18/11/2020 00:00:00,18-Nov-2020 08:41:10,18-Nov-2020 15:42:30,41.5062638646497,590.4,72,14.4,07:01:20,3.5083,4.75379403794038,46.2600579025901,34.1399227321115,34.1399227321115,7,0,45
10540822,215,19/11/2020 00:00:00,19-Nov-2020 06:34:49,19-Nov-2020 12:52:32,38.3461567496799,590.4,72,14.4,06:17:43,3.1417,4.2570460704607,42.6032028201406,31.4411636812638,31.4411636812638,1,0,45
10540823,215,19/11/2020 00:00:00,19-Nov-2020 07:06:16,19-Nov-2020 13:23:57,38.3461567496799,590.4,72,14.4,06:17:42,3.1417,4.2570460704607,42.6032028201406,31.4411636812638,31.4411636812638,2,0,45
10540821,215,19/11/2020 00:00:00,19-Nov-2020 07:14:37,19-Nov-2020 13:32:19,38.3461567496799,590.4,72,14.4,06:17:42,3.1417,4.2570460704607,42.6032028201406,31.4411636812638,31.4411636812638,3,0,45
10540818,215,19/11/2020 00:00:00,19-Nov-2020 08:09:17,19-Nov-2020 14:27:00,38.3461567496799,590.4,72,14.4,06:17:43,3.1417,4.2570460704607,42.6032028201406,31.4411636812638,31.4411636812638,4,0,45
10540820,215,19/11/2020 00:00:00,19-Nov-2020 08:25:35,19-Nov-2020 14:43:18,38.3461567496799,590.4,72,14.4,06:17:43,3.1417,4.2570460704607,42.6032028201406,31.4411636812638,31.4411636812638,5,0,45
10540819,215,19/11/2020 00:00:00,19-Nov-2020 08:46:03,19-Nov-2020 15:03:46,38.3461567496799,590.4,72,14.4,06:17:42,3.1417,4.2570460704607,42.6032028201406,31.4411636812638,31.4411636812638,6,0,45
10540825,215,20/11/2020 00:00:00,20-Nov-2020 07:42:47,20-Nov-2020 14:00:30,38.3461567496799,590.4,72,14.4,06:17:43,3.1417,4.2570460704607,42.6032028201406,31.4411636812638,31.4411636812638,1,0,45
10540824,215,20/11/2020 00:00:00,20-Nov-2020 08:00:06,20-Nov-2020 14:17:49,38.3461567496799,590.4,72,14.4,06:17:43,3.1417,4.2570460704607,42.6032028201406,31.4411636812638,31.4411636812638,2,0,45
10540828,215,20/11/2020 00:00:00,20-Nov-2020 08:06:13,20-Nov-2020 14:23:55,38.3461567496799,590.4,72,14.4,06:17:43,3.1417,4.2570460704607,42.6032028201406,31.4411636812638,31.4411636812638,3,0,45
10540829,215,20/11/2020 00:00:00,20-Nov-2020 08:13:53,20-Nov-2020 14:31:35,38.3461567496799,590.4,72,14.4,06:17:43,3.1417,4.2570460704607,42.6032028201406,31.4411636812638,31.4411636812638,4,0,45
10540826,215,20/11/2020 00:00:00,20-Nov-2020 09:10:24,20-Nov-2020 15:28:07,38.3461567496799,590.4,72,14.4,06:17:43,3.1417,4.2570460704607,42.6032028201406,31.4411636812638,31.4411636812638,5,0,45
10540827,215,20/11/2020 00:00:00,20-Nov-2020 09:14:57,20-Nov-2020 15:32:39,38.3461567496799,590.4,72,14.4,06:17:43,3.1417,4.2570460704607,42.6032028201406,31.4411636812638,31.4411636812638,6,0,45
10540831,215,21/11/2020 00:00:00,21-Nov-2020 06:31:18,21-Nov-2020 12:49:01,38.3461567496799,590.4,72,14.4,06:17:42,3.1417,4.2570460704607,42.6032028201406,31.4411636812638,31.4411636812638,1,0,45
10540832,215,21/11/2020 00:00:00,21-Nov-2020 06:49:36,21-Nov-2020 13:07:19,38.3461567496799,590.4,72,14.4,06:17:42,3.1417,4.2570460704607,42.6032028201406,31.4411636812638,31.4411636812638,2,0,45
10540830,215,21/11/2020 00:00:00,21-Nov-2020 07:38:47,21-Nov-2020 13:56:29,38.3461567496799,590.4,72,14.4,06:17:43,3.1417,4.2570460704607,42.6032028201406,31.4411636812638,31.4411636812638,3,0,45
10540833,215,21/11/2020 00:00:00,21-Nov-2020 07:44:13,21-Nov-2020 14:01:55,38.3461567496799,590.4,72,14.4,06:17:42,3.1417,4.2570460704607,42.6032028201406,31.4411636812638,31.4411636812638,4,0,45
10540835,215,21/11/2020 00:00:00,21-Nov-2020 08:34:46,21-Nov-2020 14:52:28,38.3461567496799,590.4,72,14.4,06:17:43,3.1417,4.2570460704607,42.6032028201406,31.4411636812638,31.4411636812638,5,0,45
10540834,215,21/11/2020 00:00:00,21-Nov-2020 09:22:39,21-Nov-2020 15:40:22,38.3461567496799,590.4,72,14.4,06:17:42,3.1417,4.2570460704607,42.6032028201406,31.4411636812638,31.4411636812638,6,0,45
10540837,215,22/11/2020 00:00:00,22-Nov-2020 06:43:09,22-Nov-2020 13:00:53,38.3461567496799,590.4,72,14.4,06:17:43,3.1417,4.2570460704607,42.6032028201406,31.4411636812638,31.4411636812638,1,0,45
10540844,215,22/11/2020 00:00:00,22-Nov-2020 06:49:05,22-Nov-2020 13:06:46,38.3461567496799,590.4,72,14.4,06:17:42,3.1417,4.2570460704607,42.6032028201406,31.4411636812638,31.4411636812638,2,0,45
10540843,215,22/11/2020 00:00:00,22-Nov-2020 07:04:26,22-Nov-2020 13:22:09,38.3461567496799,590.4,72,14.4,06:17:42,3.1417,4.2570460704607,42.6032028201406,31.4411636812638,31.4411636812638,3,0,45
10540841,215,22/11/2020 00:00:00,22-Nov-2020 07:07:42,22-Nov-2020 13:25:24,38.3461567496799,590.4,72,14.4,06:17:42,3.1417,4.2570460704607,42.6032028201406,31.4411636812638,31.4411636812638,4,0,45
10540842,215,22/11/2020 00:00:00,22-Nov-2020 07:45:13,22-Nov-2020 14:02:57,38.3461567496799,590.4,72,14.4,06:17:43,3.1417,4.2570460704607,42.6032028201406,31.4411636812638,31.4411636812638,5,0,45
10540840,215,22/11/2020 00:00:00,22-Nov-2020 07:45:41,22-Nov-2020 14:03:23,38.3461567496799,590.4,72,14.4,06:17:42,3.1417,4.2570460704607,42.6032028201406,31.4411636812638,31.4411636812638,6,0,45
10540836,215,22/11/2020 00:00:00,22-Nov-2020 07:51:09,22-Nov-2020 14:08:50,38.3461567496799,590.4,72,14.4,06:17:42,3.1417,4.2570460704607,42.6032028201406,31.4411636812638,31.4411636812638,7,0,45
10540838,215,22/11/2020 00:00:00,22-Nov-2020 07:52:59,22-Nov-2020 14:10:41,38.3461567496799,590.4,72,14.4,06:17:43,3.1417,4.2570460704607,42.6032028201406,31.4411636812638,31.4411636812638,8,0,45
10540839,215,22/11/2020 00:00:00,22-Nov-2020 08:22:55,22-Nov-2020 14:40:36,38.3461567496799,590.4,72,14.4,06:17:42,3.1417,4.2570460704607,42.6032028201406,31.4411636812638,31.4411636812638,9,0,45
10540850,215,23/11/2020 00:00:00,23-Nov-2020 07:06:42,23-Nov-2020 13:24:24,38.3461567496799,590.4,72,14.4,06:17:42,3.1417,4.2570460704607,42.6032028201406,31.4411636812638,31.4411636812638,1,0,45
10540849,215,23/11/2020 00:00:00,23-Nov-2020 07:42:07,23-Nov-2020 13:59:49,38.3461567496799,590.4,72,14.4,06:17:42,3.1417,4.2570460704607,42.6032028201406,31.4411636812638,31.4411636812638,2,0,45
10540845,215,23/11/2020 00:00:00,23-Nov-2020 07:51:24,23-Nov-2020 14:09:08,38.3461567496799,590.4,72,14.4,06:17:43,3.1417,4.2570460704607,42.6032028201406,31.4411636812638,31.4411636812638,3,0,45
10540852,215,23/11/2020 00:00:00,23-Nov-2020 08:20:15,23-Nov-2020 14:37:58,38.3461567496799,590.4,72,14.4,06:17:43,3.1417,4.2570460704607,42.6032028201406,31.4411636812638,31.4411636812638,4,0,45
10540851,215,23/11/2020 00:00:00,23-Nov-2020 08:47:04,23-Nov-2020 15:04:46,38.3461567496799,590.4,72,14.4,06:17:42,3.1417,4.2570460704607,42.6032028201406,31.4411636812638,31.4411636812638,5,0,45
10540848,215,23/11/2020 00:00:00,23-Nov-2020 08:53:53,23-Nov-2020 15:11:36,38.3461567496799,590.4,72,14.4,06:17:43,3.1417,4.2570460704607,42.6032028201406,31.4411636812638,31.4411636812638,6,0,45
10540847,215,23/11/2020 00:00:00,23-Nov-2020 09:22:14,23-Nov-2020 15:39:56,38.3461567496799,590.4,72,14.4,06:17:43,3.1417,4.2570460704607,42.6032028201406,31.4411636812638,31.4411636812638,7,0,45
10540846,215,23/11/2020 00:00:00,23-Nov-2020 09:28:40,23-Nov-2020 15:46:22,38.3461567496799,590.4,72,14.4,06:17:43,3.1417,4.2570460704607,42.6032028201406,31.4411636812638,31.4411636812638,8,0,45
10540854,215,24/11/2020 00:00:00,24-Nov-2020 06:36:07,24-Nov-2020 12:53:50,38.3461567496799,590.4,72,14.4,06:17:42,3.1417,4.2570460704607,42.6032028201406,31.4411636812638,31.4411636812638,1,0,45
10540857,215,24/11/2020 00:00:00,24-Nov-2020 06:45:50,24-Nov-2020 13:03:32,38.3461567496799,590.4,72,14.4,06:17:42,3.1417,4.2570460704607,42.6032028201406,31.4411636812638,31.4411636812638,2,0,45
10540859,215,24/11/2020 00:00:00,24-Nov-2020 07:24:50,24-Nov-2020 13:42:33,38.3461567496799,590.4,72,14.4,06:17:42,3.1417,4.2570460704607,42.6032028201406,31.4411636812638,31.4411636812638,3,0,45
10540858,215,24/11/2020 00:00:00,24-Nov-2020 08:14:42,24-Nov-2020 14:32:25,38.3461567496799,590.4,72,14.4,06:17:43,3.1417,4.2570460704607,42.6032028201406,31.4411636812638,31.4411636812638,4,0,45
10540856,215,24/11/2020 00:00:00,24-Nov-2020 08:15:58,24-Nov-2020 14:33:40,38.3461567496799,590.4,72,14.4,06:17:43,3.1417,4.2570460704607,42.6032028201406,31.4411636812638,31.4411636812638,5,0,45
10540853,215,24/11/2020 00:00:00,24-Nov-2020 08:54:52,24-Nov-2020 15:12:35,38.3461567496799,590.4,72,14.4,06:17:43,3.1417,4.2570460704607,42.6032028201406,31.4411636812638,31.4411636812638,6,0,45
10540855,215,24/11/2020 00:00:00,24-Nov-2020 09:05:18,24-Nov-2020 15:23:00,38.3461567496799,590.4,72,14.4,06:17:42,3.1417,4.2570460704607,42.6032028201406,31.4411636812638,31.4411636812638,7,0,45
10540862,215,25/11/2020 00:00:00,25-Nov-2020 07:08:13,25-Nov-2020 13:25:56,38.3461567496799,590.4,72,14.4,06:17:43,3.1417,4.2570460704607,42.6032028201406,31.4411636812638,31.4411636812638,1,0,45
10540865,215,25/11/2020 00:00:00,25-Nov-2020 07:35:35,25-Nov-2020 13:53:18,38.3461567496799,590.4,72,14.4,06:17:42,3.1417,4.2570460704607,42.6032028201406,31.4411636812638,31.4411636812638,2,0,45
10540864,215,25/11/2020 00:00:00,25-Nov-2020 07:36:34,25-Nov-2020 13:54:18,38.3461567496799,590.4,72,14.4,06:17:43,3.1417,4.2570460704607,42.6032028201406,31.4411636812638,31.4411636812638,3,0,45
10540861,215,25/11/2020 00:00:00,25-Nov-2020 08:16:35,25-Nov-2020 14:34:18,38.3461567496799,590.4,72,14.4,06:17:43,3.1417,4.2570460704607,42.6032028201406,31.4411636812638,31.4411636812638,4,0,45
10540860,215,25/11/2020 00:00:00,25-Nov-2020 08:22:07,25-Nov-2020 14:39:50,38.3461567496799,590.4,72,14.4,06:17:43,3.1417,4.2570460704607,42.6032028201406,31.4411636812638,31.4411636812638,5,0,45
10540866,215,25/11/2020 00:00:00,25-Nov-2020 08:56:55,25-Nov-2020 15:14:36,38.3461567496799,590.4,72,14.4,06:17:42,3.1417,4.2570460704607,42.6032028201406,31.4411636812638,31.4411636812638,6,0,45
10540863,215,25/11/2020 00:00:00,25-Nov-2020 09:11:07,25-Nov-2020 15:28:49,38.3461567496799,590.4,72,14.4,06:17:43,3.1417,4.2570460704607,42.6032028201406,31.4411636812638,31.4411636812638,7,0,45
10540869,215,26/11/2020 00:00:00,26-Nov-2020 07:20:54,26-Nov-2020 14:00:21,39.1435804225903,590.4,72,14.4,06:39:27,3.325,4.50542005420054,43.6490004767908,32.2129623518716,32.2129623518716,1,0,45
10540870,215,26/11/2020 00:00:00,26-Nov-2020 07:37:16,26-Nov-2020 14:16:44,39.1435804225903,590.4,72,14.4,06:39:28,3.325,4.50542005420054,43.6490004767908,32.2129623518716,32.2129623518716,2,0,45
10540868,215,26/11/2020 00:00:00,26-Nov-2020 08:11:48,26-Nov-2020 14:51:15,39.1435804225903,590.4,72,14.4,06:39:28,3.325,4.50542005420054,43.6490004767908,32.2129623518716,32.2129623518716,3,0,45
10540872,215,26/11/2020 00:00:00,26-Nov-2020 08:31:48,26-Nov-2020 15:11:15,39.1435804225903,590.4,72,14.4,06:39:28,3.325,4.50542005420054,43.6490004767908,32.2129623518716,32.2129623518716,4,0,45
10540867,215,26/11/2020 00:00:00,26-Nov-2020 09:17:38,26-Nov-2020 15:57:06,39.1435804225903,590.4,72,14.4,06:39:28,3.325,4.50542005420054,43.6490004767908,32.2129623518716,32.2129623518716,5,0,45
10540871,215,26/11/2020 00:00:00,26-Nov-2020 09:24:40,26-Nov-2020 16:04:07,39.1435804225903,590.4,72,14.4,06:39:27,3.325,4.50542005420054,43.6490004767908,32.2129623518716,32.2129623518716,6,0,45
10540873,215,27/11/2020 00:00:00,27-Nov-2020 06:48:12,27-Nov-2020 13:27:39,39.1435804225903,590.4,72,14.4,06:39:27,3.325,4.50542005420054,43.6490004767908,32.2129623518716,32.2129623518716,1,0,45
10540874,215,27/11/2020 00:00:00,27-Nov-2020 07:44:49,27-Nov-2020 14:24:17,39.1435804225903,590.4,72,14.4,06:39:28,3.325,4.50542005420054,43.6490004767908,32.2129623518716,32.2129623518716,2,0,45
10540877,215,27/11/2020 00:00:00,27-Nov-2020 07:55:51,27-Nov-2020 14:35:20,39.1435804225903,590.4,72,14.4,06:39:28,3.325,4.50542005420054,43.6490004767908,32.2129623518716,32.2129623518716,3,0,45
10540875,215,27/11/2020 00:00:00,27-Nov-2020 07:56:43,27-Nov-2020 14:36:09,39.1435804225903,590.4,72,14.4,06:39:27,3.325,4.50542005420054,43.6490004767908,32.2129623518716,32.2129623518716,4,0,45
10540876,215,27/11/2020 00:00:00,27-Nov-2020 08:29:59,27-Nov-2020 15:09:27,39.1435804225903,590.4,72,14.4,06:39:27,3.325,4.50542005420054,43.6490004767908,32.2129623518716,32.2129623518716,5,0,45
10540878,215,28/11/2020 00:00:00,28-Nov-2020 06:41:07,28-Nov-2020 13:20:35,39.1435804225903,590.4,72,14.4,06:39:28,3.325,4.50542005420054,43.6490004767908,32.2129623518716,32.2129623518716,1,0,45
10540882,215,28/11/2020 00:00:00,28-Nov-2020 07:26:16,28-Nov-2020 14:05:44,39.1435804225903,590.4,72,14.4,06:39:28,3.325,4.50542005420054,43.6490004767908,32.2129623518716,32.2129623518716,2,0,45
10540879,215,28/11/2020 00:00:00,28-Nov-2020 07:37:52,28-Nov-2020 14:17:20,39.1435804225903,590.4,72,14.4,06:39:28,3.325,4.50542005420054,43.6490004767908,32.2129623518716,32.2129623518716,3,0,45
10540883,215,28/11/2020 00:00:00,28-Nov-2020 07:52:30,28-Nov-2020 14:31:57,39.1435804225903,590.4,72,14.4,06:39:27,3.325,4.50542005420054,43.6490004767908,32.2129623518716,32.2129623518716,4,0,45
10540880,215,28/11/2020 00:00:00,28-Nov-2020 08:47:30,28-Nov-2020 15:26:57,39.1435804225903,590.4,72,14.4,06:39:27,3.325,4.50542005420054,43.6490004767908,32.2129623518716,32.2129623518716,5,0,45
10540881,215,28/11/2020 00:00:00,28-Nov-2020 09:10:46,28-Nov-2020 15:50:15,39.1435804225903,590.4,72,14.4,06:39:28,3.325,4.50542005420054,43.6490004767908,32.2129623518716,32.2129623518716,6,0,45
10540885,215,29/11/2020 00:00:00,29-Nov-2020 06:38:57,29-Nov-2020 13:18:24,39.1435804225903,590.4,72,14.4,06:39:28,3.325,4.50542005420054,43.6490004767908,32.2129623518716,32.2129623518716,1,0,45
10540887,215,29/11/2020 00:00:00,29-Nov-2020 06:47:42,29-Nov-2020 13:27:09,39.1435804225903,590.4,72,14.4,06:39:27,3.325,4.50542005420054,43.6490004767908,32.2129623518716,32.2129623518716,2,0,45
10540891,215,29/11/2020 00:00:00,29-Nov-2020 06:50:34,29-Nov-2020 13:30:01,39.1435804225903,590.4,72,14.4,06:39:27,3.325,4.50542005420054,43.6490004767908,32.2129623518716,32.2129623518716,3,0,45
10540892,215,29/11/2020 00:00:00,29-Nov-2020 06:58:44,29-Nov-2020 13:38:11,39.1435804225903,590.4,72,14.4,06:39:27,3.325,4.50542005420054,43.6490004767908,32.2129623518716,32.2129623518716,4,0,45
10540890,215,29/11/2020 00:00:00,29-Nov-2020 07:43:59,29-Nov-2020 14:23:26,39.1435804225903,590.4,72,14.4,06:39:28,3.325,4.50542005420054,43.6490004767908,32.2129623518716,32.2129623518716,5,0,45
10540886,215,29/11/2020 00:00:00,29-Nov-2020 07:52:42,29-Nov-2020 14:32:10,39.1435804225903,590.4,72,14.4,06:39:28,3.325,4.50542005420054,43.6490004767908,32.2129623518716,32.2129623518716,6,0,45
10540888,215,29/11/2020 00:00:00,29-Nov-2020 08:14:56,29-Nov-2020 14:54:23,39.1435804225903,590.4,72,14.4,06:39:27,3.325,4.50542005420054,43.6490004767908,32.2129623518716,32.2129623518716,7,0,45
10540889,215,29/11/2020 00:00:00,29-Nov-2020 08:21:56,29-Nov-2020 15:01:23,39.1435804225903,590.4,72,14.4,06:39:27,3.325,4.50542005420054,43.6490004767908,32.2129623518716,32.2129623518716,8,0,45
10540884,215,29/11/2020 00:00:00,29-Nov-2020 08:28:19,29-Nov-2020 15:07:47,39.1435804225903,590.4,72,14.4,06:39:28,3.325,4.50542005420054,43.6490004767908,32.2129623518716,32.2129623518716,9,0,45
10540893,215,30/11/2020 00:00:00,30-Nov-2020 06:42:09,30-Nov-2020 13:21:36,39.1435804225903,590.4,72,14.4,06:39:27,3.325,4.50542005420054,43.6490004767908,32.2129623518716,32.2129623518716,1,0,45
10540894,215,30/11/2020 00:00:00,30-Nov-2020 07:44:03,30-Nov-2020 14:23:31,39.1435804225903,590.4,72,14.4,06:39:28,3.325,4.50542005420054,43.6490004767908,32.2129623518716,32.2129623518716,2,0,45
10540896,215,30/11/2020 00:00:00,30-Nov-2020 07:57:03,30-Nov-2020 14:36:31,39.1435804225903,590.4,72,14.4,06:39:28,3.325,4.50542005420054,43.6490004767908,32.2129623518716,32.2129623518716,3,0,45
10540899,215,30/11/2020 00:00:00,30-Nov-2020 08:08:46,30-Nov-2020 14:48:14,39.1435804225903,590.4,72,14.4,06:39:28,3.325,4.50542005420054,43.6490004767908,32.2129623518716,32.2129623518716,4,0,45
10540900,215,30/11/2020 00:00:00,30-Nov-2020 08:45:14,30-Nov-2020 15:24:41,39.1435804225903,590.4,72,14.4,06:39:27,3.325,4.50542005420054,43.6490004767908,32.2129623518716,32.2129623518716,5,0,45
10540897,215,30/11/2020 00:00:00,30-Nov-2020 09:03:28,30-Nov-2020 15:42:57,39.1435804225903,590.4,72,14.4,06:39:28,3.325,4.50542005420054,43.6490004767908,32.2129623518716,32.2129623518716,6,0,45
10540898,215,30/11/2020 00:00:00,30-Nov-2020 09:15:42,30-Nov-2020 15:55:09,39.1435804225903,590.4,72,14.4,06:39:27,3.325,4.50542005420054,43.6490004767908,32.2129623518716,32.2129623518716,7,0,45
10540895,215,30/11/2020 00:00:00,30-Nov-2020 09:25:28,30-Nov-2020 16:04:55,39.1435804225903,590.4,72,14.4,06:39:27,3.325,4.50542005420054,43.6490004767908,32.2129623518716,32.2129623518716,8,0,45
10540903,215,01/12/2020 00:00:00,01-Dec-2020 06:34:49,01-Dec-2020 13:14:16,39.1435804225903,590.4,72,14.4,06:39:27,3.325,4.50542005420054,43.6490004767908,32.2129623518716,32.2129623518716,1,0,45
10540905,215,01/12/2020 00:00:00,01-Dec-2020 06:38:42,01-Dec-2020 13:18:08,39.1435804225903,590.4,72,14.4,06:39:27,3.325,4.50542005420054,43.6490004767908,32.2129623518716,32.2129623518716,2,0,45
10540906,215,01/12/2020 00:00:00,01-Dec-2020 07:46:47,01-Dec-2020 14:26:14,39.1435804225903,590.4,72,14.4,06:39:27,3.325,4.50542005420054,43.6490004767908,32.2129623518716,32.2129623518716,3,0,45
10540902,215,01/12/2020 00:00:00,01-Dec-2020 08:15:38,01-Dec-2020 14:55:07,39.1435804225903,590.4,72,14.4,06:39:28,3.325,4.50542005420054,43.6490004767908,32.2129623518716,32.2129623518716,4,0,45
10540907,215,01/12/2020 00:00:00,01-Dec-2020 08:28:07,01-Dec-2020 15:07:34,39.1435804225903,590.4,72,14.4,06:39:27,3.325,4.50542005420054,43.6490004767908,32.2129623518716,32.2129623518716,5,0,45
10540901,215,01/12/2020 00:00:00,01-Dec-2020 09:00:15,01-Dec-2020 15:39:42,39.1435804225903,590.4,72,14.4,06:39:28,3.325,4.50542005420054,43.6490004767908,32.2129623518716,32.2129623518716,6,0,45
10540904,215,01/12/2020 00:00:00,01-Dec-2020 09:24:42,01-Dec-2020 16:04:09,39.1435804225903,590.4,72,14.4,06:39:27,3.325,4.50542005420054,43.6490004767908,32.2129623518716,32.2129623518716,7,0,45
10540910,215,02/12/2020 00:00:00,02-Dec-2020 06:42:02,02-Dec-2020 13:21:29,39.1435804225903,590.4,72,14.4,06:39:27,3.325,4.50542005420054,43.6490004767908,32.2129623518716,32.2129623518716,1,0,45
10540912,215,02/12/2020 00:00:00,02-Dec-2020 07:49:40,02-Dec-2020 14:29:09,39.1435804225903,590.4,72,14.4,06:39:28,3.325,4.50542005420054,43.6490004767908,32.2129623518716,32.2129623518716,2,0,45
10540911,215,02/12/2020 00:00:00,02-Dec-2020 08:23:55,02-Dec-2020 15:03:22,39.1435804225903,590.4,72,14.4,06:39:27,3.325,4.50542005420054,43.6490004767908,32.2129623518716,32.2129623518716,3,0,45
10540914,215,02/12/2020 00:00:00,02-Dec-2020 08:29:04,02-Dec-2020 15:08:32,39.1435804225903,590.4,72,14.4,06:39:28,3.325,4.50542005420054,43.6490004767908,32.2129623518716,32.2129623518716,4,0,45
10540913,215,02/12/2020 00:00:00,02-Dec-2020 08:58:16,02-Dec-2020 15:37:43,39.1435804225903,590.4,72,14.4,06:39:27,3.325,4.50542005420054,43.6490004767908,32.2129623518716,32.2129623518716,5,0,45
10540908,215,02/12/2020 00:00:00,02-Dec-2020 09:12:25,02-Dec-2020 15:51:52,39.1435804225903,590.4,72,14.4,06:39:27,3.325,4.50542005420054,43.6490004767908,32.2129623518716,32.2129623518716,6,0,45
10540909,215,02/12/2020 00:00:00,02-Dec-2020 09:26:17,02-Dec-2020 16:05:45,39.1435804225903,590.4,72,14.4,06:39:28,3.325,4.50542005420054,43.6490004767908,32.2129623518716,32.2129623518716,7,0,45
10540919,215,03/12/2020 00:00:00,03-Dec-2020 06:34:50,03-Dec-2020 12:52:48,38.1464115652055,590.4,72,14.4,06:17:58,3.1417,4.2570460704607,42.4034576356662,31.2937517351217,31.2937517351217,1,0,45
10540915,215,03/12/2020 00:00:00,03-Dec-2020 07:24:34,03-Dec-2020 13:42:32,38.1464115652055,590.4,72,14.4,06:17:58,3.1417,4.2570460704607,42.4034576356662,31.2937517351217,31.2937517351217,2,0,45
10540916,215,03/12/2020 00:00:00,03-Dec-2020 07:31:57,03-Dec-2020 13:49:55,38.1464115652055,590.4,72,14.4,06:17:58,3.1417,4.2570460704607,42.4034576356662,31.2937517351217,31.2937517351217,3,0,45
10540920,215,03/12/2020 00:00:00,03-Dec-2020 07:53:11,03-Dec-2020 14:11:09,38.1464115652055,590.4,72,14.4,06:17:58,3.1417,4.2570460704607,42.4034576356662,31.2937517351217,31.2937517351217,4,0,45
10540921,215,03/12/2020 00:00:00,03-Dec-2020 08:55:08,03-Dec-2020 15:13:06,38.1464115652055,590.4,72,14.4,06:17:58,3.1417,4.2570460704607,42.4034576356662,31.2937517351217,31.2937517351217,5,0,45
10540917,215,03/12/2020 00:00:00,03-Dec-2020 09:11:59,03-Dec-2020 15:29:56,38.1464115652055,590.4,72,14.4,06:17:58,3.1417,4.2570460704607,42.4034576356662,31.2937517351217,31.2937517351217,6,0,45
10540918,215,03/12/2020 00:00:00,03-Dec-2020 09:15:32,03-Dec-2020 15:33:30,38.1464115652055,590.4,72,14.4,06:17:58,3.1417,4.2570460704607,42.4034576356662,31.2937517351217,31.2937517351217,7,0,45
10540926,215,04/12/2020 00:00:00,04-Dec-2020 06:30:25,04-Dec-2020 12:48:22,38.1464115652055,590.4,72,14.4,06:17:58,3.1417,4.2570460704607,42.4034576356662,31.2937517351217,31.2937517351217,1,0,45
10540924,215,04/12/2020 00:00:00,04-Dec-2020 06:50:27,04-Dec-2020 13:08:25,38.1464115652055,590.4,72,14.4,06:17:58,3.1417,4.2570460704607,42.4034576356662,31.2937517351217,31.2937517351217,2,0,45
10540925,215,04/12/2020 00:00:00,04-Dec-2020 06:54:43,04-Dec-2020 13:12:41,38.1464115652055,590.4,72,14.4,06:17:58,3.1417,4.2570460704607,42.4034576356662,31.2937517351217,31.2937517351217,3,0,45
10540922,215,04/12/2020 00:00:00,04-Dec-2020 07:32:21,04-Dec-2020 13:50:20,38.1464115652055,590.4,72,14.4,06:17:58,3.1417,4.2570460704607,42.4034576356662,31.2937517351217,31.2937517351217,4,0,45
10540923,215,04/12/2020 00:00:00,04-Dec-2020 07:46:49,04-Dec-2020 14:04:48,38.1464115652055,590.4,72,14.4,06:17:58,3.1417,4.2570460704607,42.4034576356662,31.2937517351217,31.2937517351217,5,0,45
10540927,215,04/12/2020 00:00:00,04-Dec-2020 08:39:28,04-Dec-2020 14:57:25,38.1464115652055,590.4,72,14.4,06:17:58,3.1417,4.2570460704607,42.4034576356662,31.2937517351217,31.2937517351217,6,0,45
10540931,215,05/12/2020 00:00:00,05-Dec-2020 06:49:12,05-Dec-2020 13:07:09,38.1464115652055,590.4,72,14.4,06:17:58,3.1417,4.2570460704607,42.4034576356662,31.2937517351217,31.2937517351217,1,0,45
10540934,215,05/12/2020 00:00:00,05-Dec-2020 07:12:37,05-Dec-2020 13:30:35,38.1464115652055,590.4,72,14.4,06:17:58,3.1417,4.2570460704607,42.4034576356662,31.2937517351217,31.2937517351217,2,0,45
10540928,215,05/12/2020 00:00:00,05-Dec-2020 07:47:57,05-Dec-2020 14:05:56,38.1464115652055,590.4,72,14.4,06:17:58,3.1417,4.2570460704607,42.4034576356662,31.2937517351217,31.2937517351217,3,0,45
10540930,215,05/12/2020 00:00:00,05-Dec-2020 08:29:07,05-Dec-2020 14:47:06,38.1464115652055,590.4,72,14.4,06:17:58,3.1417,4.2570460704607,42.4034576356662,31.2937517351217,31.2937517351217,4,0,45
10540929,215,05/12/2020 00:00:00,05-Dec-2020 08:31:13,05-Dec-2020 14:49:12,38.1464115652055,590.4,72,14.4,06:17:58,3.1417,4.2570460704607,42.4034576356662,31.2937517351217,31.2937517351217,5,0,45
10540933,215,05/12/2020 00:00:00,05-Dec-2020 08:42:05,05-Dec-2020 15:00:04,38.1464115652055,590.4,72,14.4,06:17:58,3.1417,4.2570460704607,42.4034576356662,31.2937517351217,31.2937517351217,6,0,45
10540932,215,05/12/2020 00:00:00,05-Dec-2020 08:43:01,05-Dec-2020 15:00:59,38.1464115652055,590.4,72,14.4,06:17:58,3.1417,4.2570460704607,42.4034576356662,31.2937517351217,31.2937517351217,7,0,45
10540938,215,06/12/2020 00:00:00,06-Dec-2020 06:31:47,06-Dec-2020 12:49:46,38.1464115652055,590.4,72,14.4,06:17:58,3.1417,4.2570460704607,42.4034576356662,31.2937517351217,31.2937517351217,1,0,45
10540942,215,06/12/2020 00:00:00,06-Dec-2020 07:02:49,06-Dec-2020 13:20:47,38.1464115652055,590.4,72,14.4,06:17:58,3.1417,4.2570460704607,42.4034576356662,31.2937517351217,31.2937517351217,2,0,45
10540935,215,06/12/2020 00:00:00,06-Dec-2020 07:05:15,06-Dec-2020 13:23:12,38.1464115652055,590.4,72,14.4,06:17:58,3.1417,4.2570460704607,42.4034576356662,31.2937517351217,31.2937517351217,3,0,45
10540937,215,06/12/2020 00:00:00,06-Dec-2020 07:15:16,06-Dec-2020 13:33:13,38.1464115652055,590.4,72,14.4,06:17:58,3.1417,4.2570460704607,42.4034576356662,31.2937517351217,31.2937517351217,4,0,45
10540936,215,06/12/2020 00:00:00,06-Dec-2020 07:15:18,06-Dec-2020 13:33:17,38.1464115652055,590.4,72,14.4,06:17:58,3.1417,4.2570460704607,42.4034576356662,31.2937517351217,31.2937517351217,5,0,45
10540943,215,06/12/2020 00:00:00,06-Dec-2020 07:17:08,06-Dec-2020 13:35:05,38.1464115652055,590.4,72,14.4,06:17:58,3.1417,4.2570460704607,42.4034576356662,31.2937517351217,31.2937517351217,6,0,45
10540941,215,06/12/2020 00:00:00,06-Dec-2020 07:27:36,06-Dec-2020 13:45:35,38.1464115652055,590.4,72,14.4,06:17:59,3.1417,4.2570460704607,42.4034576356662,31.2937517351217,31.2937517351217,7,0,45
10540940,215,06/12/2020 00:00:00,06-Dec-2020 07:35:59,06-Dec-2020 13:53:57,38.1464115652055,590.4,72,14.4,06:17:58,3.1417,4.2570460704607,42.4034576356662,31.2937517351217,31.2937517351217,8,0,45
10540939,215,06/12/2020 00:00:00,06-Dec-2020 08:10:36,06-Dec-2020 14:28:34,38.1464115652055,590.4,72,14.4,06:17:58,3.1417,4.2570460704607,42.4034576356662,31.2937517351217,31.2937517351217,9,0,45
10540947,215,07/12/2020 00:00:00,07-Dec-2020 06:40:53,07-Dec-2020 12:58:51,38.1464115652055,590.4,72,14.4,06:17:58,3.1417,4.2570460704607,42.4034576356662,31.2937517351217,31.2937517351217,1,0,45
10540946,215,07/12/2020 00:00:00,07-Dec-2020 06:54:25,07-Dec-2020 13:12:24,38.1464115652055,590.4,72,14.4,06:17:58,3.1417,4.2570460704607,42.4034576356662,31.2937517351217,31.2937517351217,2,0,45
10540949,215,07/12/2020 00:00:00,07-Dec-2020 06:55:34,07-Dec-2020 13:13:33,38.1464115652055,590.4,72,14.4,06:17:59,3.1417,4.2570460704607,42.4034576356662,31.2937517351217,31.2937517351217,3,0,45
10540948,215,07/12/2020 00:00:00,07-Dec-2020 07:02:32,07-Dec-2020 13:20:30,38.1464115652055,590.4,72,14.4,06:17:59,3.1417,4.2570460704607,42.4034576356662,31.2937517351217,31.2937517351217,4,0,45
10540952,215,07/12/2020 00:00:00,07-Dec-2020 07:11:39,07-Dec-2020 13:29:37,38.1464115652055,590.4,72,14.4,06:17:58,3.1417,4.2570460704607,42.4034576356662,31.2937517351217,31.2937517351217,5,0,45
10540951,215,07/12/2020 00:00:00,07-Dec-2020 07:38:43,07-Dec-2020 13:56:41,38.1464115652055,590.4,72,14.4,06:17:58,3.1417,4.2570460704607,42.4034576356662,31.2937517351217,31.2937517351217,6,0,45
10540950,215,07/12/2020 00:00:00,07-Dec-2020 08:26:38,07-Dec-2020 14:44:36,38.1464115652055,590.4,72,14.4,06:17:58,3.1417,4.2570460704607,42.4034576356662,31.2937517351217,31.2937517351217,7,0,45
10540945,215,07/12/2020 00:00:00,07-Dec-2020 08:28:41,07-Dec-2020 14:46:39,38.1464115652055,590.4,72,14.4,06:17:58,3.1417,4.2570460704607,42.4034576356662,31.2937517351217,31.2937517351217,8,0,45
10540944,215,07/12/2020 00:00:00,07-Dec-2020 08:28:49,07-Dec-2020 14:46:47,38.1464115652055,590.4,72,14.4,06:17:58,3.1417,4.2570460704607,42.4034576356662,31.2937517351217,31.2937517351217,9,0,45
10540953,215,08/12/2020 00:00:00,08-Dec-2020 06:45:23,08-Dec-2020 13:03:22,38.1464115652055,590.4,72,14.4,06:17:58,3.1417,4.2570460704607,42.4034576356662,31.2937517351217,31.2937517351217,1,0,45
10540955,215,08/12/2020 00:00:00,08-Dec-2020 06:53:47,08-Dec-2020 13:11:46,38.1464115652055,590.4,72,14.4,06:17:58,3.1417,4.2570460704607,42.4034576356662,31.2937517351217,31.2937517351217,2,0,45
10540956,215,08/12/2020 00:00:00,08-Dec-2020 07:07:56,08-Dec-2020 13:25:54,38.1464115652055,590.4,72,14.4,06:17:58,3.1417,4.2570460704607,42.4034576356662,31.2937517351217,31.2937517351217,3,0,45
10540957,215,08/12/2020 00:00:00,08-Dec-2020 07:37:06,08-Dec-2020 13:55:04,38.1464115652055,590.4,72,14.4,06:17:58,3.1417,4.2570460704607,42.4034576356662,31.2937517351217,31.2937517351217,4,0,45
10540954,215,08/12/2020 00:00:00,08-Dec-2020 07:38:02,08-Dec-2020 13:55:59,38.1464115652055,590.4,72,14.4,06:17:58,3.1417,4.2570460704607,42.4034576356662,31.2937517351217,31.2937517351217,5,0,45
10540959,215,08/12/2020 00:00:00,08-Dec-2020 07:52:31,08-Dec-2020 14:10:30,38.1464115652055,590.4,72,14.4,06:17:58,3.1417,4.2570460704607,42.4034576356662,31.2937517351217,31.2937517351217,6,0,45
10540958,215,08/12/2020 00:00:00,08-Dec-2020 08:03:58,08-Dec-2020 14:21:56,38.1464115652055,590.4,72,14.4,06:17:58,3.1417,4.2570460704607,42.4034576356662,31.2937517351217,31.2937517351217,7,0,45
10540964,215,09/12/2020 00:00:00,09-Dec-2020 06:50:12,09-Dec-2020 13:08:11,38.1464115652055,590.4,72,14.4,06:17:58,3.1417,4.2570460704607,42.4034576356662,31.2937517351217,31.2937517351217,1,0,45
10540965,215,09/12/2020 00:00:00,09-Dec-2020 07:09:12,09-Dec-2020 13:27:10,38.1464115652055,590.4,72,14.4,06:17:58,3.1417,4.2570460704607,42.4034576356662,31.2937517351217,31.2937517351217,2,0,45
10540962,215,09/12/2020 00:00:00,09-Dec-2020 07:53:11,09-Dec-2020 14:11:09,38.1464115652055,590.4,72,14.4,06:17:58,3.1417,4.2570460704607,42.4034576356662,31.2937517351217,31.2937517351217,3,0,45
10540966,215,09/12/2020 00:00:00,09-Dec-2020 08:35:47,09-Dec-2020 14:53:45,38.1464115652055,590.4,72,14.4,06:17:58,3.1417,4.2570460704607,42.4034576356662,31.2937517351217,31.2937517351217,4,0,45
10540960,215,09/12/2020 00:00:00,09-Dec-2020 08:36:01,09-Dec-2020 14:54:00,38.1464115652055,590.4,72,14.4,06:17:58,3.1417,4.2570460704607,42.4034576356662,31.2937517351217,31.2937517351217,5,0,45
10540967,215,09/12/2020 00:00:00,09-Dec-2020 08:52:42,09-Dec-2020 15:10:39,38.1464115652055,590.4,72,14.4,06:17:58,3.1417,4.2570460704607,42.4034576356662,31.2937517351217,31.2937517351217,6,0,45
10540963,215,09/12/2020 00:00:00,09-Dec-2020 09:04:20,09-Dec-2020 15:22:18,38.1464115652055,590.4,72,14.4,06:17:58,3.1417,4.2570460704607,42.4034576356662,31.2937517351217,31.2937517351217,7,0,45
10540961,215,09/12/2020 00:00:00,09-Dec-2020 09:11:59,09-Dec-2020 15:29:56,38.1464115652055,590.4,72,14.4,06:17:58,3.1417,4.2570460704607,42.4034576356662,31.2937517351217,31.2937517351217,8,0,45
10540972,215,10/12/2020 00:00:00,10-Dec-2020 07:16:45,10-Dec-2020 13:56:16,40.3505900870731,590.4,72,14.4,06:39:31,3.325,4.50542005420054,44.8560101412736,33.1037354842599,33.1037354842599,1,0,45
10540968,215,10/12/2020 00:00:00,10-Dec-2020 07:21:13,10-Dec-2020 14:00:44,40.3505900870731,590.4,72,14.4,06:39:31,3.325,4.50542005420054,44.8560101412736,33.1037354842599,33.1037354842599,2,0,45
10540970,215,10/12/2020 00:00:00,10-Dec-2020 08:06:21,10-Dec-2020 14:45:52,40.3505900870731,590.4,72,14.4,06:39:31,3.325,4.50542005420054,44.8560101412736,33.1037354842599,33.1037354842599,3,0,45
10540969,215,10/12/2020 00:00:00,10-Dec-2020 08:07:17,10-Dec-2020 14:46:47,40.3505900870731,590.4,72,14.4,06:39:30,3.325,4.50542005420054,44.8560101412736,33.1037354842599,33.1037354842599,4,0,45
10540973,215,10/12/2020 00:00:00,10-Dec-2020 08:28:48,10-Dec-2020 15:08:18,40.3505900870731,590.4,72,14.4,06:39:31,3.325,4.50542005420054,44.8560101412736,33.1037354842599,33.1037354842599,5,0,45
10540971,215,10/12/2020 00:00:00,10-Dec-2020 08:53:00,10-Dec-2020 15:32:31,40.3505900870731,590.4,72,14.4,06:39:31,3.325,4.50542005420054,44.8560101412736,33.1037354842599,33.1037354842599,6,0,45
10540978,215,11/12/2020 00:00:00,11-Dec-2020 07:13:07,11-Dec-2020 13:52:38,40.3505900870731,590.4,72,14.4,06:39:31,3.325,4.50542005420054,44.8560101412736,33.1037354842599,33.1037354842599,1,0,45
10540975,215,11/12/2020 00:00:00,11-Dec-2020 07:13:11,11-Dec-2020 13:52:41,40.3505900870731,590.4,72,14.4,06:39:30,3.325,4.50542005420054,44.8560101412736,33.1037354842599,33.1037354842599,2,0,45
10540976,215,11/12/2020 00:00:00,11-Dec-2020 07:24:16,11-Dec-2020 14:03:46,40.3505900870731,590.4,72,14.4,06:39:31,3.325,4.50542005420054,44.8560101412736,33.1037354842599,33.1037354842599,3,0,45
10540977,215,11/12/2020 00:00:00,11-Dec-2020 09:05:04,11-Dec-2020 15:44:35,40.3505900870731,590.4,72,14.4,06:39:31,3.325,4.50542005420054,44.8560101412736,33.1037354842599,33.1037354842599,4,0,45
10540974,215,11/12/2020 00:00:00,11-Dec-2020 09:21:01,11-Dec-2020 16:00:32,40.3505900870731,590.4,72,14.4,06:39:31,3.325,4.50542005420054,44.8560101412736,33.1037354842599,33.1037354842599,5,0,45
10540979,215,12/12/2020 00:00:00,12-Dec-2020 07:04:31,12-Dec-2020 13:44:02,40.3505900870731,590.4,72,14.4,06:39:31,3.325,4.50542005420054,44.8560101412736,33.1037354842599,33.1037354842599,1,0,45
10540984,215,12/12/2020 00:00:00,12-Dec-2020 07:13:54,12-Dec-2020 13:53:25,40.3505900870731,590.4,72,14.4,06:39:31,3.325,4.50542005420054,44.8560101412736,33.1037354842599,33.1037354842599,2,0,45
10540982,215,12/12/2020 00:00:00,12-Dec-2020 07:39:23,12-Dec-2020 14:18:54,40.3505900870731,590.4,72,14.4,06:39:31,3.325,4.50542005420054,44.8560101412736,33.1037354842599,33.1037354842599,3,0,45
10540980,215,12/12/2020 00:00:00,12-Dec-2020 08:17:41,12-Dec-2020 14:57:11,40.3505900870731,590.4,72,14.4,06:39:31,3.325,4.50542005420054,44.8560101412736,33.1037354842599,33.1037354842599,4,0,45
10540981,215,12/12/2020 00:00:00,12-Dec-2020 08:43:00,12-Dec-2020 15:22:30,40.3505900870731,590.4,72,14.4,06:39:31,3.325,4.50542005420054,44.8560101412736,33.1037354842599,33.1037354842599,5,0,45
10540983,215,12/12/2020 00:00:00,12-Dec-2020 09:06:00,12-Dec-2020 15:45:30,40.3505900870731,590.4,72,14.4,06:39:31,3.325,4.50542005420054,44.8560101412736,33.1037354842599,33.1037354842599,6,0,45
10540988,215,13/12/2020 00:00:00,13-Dec-2020 06:30:41,13-Dec-2020 13:10:13,40.3505900870731,590.4,72,14.4,06:39:31,3.325,4.50542005420054,44.8560101412736,33.1037354842599,33.1037354842599,1,0,45
10540986,215,13/12/2020 00:00:00,13-Dec-2020 06:53:33,13-Dec-2020 13:33:04,40.3505900870731,590.4,72,14.4,06:39:30,3.325,4.50542005420054,44.8560101412736,33.1037354842599,33.1037354842599,2,0,45
10540989,215,13/12/2020 00:00:00,13-Dec-2020 06:57:28,13-Dec-2020 13:36:57,40.3505900870731,590.4,72,14.4,06:39:30,3.325,4.50542005420054,44.8560101412736,33.1037354842599,33.1037354842599,3,0,45
10540985,215,13/12/2020 00:00:00,13-Dec-2020 06:58:29,13-Dec-2020 13:38:01,40.3505900870731,590.4,72,14.4,06:39:31,3.325,4.50542005420054,44.8560101412736,33.1037354842599,33.1037354842599,4,0,45
10540992,215,13/12/2020 00:00:00,13-Dec-2020 07:29:23,13-Dec-2020 14:08:53,40.3505900870731,590.4,72,14.4,06:39:30,3.325,4.50542005420054,44.8560101412736,33.1037354842599,33.1037354842599,5,0,45
10540991,215,13/12/2020 00:00:00,13-Dec-2020 07:56:14,13-Dec-2020 14:35:46,40.3505900870731,590.4,72,14.4,06:39:31,3.325,4.50542005420054,44.8560101412736,33.1037354842599,33.1037354842599,6,0,45
10540990,215,13/12/2020 00:00:00,13-Dec-2020 07:59:51,13-Dec-2020 14:39:22,40.3505900870731,590.4,72,14.4,06:39:31,3.325,4.50542005420054,44.8560101412736,33.1037354842599,33.1037354842599,7,0,45
10540987,215,13/12/2020 00:00:00,13-Dec-2020 08:23:55,13-Dec-2020 15:03:26,40.3505900870731,590.4,72,14.4,06:39:30,3.325,4.50542005420054,44.8560101412736,33.1037354842599,33.1037354842599,8,0,45
10540993,215,13/12/2020 00:00:00,13-Dec-2020 08:28:21,13-Dec-2020 15:07:52,40.3505900870731,590.4,72,14.4,06:39:31,3.325,4.50542005420054,44.8560101412736,33.1037354842599,33.1037354842599,9,0,45
10541001,215,14/12/2020 00:00:00,14-Dec-2020 07:17:14,14-Dec-2020 13:56:45,40.3505900870731,590.4,72,14.4,06:39:31,3.325,4.50542005420054,44.8560101412736,33.1037354842599,33.1037354842599,1,0,45
10540996,215,14/12/2020 00:00:00,14-Dec-2020 07:31:13,14-Dec-2020 14:10:42,40.3505900870731,590.4,72,14.4,06:39:30,3.325,4.50542005420054,44.8560101412736,33.1037354842599,33.1037354842599,2,0,45
10540995,215,14/12/2020 00:00:00,14-Dec-2020 07:40:09,14-Dec-2020 14:19:41,40.3505900870731,590.4,72,14.4,06:39:31,3.325,4.50542005420054,44.8560101412736,33.1037354842599,33.1037354842599,3,0,45
10540994,215,14/12/2020 00:00:00,14-Dec-2020 08:48:00,14-Dec-2020 15:27:30,40.3505900870731,590.4,72,14.4,06:39:30,3.325,4.50542005420054,44.8560101412736,33.1037354842599,33.1037354842599,4,0,45
10540999,215,14/12/2020 00:00:00,14-Dec-2020 08:53:10,14-Dec-2020 15:32:40,40.3505900870731,590.4,72,14.4,06:39:31,3.325,4.50542005420054,44.8560101412736,33.1037354842599,33.1037354842599,5,0,45
10541000,215,14/12/2020 00:00:00,14-Dec-2020 08:59:44,14-Dec-2020 15:39:13,40.3505900870731,590.4,72,14.4,06:39:30,3.325,4.50542005420054,44.8560101412736,33.1037354842599,33.1037354842599,6,0,45
10540998,215,14/12/2020 00:00:00,14-Dec-2020 09:04:39,14-Dec-2020 15:44:09,40.3505900870731,590.4,72,14.4,06:39:31,3.325,4.50542005420054,44.8560101412736,33.1037354842599,33.1037354842599,7,0,45
10540997,215,14/12/2020 00:00:00,14-Dec-2020 09:13:32,14-Dec-2020 15:53:03,40.3505900870731,590.4,72,14.4,06:39:31,3.325,4.50542005420054,44.8560101412736,33.1037354842599,33.1037354842599,8,0,45
10541008,215,15/12/2020 00:00:00,15-Dec-2020 06:35:23,15-Dec-2020 13:14:55,40.3505900870731,590.4,72,14.4,06:39:31,3.325,4.50542005420054,44.8560101412736,33.1037354842599,33.1037354842599,1,0,45
10541004,215,15/12/2020 00:00:00,15-Dec-2020 07:14:36,15-Dec-2020 13:54:07,40.3505900870731,590.4,72,14.4,06:39:31,3.325,4.50542005420054,44.8560101412736,33.1037354842599,33.1037354842599,2,0,45
10541007,215,15/12/2020 00:00:00,15-Dec-2020 07:22:18,15-Dec-2020 14:01:47,40.3505900870731,590.4,72,14.4,06:39:30,3.325,4.50542005420054,44.8560101412736,33.1037354842599,33.1037354842599,3,0,45
10541002,215,15/12/2020 00:00:00,15-Dec-2020 07:31:07,15-Dec-2020 14:10:38,40.3505900870731,590.4,72,14.4,06:39:31,3.325,4.50542005420054,44.8560101412736,33.1037354842599,33.1037354842599,4,0,45
10541003,215,15/12/2020 00:00:00,15-Dec-2020 07:59:19,15-Dec-2020 14:38:50,40.3505900870731,590.4,72,14.4,06:39:30,3.325,4.50542005420054,44.8560101412736,33.1037354842599,33.1037354842599,5,0,45
10541006,215,15/12/2020 00:00:00,15-Dec-2020 08:07:32,15-Dec-2020 14:47:02,40.3505900870731,590.4,72,14.4,06:39:30,3.325,4.50542005420054,44.8560101412736,33.1037354842599,33.1037354842599,6,0,45
10541005,215,15/12/2020 00:00:00,15-Dec-2020 09:05:57,15-Dec-2020 15:45:29,40.3505900870731,590.4,72,14.4,06:39:31,3.325,4.50542005420054,44.8560101412736,33.1037354842599,33.1037354842599,7,0,45
10541014,215,16/12/2020 00:00:00,16-Dec-2020 07:01:20,16-Dec-2020 13:40:51,40.3505900870731,590.4,72,14.4,06:39:30,3.325,4.50542005420054,44.8560101412736,33.1037354842599,33.1037354842599,1,0,45
10541012,215,16/12/2020 00:00:00,16-Dec-2020 07:31:53,16-Dec-2020 14:11:25,40.3505900870731,590.4,72,14.4,06:39:31,3.325,4.50542005420054,44.8560101412736,33.1037354842599,33.1037354842599,2,0,45
10541015,215,16/12/2020 00:00:00,16-Dec-2020 08:19:09,16-Dec-2020 14:58:39,40.3505900870731,590.4,72,14.4,06:39:31,3.325,4.50542005420054,44.8560101412736,33.1037354842599,33.1037354842599,3,0,45
10541009,215,16/12/2020 00:00:00,16-Dec-2020 08:41:41,16-Dec-2020 15:21:10,40.3505900870731,590.4,72,14.4,06:39:30,3.325,4.50542005420054,44.8560101412736,33.1037354842599,33.1037354842599,4,0,45
10541011,215,16/12/2020 00:00:00,16-Dec-2020 09:11:33,16-Dec-2020 15:51:04,40.3505900870731,590.4,72,14.4,06:39:31,3.325,4.50542005420054,44.8560101412736,33.1037354842599,33.1037354842599,5,0,45
10541010,215,16/12/2020 00:00:00,16-Dec-2020 09:15:36,16-Dec-2020 15:55:08,40.3505900870731,590.4,72,14.4,06:39:31,3.325,4.50542005420054,44.8560101412736,33.1037354842599,33.1037354842599,6,0,45
10541013,215,16/12/2020 00:00:00,16-Dec-2020 09:18:19,16-Dec-2020 15:57:51,40.3505900870731,590.4,72,14.4,06:39:31,3.325,4.50542005420054,44.8560101412736,33.1037354842599,33.1037354842599,7,0,45
10541022,215,17/12/2020 00:00:00,17-Dec-2020 06:32:59,17-Dec-2020 12:51:26,36.806007240809,590.4,72,14.4,06:18:28,3.15,4.26829268292683,41.0742999237358,30.312833343717,30.312833343717,1,0,45
10541024,215,17/12/2020 00:00:00,17-Dec-2020 06:44:01,17-Dec-2020 13:02:30,36.806007240809,590.4,72,14.4,06:18:29,3.15,4.26829268292683,41.0742999237358,30.312833343717,30.312833343717,2,0,45
10541021,215,17/12/2020 00:00:00,17-Dec-2020 06:47:00,17-Dec-2020 13:05:30,36.806007240809,590.4,72,14.4,06:18:29,3.15,4.26829268292683,41.0742999237358,30.312833343717,30.312833343717,3,0,45
10541017,215,17/12/2020 00:00:00,17-Dec-2020 06:57:12,17-Dec-2020 13:15:40,36.806007240809,590.4,72,14.4,06:18:28,3.15,4.26829268292683,41.0742999237358,30.312833343717,30.312833343717,4,0,45
10541016,215,17/12/2020 00:00:00,17-Dec-2020 07:02:57,17-Dec-2020 13:21:26,36.806007240809,590.4,72,14.4,06:18:28,3.15,4.26829268292683,41.0742999237358,30.312833343717,30.312833343717,5,0,45
10541019,215,17/12/2020 00:00:00,17-Dec-2020 07:20:59,17-Dec-2020 13:39:28,36.806007240809,590.4,72,14.4,06:18:28,3.15,4.26829268292683,41.0742999237358,30.312833343717,30.312833343717,6,0,45
10541023,215,17/12/2020 00:00:00,17-Dec-2020 08:02:23,17-Dec-2020 14:20:52,36.806007240809,590.4,72,14.4,06:18:29,3.15,4.26829268292683,41.0742999237358,30.312833343717,30.312833343717,7,0,45
10541018,215,17/12/2020 00:00:00,17-Dec-2020 08:06:07,17-Dec-2020 14:24:37,36.806007240809,590.4,72,14.4,06:18:29,3.15,4.26829268292683,41.0742999237358,30.312833343717,30.312833343717,8,0,45
10541020,215,17/12/2020 00:00:00,17-Dec-2020 08:26:22,17-Dec-2020 14:44:51,36.806007240809,590.4,72,14.4,06:18:29,3.15,4.26829268292683,41.0742999237358,30.312833343717,30.312833343717,9,0,45
10541029,215,18/12/2020 00:00:00,18-Dec-2020 06:34:23,18-Dec-2020 12:52:52,36.806007240809,590.4,72,14.4,06:18:28,3.15,4.26829268292683,41.0742999237358,30.312833343717,30.312833343717,1,0,45
10541025,215,18/12/2020 00:00:00,18-Dec-2020 06:42:25,18-Dec-2020 13:00:54,36.806007240809,590.4,72,14.4,06:18:29,3.15,4.26829268292683,41.0742999237358,30.312833343717,30.312833343717,2,0,45
10541028,215,18/12/2020 00:00:00,18-Dec-2020 07:35:07,18-Dec-2020 13:53:36,36.806007240809,590.4,72,14.4,06:18:29,3.15,4.26829268292683,41.0742999237358,30.312833343717,30.312833343717,3,0,45
10541032,215,18/12/2020 00:00:00,18-Dec-2020 07:37:30,18-Dec-2020 13:55:58,36.806007240809,590.4,72,14.4,06:18:29,3.15,4.26829268292683,41.0742999237358,30.312833343717,30.312833343717,4,0,45
10541026,215,18/12/2020 00:00:00,18-Dec-2020 08:05:11,18-Dec-2020 14:23:40,36.806007240809,590.4,72,14.4,06:18:29,3.15,4.26829268292683,41.0742999237358,30.312833343717,30.312833343717,5,0,45
10541033,215,18/12/2020 00:00:00,18-Dec-2020 08:19:42,18-Dec-2020 14:38:10,36.806007240809,590.4,72,14.4,06:18:28,3.15,4.26829268292683,41.0742999237358,30.312833343717,30.312833343717,6,0,45
10541027,215,18/12/2020 00:00:00,18-Dec-2020 08:22:55,18-Dec-2020 14:41:25,36.806007240809,590.4,72,14.4,06:18:29,3.15,4.26829268292683,41.0742999237358,30.312833343717,30.312833343717,7,0,45
10541031,215,18/12/2020 00:00:00,18-Dec-2020 08:23:00,18-Dec-2020 14:41:28,36.806007240809,590.4,72,14.4,06:18:29,3.15,4.26829268292683,41.0742999237358,30.312833343717,30.312833343717,8,0,45
10541030,215,18/12/2020 00:00:00,18-Dec-2020 08:29:28,18-Dec-2020 14:47:58,36.806007240809,590.4,72,14.4,06:18:29,3.15,4.26829268292683,41.0742999237358,30.312833343717,30.312833343717,9,0,45
10541040,215,19/12/2020 00:00:00,19-Dec-2020 06:46:27,19-Dec-2020 13:04:55,36.806007240809,590.4,72,14.4,06:18:28,3.15,4.26829268292683,41.0742999237358,30.312833343717,30.312833343717,1,0,45
10541038,215,19/12/2020 00:00:00,19-Dec-2020 06:51:38,19-Dec-2020 13:10:06,36.806007240809,590.4,72,14.4,06:18:29,3.15,4.26829268292683,41.0742999237358,30.312833343717,30.312833343717,2,0,45
10541036,215,19/12/2020 00:00:00,19-Dec-2020 07:01:40,19-Dec-2020 13:20:07,36.806007240809,590.4,72,14.4,06:18:28,3.15,4.26829268292683,41.0742999237358,30.312833343717,30.312833343717,3,0,45
10541039,215,19/12/2020 00:00:00,19-Dec-2020 07:15:25,19-Dec-2020 13:33:55,36.806007240809,590.4,72,14.4,06:18:29,3.15,4.26829268292683,41.0742999237358,30.312833343717,30.312833343717,4,0,45
10541041,215,19/12/2020 00:00:00,19-Dec-2020 07:29:29,19-Dec-2020 13:47:56,36.806007240809,590.4,72,14.4,06:18:28,3.15,4.26829268292683,41.0742999237358,30.312833343717,30.312833343717,5,0,45
10541035,215,19/12/2020 00:00:00,19-Dec-2020 07:34:19,19-Dec-2020 13:52:48,36.806007240809,590.4,72,14.4,06:18:29,3.15,4.26829268292683,41.0742999237358,30.312833343717,30.312833343717,6,0,45
10541037,215,19/12/2020 00:00:00,19-Dec-2020 07:49:41,19-Dec-2020 14:08:10,36.806007240809,590.4,72,14.4,06:18:28,3.15,4.26829268292683,41.0742999237358,30.312833343717,30.312833343717,7,0,45
10541034,215,19/12/2020 00:00:00,19-Dec-2020 08:08:58,19-Dec-2020 14:27:28,36.806007240809,590.4,72,14.4,06:18:29,3.15,4.26829268292683,41.0742999237358,30.312833343717,30.312833343717,8,0,45
10541042,215,19/12/2020 00:00:00,19-Dec-2020 08:11:46,19-Dec-2020 14:30:14,36.806007240809,590.4,72,14.4,06:18:29,3.15,4.26829268292683,41.0742999237358,30.312833343717,30.312833343717,9,0,45
10541048,215,20/12/2020 00:00:00,20-Dec-2020 06:54:59,20-Dec-2020 13:13:27,36.806007240809,590.4,72,14.4,06:18:29,3.15,4.26829268292683,41.0742999237358,30.312833343717,30.312833343717,1,0,45
10541046,215,20/12/2020 00:00:00,20-Dec-2020 06:59:21,20-Dec-2020 13:17:50,36.806007240809,590.4,72,14.4,06:18:28,3.15,4.26829268292683,41.0742999237358,30.312833343717,30.312833343717,2,0,45
10541043,215,20/12/2020 00:00:00,20-Dec-2020 07:04:55,20-Dec-2020 13:23:24,36.806007240809,590.4,72,14.4,06:18:29,3.15,4.26829268292683,41.0742999237358,30.312833343717,30.312833343717,3,0,45
10541049,215,20/12/2020 00:00:00,20-Dec-2020 07:14:33,20-Dec-2020 13:33:02,36.806007240809,590.4,72,14.4,06:18:29,3.15,4.26829268292683,41.0742999237358,30.312833343717,30.312833343717,4,0,45
10541051,215,20/12/2020 00:00:00,20-Dec-2020 07:50:17,20-Dec-2020 14:08:46,36.806007240809,590.4,72,14.4,06:18:29,3.15,4.26829268292683,41.0742999237358,30.312833343717,30.312833343717,5,0,45
10541050,215,20/12/2020 00:00:00,20-Dec-2020 07:52:44,20-Dec-2020 14:11:11,36.806007240809,590.4,72,14.4,06:18:28,3.15,4.26829268292683,41.0742999237358,30.312833343717,30.312833343717,6,0,45
10541045,215,20/12/2020 00:00:00,20-Dec-2020 08:04:44,20-Dec-2020 14:23:13,36.806007240809,590.4,72,14.4,06:18:29,3.15,4.26829268292683,41.0742999237358,30.312833343717,30.312833343717,7,0,45
10541044,215,20/12/2020 00:00:00,20-Dec-2020 08:10:00,20-Dec-2020 14:28:29,36.806007240809,590.4,72,14.4,06:18:29,3.15,4.26829268292683,41.0742999237358,30.312833343717,30.312833343717,8,0,45
10541047,215,20/12/2020 00:00:00,20-Dec-2020 08:14:22,20-Dec-2020 14:32:49,36.806007240809,590.4,72,14.4,06:18:28,3.15,4.26829268292683,41.0742999237358,30.312833343717,30.312833343717,9,0,45
10541056,215,21/12/2020 00:00:00,21-Dec-2020 06:49:36,21-Dec-2020 13:08:06,36.806007240809,590.4,72,14.4,06:18:29,3.15,4.26829268292683,41.0742999237358,30.312833343717,30.312833343717,1,0,45
10541054,215,21/12/2020 00:00:00,21-Dec-2020 07:08:15,21-Dec-2020 13:26:44,36.806007240809,590.4,72,14.4,06:18:29,3.15,4.26829268292683,41.0742999237358,30.312833343717,30.312833343717,2,0,45
10541060,215,21/12/2020 00:00:00,21-Dec-2020 07:27:36,21-Dec-2020 13:46:04,36.806007240809,590.4,72,14.4,06:18:28,3.15,4.26829268292683,41.0742999237358,30.312833343717,30.312833343717,3,0,45
10541053,215,21/12/2020 00:00:00,21-Dec-2020 07:40:36,21-Dec-2020 13:59:04,36.806007240809,590.4,72,14.4,06:18:29,3.15,4.26829268292683,41.0742999237358,30.312833343717,30.312833343717,4,0,45
10541059,215,21/12/2020 00:00:00,21-Dec-2020 07:52:27,21-Dec-2020 14:10:55,36.806007240809,590.4,72,14.4,06:18:28,3.15,4.26829268292683,41.0742999237358,30.312833343717,30.312833343717,5,0,45
10541055,215,21/12/2020 00:00:00,21-Dec-2020 08:03:54,21-Dec-2020 14:22:24,36.806007240809,590.4,72,14.4,06:18:29,3.15,4.26829268292683,41.0742999237358,30.312833343717,30.312833343717,6,0,45
10541058,215,21/12/2020 00:00:00,21-Dec-2020 08:07:13,21-Dec-2020 14:25:41,36.806007240809,590.4,72,14.4,06:18:28,3.15,4.26829268292683,41.0742999237358,30.312833343717,30.312833343717,7,0,45
10541052,215,21/12/2020 00:00:00,21-Dec-2020 08:24:18,21-Dec-2020 14:42:47,36.806007240809,590.4,72,14.4,06:18:28,3.15,4.26829268292683,41.0742999237358,30.312833343717,30.312833343717,8,0,45
10541057,215,21/12/2020 00:00:00,21-Dec-2020 08:25:27,21-Dec-2020 14:43:56,36.806007240809,590.4,72,14.4,06:18:29,3.15,4.26829268292683,41.0742999237358,30.312833343717,30.312833343717,9,0,45
10541068,215,22/12/2020 00:00:00,22-Dec-2020 07:06:53,22-Dec-2020 13:25:21,36.806007240809,590.4,72,14.4,06:18:28,3.15,4.26829268292683,41.0742999237358,30.312833343717,30.312833343717,1,0,45
10541061,215,22/12/2020 00:00:00,22-Dec-2020 07:14:04,22-Dec-2020 13:32:33,36.806007240809,590.4,72,14.4,06:18:29,3.15,4.26829268292683,41.0742999237358,30.312833343717,30.312833343717,2,0,45
10541066,215,22/12/2020 00:00:00,22-Dec-2020 07:19:26,22-Dec-2020 13:37:54,36.806007240809,590.4,72,14.4,06:18:28,3.15,4.26829268292683,41.0742999237358,30.312833343717,30.312833343717,3,0,45
10541069,215,22/12/2020 00:00:00,22-Dec-2020 07:23:52,22-Dec-2020 13:42:21,36.806007240809,590.4,72,14.4,06:18:29,3.15,4.26829268292683,41.0742999237358,30.312833343717,30.312833343717,4,0,45
10541063,215,22/12/2020 00:00:00,22-Dec-2020 07:27:35,22-Dec-2020 13:46:03,36.806007240809,590.4,72,14.4,06:18:28,3.15,4.26829268292683,41.0742999237358,30.312833343717,30.312833343717,5,0,45
10541065,215,22/12/2020 00:00:00,22-Dec-2020 08:04:19,22-Dec-2020 14:22:47,36.806007240809,590.4,72,14.4,06:18:28,3.15,4.26829268292683,41.0742999237358,30.312833343717,30.312833343717,6,0,45
10541067,215,22/12/2020 00:00:00,22-Dec-2020 08:07:54,22-Dec-2020 14:26:22,36.806007240809,590.4,72,14.4,06:18:28,3.15,4.26829268292683,41.0742999237358,30.312833343717,30.312833343717,7,0,45
10541064,215,22/12/2020 00:00:00,22-Dec-2020 08:20:53,22-Dec-2020 14:39:22,36.806007240809,590.4,72,14.4,06:18:29,3.15,4.26829268292683,41.0742999237358,30.312833343717,30.312833343717,8,0,45
10541062,215,22/12/2020 00:00:00,22-Dec-2020 08:25:53,22-Dec-2020 14:44:23,36.806007240809,590.4,72,14.4,06:18:29,3.15,4.26829268292683,41.0742999237358,30.312833343717,30.312833343717,9,0,45
10541074,215,23/12/2020 00:00:00,23-Dec-2020 06:33:13,23-Dec-2020 12:51:41,36.806007240809,590.4,72,14.4,06:18:28,3.15,4.26829268292683,41.0742999237358,30.312833343717,30.312833343717,1,0,45
10541071,215,23/12/2020 00:00:00,23-Dec-2020 06:55:13,23-Dec-2020 13:13:41,36.806007240809,590.4,72,14.4,06:18:28,3.15,4.26829268292683,41.0742999237358,30.312833343717,30.312833343717,2,0,45
10541075,215,23/12/2020 00:00:00,23-Dec-2020 07:01:02,23-Dec-2020 13:19:30,36.806007240809,590.4,72,14.4,06:18:28,3.15,4.26829268292683,41.0742999237358,30.312833343717,30.312833343717,3,0,45
10541070,215,23/12/2020 00:00:00,23-Dec-2020 07:17:27,23-Dec-2020 13:35:55,36.806007240809,590.4,72,14.4,06:18:28,3.15,4.26829268292683,41.0742999237358,30.312833343717,30.312833343717,4,0,45
10541072,215,23/12/2020 00:00:00,23-Dec-2020 07:27:46,23-Dec-2020 13:46:15,36.806007240809,590.4,72,14.4,06:18:29,3.15,4.26829268292683,41.0742999237358,30.312833343717,30.312833343717,5,0,45
10541073,215,23/12/2020 00:00:00,23-Dec-2020 07:44:28,23-Dec-2020 14:02:57,36.806007240809,590.4,72,14.4,06:18:29,3.15,4.26829268292683,41.0742999237358,30.312833343717,30.312833343717,6,0,45
10541078,215,23/12/2020 00:00:00,23-Dec-2020 08:00:40,23-Dec-2020 14:19:09,36.806007240809,590.4,72,14.4,06:18:28,3.15,4.26829268292683,41.0742999237358,30.312833343717,30.312833343717,7,0,45
10541076,215,23/12/2020 00:00:00,23-Dec-2020 08:02:07,23-Dec-2020 14:20:35,36.806007240809,590.4,72,14.4,06:18:29,3.15,4.26829268292683,41.0742999237358,30.312833343717,30.312833343717,8,0,45
10541077,215,23/12/2020 00:00:00,23-Dec-2020 08:21:22,23-Dec-2020 14:39:50,36.806007240809,590.4,72,14.4,06:18:28,3.15,4.26829268292683,41.0742999237358,30.312833343717,30.312833343717,9,0,45
10541082,215,24/12/2020 00:00:00,24-Dec-2020 07:42:07,24-Dec-2020 13:28:07,34.1668602398941,590.4,72,14.4,05:46:00,2.8833,3.90691056910569,38.0737708089998,28.0984428570418,28.0984428570418,1,0,45
10541084,215,24/12/2020 00:00:00,24-Dec-2020 07:47:11,24-Dec-2020 13:33:12,34.1668602398941,590.4,72,14.4,05:46:01,2.8833,3.90691056910569,38.0737708089998,28.0984428570418,28.0984428570418,2,0,45
10541081,215,24/12/2020 00:00:00,24-Dec-2020 07:56:40,24-Dec-2020 13:42:40,34.1668602398941,590.4,72,14.4,05:46:00,2.8833,3.90691056910569,38.0737708089998,28.0984428570418,28.0984428570418,3,0,45
10541083,215,24/12/2020 00:00:00,24-Dec-2020 08:44:16,24-Dec-2020 14:30:17,34.1668602398941,590.4,72,14.4,05:46:01,2.8833,3.90691056910569,38.0737708089998,28.0984428570418,28.0984428570418,4,0,45
10541080,215,24/12/2020 00:00:00,24-Dec-2020 08:52:38,24-Dec-2020 14:38:37,34.1668602398941,590.4,72,14.4,05:46:00,2.8833,3.90691056910569,38.0737708089998,28.0984428570418,28.0984428570418,5,0,45
10541079,215,24/12/2020 00:00:00,24-Dec-2020 09:26:51,24-Dec-2020 15:12:52,34.1668602398941,590.4,72,14.4,05:46:01,2.8833,3.90691056910569,38.0737708089998,28.0984428570418,28.0984428570418,6,0,45
10541089,215,25/12/2020 00:00:00,25-Dec-2020 07:35:33,25-Dec-2020 13:21:33,34.1668602398941,590.4,72,14.4,05:46:00,2.8833,3.90691056910569,38.0737708089998,28.0984428570418,28.0984428570418,1,0,45
10541088,215,25/12/2020 00:00:00,25-Dec-2020 07:47:54,25-Dec-2020 13:33:54,34.1668602398941,590.4,72,14.4,05:46:00,2.8833,3.90691056910569,38.0737708089998,28.0984428570418,28.0984428570418,2,0,45
10541087,215,25/12/2020 00:00:00,25-Dec-2020 07:51:15,25-Dec-2020 13:37:15,34.1668602398941,590.4,72,14.4,05:46:00,2.8833,3.90691056910569,38.0737708089998,28.0984428570418,28.0984428570418,3,0,45
10541085,215,25/12/2020 00:00:00,25-Dec-2020 07:52:53,25-Dec-2020 13:38:54,34.1668602398941,590.4,72,14.4,05:46:01,2.8833,3.90691056910569,38.0737708089998,28.0984428570418,28.0984428570418,4,0,45
10541086,215,25/12/2020 00:00:00,25-Dec-2020 08:42:27,25-Dec-2020 14:28:29,34.1668602398941,590.4,72,14.4,05:46:01,2.8833,3.90691056910569,38.0737708089998,28.0984428570418,28.0984428570418,5,0,45
10541092,215,26/12/2020 00:00:00,26-Dec-2020 06:37:41,26-Dec-2020 12:23:42,34.1668602398941,590.4,72,14.4,05:46:01,2.8833,3.90691056910569,38.0737708089998,28.0984428570418,28.0984428570418,1,0,45
10541091,215,26/12/2020 00:00:00,26-Dec-2020 07:04:14,26-Dec-2020 12:50:13,34.1668602398941,590.4,72,14.4,05:46:00,2.8833,3.90691056910569,38.0737708089998,28.0984428570418,28.0984428570418,2,0,45
10541095,215,26/12/2020 00:00:00,26-Dec-2020 07:45:45,26-Dec-2020 13:31:45,34.1668602398941,590.4,72,14.4,05:46:01,2.8833,3.90691056910569,38.0737708089998,28.0984428570418,28.0984428570418,3,0,45
10541093,215,26/12/2020 00:00:00,26-Dec-2020 07:48:56,26-Dec-2020 13:34:57,34.1668602398941,590.4,72,14.4,05:46:01,2.8833,3.90691056910569,38.0737708089998,28.0984428570418,28.0984428570418,4,0,45
10541090,215,26/12/2020 00:00:00,26-Dec-2020 08:44:34,26-Dec-2020 14:30:35,34.1668602398941,590.4,72,14.4,05:46:00,2.8833,3.90691056910569,38.0737708089998,28.0984428570418,28.0984428570418,5,0,45
10541094,215,26/12/2020 00:00:00,26-Dec-2020 08:58:46,26-Dec-2020 14:44:46,34.1668602398941,590.4,72,14.4,05:46:00,2.8833,3.90691056910569,38.0737708089998,28.0984428570418,28.0984428570418,6,0,45
10541103,215,27/12/2020 00:00:00,27-Dec-2020 06:30:02,27-Dec-2020 12:16:02,34.1668602398941,590.4,72,14.4,05:46:00,2.8833,3.90691056910569,38.0737708089998,28.0984428570418,28.0984428570418,1,0,45
10541104,215,27/12/2020 00:00:00,27-Dec-2020 06:35:23,27-Dec-2020 12:21:24,34.1668602398941,590.4,72,14.4,05:46:01,2.8833,3.90691056910569,38.0737708089998,28.0984428570418,28.0984428570418,2,0,45
10541098,215,27/12/2020 00:00:00,27-Dec-2020 06:50:03,27-Dec-2020 12:36:04,34.1668602398941,590.4,72,14.4,05:46:01,2.8833,3.90691056910569,38.0737708089998,28.0984428570418,28.0984428570418,3,0,45
10541099,215,27/12/2020 00:00:00,27-Dec-2020 06:50:34,27-Dec-2020 12:36:35,34.1668602398941,590.4,72,14.4,05:46:00,2.8833,3.90691056910569,38.0737708089998,28.0984428570418,28.0984428570418,4,0,45
10541102,215,27/12/2020 00:00:00,27-Dec-2020 06:54:44,27-Dec-2020 12:40:44,34.1668602398941,590.4,72,14.4,05:46:00,2.8833,3.90691056910569,38.0737708089998,28.0984428570418,28.0984428570418,5,0,45
10541097,215,27/12/2020 00:00:00,27-Dec-2020 07:44:21,27-Dec-2020 13:30:22,34.1668602398941,590.4,72,14.4,05:46:01,2.8833,3.90691056910569,38.0737708089998,28.0984428570418,28.0984428570418,6,0,45
10541101,215,27/12/2020 00:00:00,27-Dec-2020 07:45:54,27-Dec-2020 13:31:53,34.1668602398941,590.4,72,14.4,05:46:00,2.8833,3.90691056910569,38.0737708089998,28.0984428570418,28.0984428570418,7,0,45
10541096,215,27/12/2020 00:00:00,27-Dec-2020 07:50:21,27-Dec-2020 13:36:20,34.1668602398941,590.4,72,14.4,05:46:00,2.8833,3.90691056910569,38.0737708089998,28.0984428570418,28.0984428570418,8,0,45
10541100,215,27/12/2020 00:00:00,27-Dec-2020 07:51:31,27-Dec-2020 13:37:32,34.1668602398941,590.4,72,14.4,05:46:00,2.8833,3.90691056910569,38.0737708089998,28.0984428570418,28.0984428570418,9,0,45
10541107,215,28/12/2020 00:00:00,28-Dec-2020 07:16:44,28-Dec-2020 13:02:45,34.1668602398941,590.4,72,14.4,05:46:01,2.8833,3.90691056910569,38.0737708089998,28.0984428570418,28.0984428570418,1,0,45
10541110,215,28/12/2020 00:00:00,28-Dec-2020 07:17:56,28-Dec-2020 13:03:55,34.1668602398941,590.4,72,14.4,05:46:00,2.8833,3.90691056910569,38.0737708089998,28.0984428570418,28.0984428570418,2,0,45
10541105,215,28/12/2020 00:00:00,28-Dec-2020 07:26:21,28-Dec-2020 13:12:20,34.1668602398941,590.4,72,14.4,05:46:00,2.8833,3.90691056910569,38.0737708089998,28.0984428570418,28.0984428570418,3,0,45
10541109,215,28/12/2020 00:00:00,28-Dec-2020 07:35:03,28-Dec-2020 13:21:04,34.1668602398941,590.4,72,14.4,05:46:01,2.8833,3.90691056910569,38.0737708089998,28.0984428570418,28.0984428570418,4,0,45
10541108,215,28/12/2020 00:00:00,28-Dec-2020 07:49:44,28-Dec-2020 13:35:44,34.1668602398941,590.4,72,14.4,05:46:00,2.8833,3.90691056910569,38.0737708089998,28.0984428570418,28.0984428570418,5,0,45
10541112,215,28/12/2020 00:00:00,28-Dec-2020 08:06:39,28-Dec-2020 13:52:39,34.1668602398941,590.4,72,14.4,05:46:01,2.8833,3.90691056910569,38.0737708089998,28.0984428570418,28.0984428570418,6,0,45
10541111,215,28/12/2020 00:00:00,28-Dec-2020 08:14:28,28-Dec-2020 14:00:28,34.1668602398941,590.4,72,14.4,05:46:00,2.8833,3.90691056910569,38.0737708089998,28.0984428570418,28.0984428570418,7,0,45
10541106,215,28/12/2020 00:00:00,28-Dec-2020 08:20:09,28-Dec-2020 14:06:09,34.1668602398941,590.4,72,14.4,05:46:00,2.8833,3.90691056910569,38.0737708089998,28.0984428570418,28.0984428570418,8,0,45
10541119,215,29/12/2020 00:00:00,29-Dec-2020 07:05:49,29-Dec-2020 12:51:48,34.1668602398941,590.4,72,14.4,05:46:00,2.8833,3.90691056910569,38.0737708089998,28.0984428570418,28.0984428570418,1,0,45
10541116,215,29/12/2020 00:00:00,29-Dec-2020 07:23:16,29-Dec-2020 13:09:15,34.1668602398941,590.4,72,14.4,05:46:00,2.8833,3.90691056910569,38.0737708089998,28.0984428570418,28.0984428570418,2,0,45
10541113,215,29/12/2020 00:00:00,29-Dec-2020 07:34:57,29-Dec-2020 13:20:59,34.1668602398941,590.4,72,14.4,05:46:01,2.8833,3.90691056910569,38.0737708089998,28.0984428570418,28.0984428570418,3,0,45
10541118,215,29/12/2020 00:00:00,29-Dec-2020 07:35:25,29-Dec-2020 13:21:25,34.1668602398941,590.4,72,14.4,05:46:00,2.8833,3.90691056910569,38.0737708089998,28.0984428570418,28.0984428570418,4,0,45
10541117,215,29/12/2020 00:00:00,29-Dec-2020 07:41:23,29-Dec-2020 13:27:25,34.1668602398941,590.4,72,14.4,05:46:01,2.8833,3.90691056910569,38.0737708089998,28.0984428570418,28.0984428570418,5,0,45
10541114,215,29/12/2020 00:00:00,29-Dec-2020 08:17:36,29-Dec-2020 14:03:37,34.1668602398941,590.4,72,14.4,05:46:00,2.8833,3.90691056910569,38.0737708089998,28.0984428570418,28.0984428570418,6,0,45
10541115,215,29/12/2020 00:00:00,29-Dec-2020 09:10:28,29-Dec-2020 14:56:28,34.1668602398941,590.4,72,14.4,05:46:00,2.8833,3.90691056910569,38.0737708089998,28.0984428570418,28.0984428570418,7,0,45
10541121,215,30/12/2020 00:00:00,30-Dec-2020 06:36:37,30-Dec-2020 12:22:38,34.1668602398941,590.4,72,14.4,05:46:01,2.8833,3.90691056910569,38.0737708089998,28.0984428570418,28.0984428570418,1,0,45
10541120,215,30/12/2020 00:00:00,30-Dec-2020 06:38:53,30-Dec-2020 12:24:52,34.1668602398941,590.4,72,14.4,05:46:00,2.8833,3.90691056910569,38.0737708089998,28.0984428570418,28.0984428570418,2,0,45
10541122,215,30/12/2020 00:00:00,30-Dec-2020 06:46:58,30-Dec-2020 12:32:59,34.1668602398941,590.4,72,14.4,05:46:01,2.8833,3.90691056910569,38.0737708089998,28.0984428570418,28.0984428570418,3,0,45
10541124,215,30/12/2020 00:00:00,30-Dec-2020 07:03:06,30-Dec-2020 12:49:05,34.1668602398941,590.4,72,14.4,05:46:00,2.8833,3.90691056910569,38.0737708089998,28.0984428570418,28.0984428570418,4,0,45
10541125,215,30/12/2020 00:00:00,30-Dec-2020 07:08:41,30-Dec-2020 12:54:40,34.1668602398941,590.4,72,14.4,05:46:00,2.8833,3.90691056910569,38.0737708089998,28.0984428570418,28.0984428570418,5,0,45
10541126,215,30/12/2020 00:00:00,30-Dec-2020 07:44:18,30-Dec-2020 13:30:19,34.1668602398941,590.4,72,14.4,05:46:01,2.8833,3.90691056910569,38.0737708089998,28.0984428570418,28.0984428570418,6,0,45
10541123,215,30/12/2020 00:00:00,30-Dec-2020 09:17:32,30-Dec-2020 15:03:33,34.1668602398941,590.4,72,14.4,05:46:01,2.8833,3.90691056910569,38.0737708089998,28.0984428570418,28.0984428570418,7,0,45
10541127,215,31/12/2020 00:00:00,31-Dec-2020 08:58:27,31-Dec-2020 15:10:22,38.8686321657435,590.4,72,14.4,06:11:55,3.0917,4.18929539295393,43.0579275586974,31.7767505383187,31.7767505383187,1,0,45
10541128,215,31/12/2020 00:00:00,31-Dec-2020 09:11:11,31-Dec-2020 15:23:05,38.8686321657435,590.4,72,14.4,06:11:54,3.0917,4.18929539295393,43.0579275586974,31.7767505383187,31.7767505383187,2,0,45
10541131,215,01/01/2021 00:00:00,01-Jan-2021 06:38:35,01-Jan-2021 12:32:17,36.2387628783571,590.4,72,14.4,05:53:43,2.9417,3.9860433604336,40.2248062387907,29.6859070042275,29.6859070042275,1,0,45
10541129,215,01/01/2021 00:00:00,01-Jan-2021 07:06:49,01-Jan-2021 13:00:32,36.2387628783571,590.4,72,14.4,05:53:43,2.9417,3.9860433604336,40.2248062387907,29.6859070042275,29.6859070042275,2,0,45
10541130,215,01/01/2021 00:00:00,01-Jan-2021 08:59:41,01-Jan-2021 14:53:24,36.2387628783571,590.4,72,14.4,05:53:43,2.9417,3.9860433604336,40.2248062387907,29.6859070042275,29.6859070042275,3,0,45
10541132,215,01/01/2021 00:00:00,01-Jan-2021 09:08:10,01-Jan-2021 15:01:52,36.2387628783571,590.4,72,14.4,05:53:43,2.9417,3.9860433604336,40.2248062387907,29.6859070042275,29.6859070042275,4,0,45
10541133,215,01/01/2021 00:00:00,01-Jan-2021 09:19:39,01-Jan-2021 15:13:22,36.2387628783571,590.4,72,14.4,05:53:43,2.9417,3.9860433604336,40.2248062387907,29.6859070042275,29.6859070042275,5,0,45
10541135,215,02/01/2021 00:00:00,02-Jan-2021 08:13:50,02-Jan-2021 14:07:33,36.2387628783571,590.4,72,14.4,05:53:43,2.9417,3.9860433604336,40.2248062387907,29.6859070042275,29.6859070042275,1,0,45
10541136,215,02/01/2021 00:00:00,02-Jan-2021 08:21:40,02-Jan-2021 14:15:23,36.2387628783571,590.4,72,14.4,05:53:43,2.9417,3.9860433604336,40.2248062387907,29.6859070042275,29.6859070042275,2,0,45
10541137,215,02/01/2021 00:00:00,02-Jan-2021 08:42:39,02-Jan-2021 14:36:22,36.2387628783571,590.4,72,14.4,05:53:43,2.9417,3.9860433604336,40.2248062387907,29.6859070042275,29.6859070042275,3,0,45
10541134,215,02/01/2021 00:00:00,02-Jan-2021 08:53:49,02-Jan-2021 14:47:31,36.2387628783571,590.4,72,14.4,05:53:43,2.9417,3.9860433604336,40.2248062387907,29.6859070042275,29.6859070042275,4,0,45
10541139,215,03/01/2021 00:00:00,03-Jan-2021 06:35:06,03-Jan-2021 12:28:49,36.2387628783571,590.4,72,14.4,05:53:43,2.9417,3.9860433604336,40.2248062387907,29.6859070042275,29.6859070042275,1,0,45
10541141,215,03/01/2021 00:00:00,03-Jan-2021 06:55:30,03-Jan-2021 12:49:13,36.2387628783571,590.4,72,14.4,05:53:43,2.9417,3.9860433604336,40.2248062387907,29.6859070042275,29.6859070042275,2,0,45
10541140,215,03/01/2021 00:00:00,03-Jan-2021 07:35:24,03-Jan-2021 13:29:07,36.2387628783571,590.4,72,14.4,05:53:43,2.9417,3.9860433604336,40.2248062387907,29.6859070042275,29.6859070042275,3,0,45
10541138,215,03/01/2021 00:00:00,03-Jan-2021 08:23:25,03-Jan-2021 14:17:09,36.2387628783571,590.4,72,14.4,05:53:43,2.9417,3.9860433604336,40.2248062387907,29.6859070042275,29.6859070042275,4,0,45
10541142,215,03/01/2021 00:00:00,03-Jan-2021 09:26:34,03-Jan-2021 15:20:17,36.2387628783571,590.4,72,14.4,05:53:43,2.9417,3.9860433604336,40.2248062387907,29.6859070042275,29.6859070042275,5,0,45
10541148,215,04/01/2021 00:00:00,04-Jan-2021 06:33:41,04-Jan-2021 12:27:24,36.2387628783571,590.4,72,14.4,05:53:43,2.9417,3.9860433604336,40.2248062387907,29.6859070042275,29.6859070042275,1,0,45
10541147,215,04/01/2021 00:00:00,04-Jan-2021 07:09:59,04-Jan-2021 13:03:41,36.2387628783571,590.4,72,14.4,05:53:43,2.9417,3.9860433604336,40.2248062387907,29.6859070042275,29.6859070042275,2,0,45
10541146,215,04/01/2021 00:00:00,04-Jan-2021 07:33:50,04-Jan-2021 13:27:32,36.2387628783571,590.4,72,14.4,05:53:43,2.9417,3.9860433604336,40.2248062387907,29.6859070042275,29.6859070042275,3,0,45
10541149,215,04/01/2021 00:00:00,04-Jan-2021 07:40:07,04-Jan-2021 13:33:50,36.2387628783571,590.4,72,14.4,05:53:43,2.9417,3.9860433604336,40.2248062387907,29.6859070042275,29.6859070042275,4,0,45
10541145,215,04/01/2021 00:00:00,04-Jan-2021 09:02:05,04-Jan-2021 14:55:48,36.2387628783571,590.4,72,14.4,05:53:43,2.9417,3.9860433604336,40.2248062387907,29.6859070042275,29.6859070042275,5,0,45
10541143,215,04/01/2021 00:00:00,04-Jan-2021 09:16:08,04-Jan-2021 15:09:51,36.2387628783571,590.4,72,14.4,05:53:43,2.9417,3.9860433604336,40.2248062387907,29.6859070042275,29.6859070042275,6,0,45
10541144,215,04/01/2021 00:00:00,04-Jan-2021 09:29:39,04-Jan-2021 15:23:22,36.2387628783571,590.4,72,14.4,05:53:43,2.9417,3.9860433604336,40.2248062387907,29.6859070042275,29.6859070042275,7,0,45
10541150,215,05/01/2021 00:00:00,05-Jan-2021 06:54:01,05-Jan-2021 12:47:44,36.2387628783571,590.4,72,14.4,05:53:43,2.9417,3.9860433604336,40.2248062387907,29.6859070042275,29.6859070042275,1,0,45
10541154,215,05/01/2021 00:00:00,05-Jan-2021 07:16:01,05-Jan-2021 13:09:44,36.2387628783571,590.4,72,14.4,05:53:43,2.9417,3.9860433604336,40.2248062387907,29.6859070042275,29.6859070042275,2,0,45
10541151,215,05/01/2021 00:00:00,05-Jan-2021 07:20:07,05-Jan-2021 13:13:50,36.2387628783571,590.4,72,14.4,05:53:43,2.9417,3.9860433604336,40.2248062387907,29.6859070042275,29.6859070042275,3,0,45
10541153,215,05/01/2021 00:00:00,05-Jan-2021 07:30:36,05-Jan-2021 13:24:19,36.2387628783571,590.4,72,14.4,05:53:43,2.9417,3.9860433604336,40.2248062387907,29.6859070042275,29.6859070042275,4,0,45
10541155,215,05/01/2021 00:00:00,05-Jan-2021 07:57:39,05-Jan-2021 13:51:22,36.2387628783571,590.4,72,14.4,05:53:43,2.9417,3.9860433604336,40.2248062387907,29.6859070042275,29.6859070042275,5,0,45
10541152,215,05/01/2021 00:00:00,05-Jan-2021 09:06:34,05-Jan-2021 15:00:18,36.2387628783571,590.4,72,14.4,05:53:43,2.9417,3.9860433604336,40.2248062387907,29.6859070042275,29.6859070042275,6,0,45
10541159,215,06/01/2021 00:00:00,06-Jan-2021 06:55:19,06-Jan-2021 12:49:02,36.2387628783571,590.4,72,14.4,05:53:43,2.9417,3.9860433604336,40.2248062387907,29.6859070042275,29.6859070042275,1,0,45
10541157,215,06/01/2021 00:00:00,06-Jan-2021 07:26:04,06-Jan-2021 13:19:48,36.2387628783571,590.4,72,14.4,05:53:43,2.9417,3.9860433604336,40.2248062387907,29.6859070042275,29.6859070042275,2,0,45
10541160,215,06/01/2021 00:00:00,06-Jan-2021 07:55:20,06-Jan-2021 13:49:03,36.2387628783571,590.4,72,14.4,05:53:43,2.9417,3.9860433604336,40.2248062387907,29.6859070042275,29.6859070042275,3,0,45
10541156,215,06/01/2021 00:00:00,06-Jan-2021 08:30:05,06-Jan-2021 14:23:47,36.2387628783571,590.4,72,14.4,05:53:43,2.9417,3.9860433604336,40.2248062387907,29.6859070042275,29.6859070042275,4,0,45
10541158,215,06/01/2021 00:00:00,06-Jan-2021 08:42:04,06-Jan-2021 14:35:47,36.2387628783571,590.4,72,14.4,05:53:43,2.9417,3.9860433604336,40.2248062387907,29.6859070042275,29.6859070042275,5,0,45
10541162,215,07/01/2021 00:00:00,07-Jan-2021 07:15:37,07-Jan-2021 13:09:20,36.2387628783571,590.4,72,14.4,05:53:43,2.9417,3.9860433604336,40.2248062387907,29.6859070042275,29.6859070042275,1,0,45
10541161,215,07/01/2021 00:00:00,07-Jan-2021 07:46:25,07-Jan-2021 13:40:08,36.2387628783571,590.4,72,14.4,05:53:43,2.9417,3.9860433604336,40.2248062387907,29.6859070042275,29.6859070042275,2,0,45
10541164,215,07/01/2021 00:00:00,07-Jan-2021 08:04:52,07-Jan-2021 13:58:34,36.2387628783571,590.4,72,14.4,05:53:43,2.9417,3.9860433604336,40.2248062387907,29.6859070042275,29.6859070042275,3,0,45
10541166,215,07/01/2021 00:00:00,07-Jan-2021 08:17:24,07-Jan-2021 14:11:07,36.2387628783571,590.4,72,14.4,05:53:43,2.9417,3.9860433604336,40.2248062387907,29.6859070042275,29.6859070042275,4,0,45
10541165,215,07/01/2021 00:00:00,07-Jan-2021 08:46:23,07-Jan-2021 14:40:06,36.2387628783571,590.4,72,14.4,05:53:43,2.9417,3.9860433604336,40.2248062387907,29.6859070042275,29.6859070042275,5,0,45
10541163,215,07/01/2021 00:00:00,07-Jan-2021 08:56:45,07-Jan-2021 14:50:28,36.2387628783571,590.4,72,14.4,05:53:43,2.9417,3.9860433604336,40.2248062387907,29.6859070042275,29.6859070042275,6,0,45
10541170,215,08/01/2021 00:00:00,08-Jan-2021 06:45:00,08-Jan-2021 13:02:45,40.7859166253545,590.4,72,14.4,06:17:45,3.1417,4.2570460704607,45.0429626958152,33.2417064695116,33.2417064695116,1,0,45
10541171,215,08/01/2021 00:00:00,08-Jan-2021 07:24:18,08-Jan-2021 13:42:01,40.7859166253545,590.4,72,14.4,06:17:44,3.1417,4.2570460704607,45.0429626958152,33.2417064695116,33.2417064695116,2,0,45
10541169,215,08/01/2021 00:00:00,08-Jan-2021 07:38:03,08-Jan-2021 13:55:48,40.7859166253545,590.4,72,14.4,06:17:45,3.1417,4.2570460704607,45.0429626958152,33.2417064695116,33.2417064695116,3,0,45
10541172,215,08/01/2021 00:00:00,08-Jan-2021 08:29:43,08-Jan-2021 14:47:27,40.7859166253545,590.4,72,14.4,06:17:44,3.1417,4.2570460704607,45.0429626958152,33.2417064695116,33.2417064695116,4,0,45
10541168,215,08/01/2021 00:00:00,08-Jan-2021 08:46:22,08-Jan-2021 15:04:06,40.7859166253545,590.4,72,14.4,06:17:45,3.1417,4.2570460704607,45.0429626958152,33.2417064695116,33.2417064695116,5,0,45
10541173,215,08/01/2021 00:00:00,08-Jan-2021 08:51:15,08-Jan-2021 15:09:00,40.7859166253545,590.4,72,14.4,06:17:44,3.1417,4.2570460704607,45.0429626958152,33.2417064695116,33.2417064695116,6,0,45
10541174,215,08/01/2021 00:00:00,08-Jan-2021 08:55:05,08-Jan-2021 15:12:50,40.7859166253545,590.4,72,14.4,06:17:44,3.1417,4.2570460704607,45.0429626958152,33.2417064695116,33.2417064695116,7,0,45
10541167,215,08/01/2021 00:00:00,08-Jan-2021 09:14:54,08-Jan-2021 15:32:39,40.7859166253545,590.4,72,14.4,06:17:45,3.1417,4.2570460704607,45.0429626958152,33.2417064695116,33.2417064695116,8,0,45
10541181,215,09/01/2021 00:00:00,09-Jan-2021 06:54:08,09-Jan-2021 13:11:53,40.7859166253545,590.4,72,14.4,06:17:45,3.1417,4.2570460704607,45.0429626958152,33.2417064695116,33.2417064695116,1,0,45
10541175,215,09/01/2021 00:00:00,09-Jan-2021 07:15:23,09-Jan-2021 13:33:06,40.7859166253545,590.4,72,14.4,06:17:44,3.1417,4.2570460704607,45.0429626958152,33.2417064695116,33.2417064695116,2,0,45
10541179,215,09/01/2021 00:00:00,09-Jan-2021 07:18:31,09-Jan-2021 13:36:15,40.7859166253545,590.4,72,14.4,06:17:44,3.1417,4.2570460704607,45.0429626958152,33.2417064695116,33.2417064695116,3,0,45
10541178,215,09/01/2021 00:00:00,09-Jan-2021 08:02:36,09-Jan-2021 14:20:20,40.7859166253545,590.4,72,14.4,06:17:45,3.1417,4.2570460704607,45.0429626958152,33.2417064695116,33.2417064695116,4,0,45
10541180,215,09/01/2021 00:00:00,09-Jan-2021 08:39:10,09-Jan-2021 14:56:55,40.7859166253545,590.4,72,14.4,06:17:45,3.1417,4.2570460704607,45.0429626958152,33.2417064695116,33.2417064695116,5,0,45
10541177,215,09/01/2021 00:00:00,09-Jan-2021 08:42:33,09-Jan-2021 15:00:18,40.7859166253545,590.4,72,14.4,06:17:45,3.1417,4.2570460704607,45.0429626958152,33.2417064695116,33.2417064695116,6,0,45
10541176,215,09/01/2021 00:00:00,09-Jan-2021 09:22:01,09-Jan-2021 15:39:47,40.7859166253545,590.4,72,14.4,06:17:45,3.1417,4.2570460704607,45.0429626958152,33.2417064695116,33.2417064695116,7,0,45
10541182,215,10/01/2021 00:00:00,10-Jan-2021 06:37:42,10-Jan-2021 12:55:27,40.7859166253545,590.4,72,14.4,06:17:45,3.1417,4.2570460704607,45.0429626958152,33.2417064695116,33.2417064695116,1,0,45
10541186,215,10/01/2021 00:00:00,10-Jan-2021 07:35:10,10-Jan-2021 13:52:54,40.7859166253545,590.4,72,14.4,06:17:45,3.1417,4.2570460704607,45.0429626958152,33.2417064695116,33.2417064695116,2,0,45
10541183,215,10/01/2021 00:00:00,10-Jan-2021 07:40:46,10-Jan-2021 13:58:31,40.7859166253545,590.4,72,14.4,06:17:45,3.1417,4.2570460704607,45.0429626958152,33.2417064695116,33.2417064695116,3,0,45
10541185,215,10/01/2021 00:00:00,10-Jan-2021 08:21:52,10-Jan-2021 14:39:36,40.7859166253545,590.4,72,14.4,06:17:44,3.1417,4.2570460704607,45.0429626958152,33.2417064695116,33.2417064695116,4,0,45
10541188,215,10/01/2021 00:00:00,10-Jan-2021 08:36:38,10-Jan-2021 14:54:23,40.7859166253545,590.4,72,14.4,06:17:45,3.1417,4.2570460704607,45.0429626958152,33.2417064695116,33.2417064695116,5,0,45
10541184,215,10/01/2021 00:00:00,10-Jan-2021 08:47:30,10-Jan-2021 15:05:15,40.7859166253545,590.4,72,14.4,06:17:45,3.1417,4.2570460704607,45.0429626958152,33.2417064695116,33.2417064695116,6,0,45
10541189,215,10/01/2021 00:00:00,10-Jan-2021 09:02:28,10-Jan-2021 15:20:13,40.7859166253545,590.4,72,14.4,06:17:45,3.1417,4.2570460704607,45.0429626958152,33.2417064695116,33.2417064695116,7,0,45
10541187,215,10/01/2021 00:00:00,10-Jan-2021 09:24:33,10-Jan-2021 15:42:17,40.7859166253545,590.4,72,14.4,06:17:44,3.1417,4.2570460704607,45.0429626958152,33.2417064695116,33.2417064695116,8,0,45
10541194,215,11/01/2021 00:00:00,11-Jan-2021 06:37:02,11-Jan-2021 12:54:46,40.7859166253545,590.4,72,14.4,06:17:44,3.1417,4.2570460704607,45.0429626958152,33.2417064695116,33.2417064695116,1,0,45
10541197,215,11/01/2021 00:00:00,11-Jan-2021 06:37:16,11-Jan-2021 12:55:01,40.7859166253545,590.4,72,14.4,06:17:45,3.1417,4.2570460704607,45.0429626958152,33.2417064695116,33.2417064695116,2,0,45
10541196,215,11/01/2021 00:00:00,11-Jan-2021 06:58:28,11-Jan-2021 13:16:13,40.7859166253545,590.4,72,14.4,06:17:45,3.1417,4.2570460704607,45.0429626958152,33.2417064695116,33.2417064695116,3,0,45
10541192,215,11/01/2021 00:00:00,11-Jan-2021 07:16:28,11-Jan-2021 13:34:12,40.7859166253545,590.4,72,14.4,06:17:44,3.1417,4.2570460704607,45.0429626958152,33.2417064695116,33.2417064695116,4,0,45
10541190,215,11/01/2021 00:00:00,11-Jan-2021 07:22:18,11-Jan-2021 13:40:01,40.7859166253545,590.4,72,14.4,06:17:44,3.1417,4.2570460704607,45.0429626958152,33.2417064695116,33.2417064695116,5,0,45
10541195,215,11/01/2021 00:00:00,11-Jan-2021 07:36:34,11-Jan-2021 13:54:20,40.7859166253545,590.4,72,14.4,06:17:45,3.1417,4.2570460704607,45.0429626958152,33.2417064695116,33.2417064695116,6,0,45
10541191,215,11/01/2021 00:00:00,11-Jan-2021 07:38:33,11-Jan-2021 13:56:18,40.7859166253545,590.4,72,14.4,06:17:44,3.1417,4.2570460704607,45.0429626958152,33.2417064695116,33.2417064695116,7,0,45
10541193,215,11/01/2021 00:00:00,11-Jan-2021 08:07:12,11-Jan-2021 14:24:57,40.7859166253545,590.4,72,14.4,06:17:45,3.1417,4.2570460704607,45.0429626958152,33.2417064695116,33.2417064695116,8,0,45
10541198,215,11/01/2021 00:00:00,11-Jan-2021 08:28:06,11-Jan-2021 14:45:51,40.7859166253545,590.4,72,14.4,06:17:45,3.1417,4.2570460704607,45.0429626958152,33.2417064695116,33.2417064695116,9,0,45
10541201,215,11/01/2021 00:00:00,11-Jan-2021 14:34:20,11-Jan-2021 20:52:05,40.7859166253545,590.4,72,14.4,06:17:45,3.1417,4.2570460704607,45.0429626958152,33.2417064695116,33.2417064695116,1,0,45
10541200,215,11/01/2021 00:00:00,11-Jan-2021 14:48:28,11-Jan-2021 21:06:11,40.7859166253545,590.4,72,14.4,06:17:44,3.1417,4.2570460704607,45.0429626958152,33.2417064695116,33.2417064695116,2,0,45
10541199,215,11/01/2021 00:00:00,11-Jan-2021 15:37:07,11-Jan-2021 21:54:53,40.7859166253545,590.4,72,14.4,06:17:45,3.1417,4.2570460704607,45.0429626958152,33.2417064695116,33.2417064695116,3,0,45
10541207,215,12/01/2021 00:00:00,12-Jan-2021 06:31:16,12-Jan-2021 12:48:59,40.7859166253545,590.4,72,14.4,06:17:44,3.1417,4.2570460704607,45.0429626958152,33.2417064695116,33.2417064695116,1,0,45
10541204,215,12/01/2021 00:00:00,12-Jan-2021 06:44:19,12-Jan-2021 13:02:03,40.7859166253545,590.4,72,14.4,06:17:44,3.1417,4.2570460704607,45.0429626958152,33.2417064695116,33.2417064695116,2,0,45
10541205,215,12/01/2021 00:00:00,12-Jan-2021 07:29:41,12-Jan-2021 13:47:26,40.7859166253545,590.4,72,14.4,06:17:45,3.1417,4.2570460704607,45.0429626958152,33.2417064695116,33.2417064695116,3,0,45
10541203,215,12/01/2021 00:00:00,12-Jan-2021 07:38:20,12-Jan-2021 13:56:04,40.7859166253545,590.4,72,14.4,06:17:44,3.1417,4.2570460704607,45.0429626958152,33.2417064695116,33.2417064695116,4,0,45
10541202,215,12/01/2021 00:00:00,12-Jan-2021 07:41:18,12-Jan-2021 13:59:02,40.7859166253545,590.4,72,14.4,06:17:44,3.1417,4.2570460704607,45.0429626958152,33.2417064695116,33.2417064695116,5,0,45
10541208,215,12/01/2021 00:00:00,12-Jan-2021 07:42:29,12-Jan-2021 14:00:13,40.7859166253545,590.4,72,14.4,06:17:44,3.1417,4.2570460704607,45.0429626958152,33.2417064695116,33.2417064695116,6,0,45
10541206,215,12/01/2021 00:00:00,12-Jan-2021 07:46:06,12-Jan-2021 14:03:51,40.7859166253545,590.4,72,14.4,06:17:44,3.1417,4.2570460704607,45.0429626958152,33.2417064695116,33.2417064695116,7,0,45
10541210,215,12/01/2021 00:00:00,12-Jan-2021 07:59:56,12-Jan-2021 14:17:42,40.7859166253545,590.4,72,14.4,06:17:45,3.1417,4.2570460704607,45.0429626958152,33.2417064695116,33.2417064695116,8,0,45
10541209,215,12/01/2021 00:00:00,12-Jan-2021 08:00:23,12-Jan-2021 14:18:07,40.7859166253545,590.4,72,14.4,06:17:45,3.1417,4.2570460704607,45.0429626958152,33.2417064695116,33.2417064695116,9,0,45
10541212,215,12/01/2021 00:00:00,12-Jan-2021 15:33:57,12-Jan-2021 21:51:41,40.7859166253545,590.4,72,14.4,06:17:45,3.1417,4.2570460704607,45.0429626958152,33.2417064695116,33.2417064695116,1,0,45
10541211,215,12/01/2021 00:00:00,12-Jan-2021 15:39:08,12-Jan-2021 21:56:52,40.7859166253545,590.4,72,14.4,06:17:44,3.1417,4.2570460704607,45.0429626958152,33.2417064695116,33.2417064695116,2,0,45
10541221,215,13/01/2021 00:00:00,13-Jan-2021 06:32:49,13-Jan-2021 12:50:33,40.7859166253545,590.4,72,14.4,06:17:44,3.1417,4.2570460704607,45.0429626958152,33.2417064695116,33.2417064695116,1,0,45
10541220,215,13/01/2021 00:00:00,13-Jan-2021 06:45:48,13-Jan-2021 13:03:33,40.7859166253545,590.4,72,14.4,06:17:45,3.1417,4.2570460704607,45.0429626958152,33.2417064695116,33.2417064695116,2,0,45
10541219,215,13/01/2021 00:00:00,13-Jan-2021 06:58:49,13-Jan-2021 13:16:32,40.7859166253545,590.4,72,14.4,06:17:44,3.1417,4.2570460704607,45.0429626958152,33.2417064695116,33.2417064695116,3,0,45
10541214,215,13/01/2021 00:00:00,13-Jan-2021 06:59:57,13-Jan-2021 13:17:40,40.7859166253545,590.4,72,14.4,06:17:44,3.1417,4.2570460704607,45.0429626958152,33.2417064695116,33.2417064695116,4,0,45
10541217,215,13/01/2021 00:00:00,13-Jan-2021 07:18:43,13-Jan-2021 13:36:27,40.7859166253545,590.4,72,14.4,06:17:45,3.1417,4.2570460704607,45.0429626958152,33.2417064695116,33.2417064695116,5,0,45
10541218,215,13/01/2021 00:00:00,13-Jan-2021 07:35:56,13-Jan-2021 13:53:41,40.7859166253545,590.4,72,14.4,06:17:45,3.1417,4.2570460704607,45.0429626958152,33.2417064695116,33.2417064695116,6,0,45
10541215,215,13/01/2021 00:00:00,13-Jan-2021 08:06:14,13-Jan-2021 14:23:59,40.7859166253545,590.4,72,14.4,06:17:44,3.1417,4.2570460704607,45.0429626958152,33.2417064695116,33.2417064695116,7,0,45
10541216,215,13/01/2021 00:00:00,13-Jan-2021 08:23:22,13-Jan-2021 14:41:06,40.7859166253545,590.4,72,14.4,06:17:44,3.1417,4.2570460704607,45.0429626958152,33.2417064695116,33.2417064695116,8,0,45
10541213,215,13/01/2021 00:00:00,13-Jan-2021 08:24:47,13-Jan-2021 14:42:32,40.7859166253545,590.4,72,14.4,06:17:44,3.1417,4.2570460704607,45.0429626958152,33.2417064695116,33.2417064695116,9,0,45
10541228,215,14/01/2021 00:00:00,14-Jan-2021 06:38:39,14-Jan-2021 12:56:23,40.7859166253545,590.4,72,14.4,06:17:45,3.1417,4.2570460704607,45.0429626958152,33.2417064695116,33.2417064695116,1,0,45
10541230,215,14/01/2021 00:00:00,14-Jan-2021 06:49:21,14-Jan-2021 13:07:06,40.7859166253545,590.4,72,14.4,06:17:44,3.1417,4.2570460704607,45.0429626958152,33.2417064695116,33.2417064695116,2,0,45
10541226,215,14/01/2021 00:00:00,14-Jan-2021 06:58:29,14-Jan-2021 13:16:14,40.7859166253545,590.4,72,14.4,06:17:45,3.1417,4.2570460704607,45.0429626958152,33.2417064695116,33.2417064695116,3,0,45
10541227,215,14/01/2021 00:00:00,14-Jan-2021 07:06:44,14-Jan-2021 13:24:29,40.7859166253545,590.4,72,14.4,06:17:45,3.1417,4.2570460704607,45.0429626958152,33.2417064695116,33.2417064695116,4,0,45
10541222,215,14/01/2021 00:00:00,14-Jan-2021 07:15:45,14-Jan-2021 13:33:28,40.7859166253545,590.4,72,14.4,06:17:44,3.1417,4.2570460704607,45.0429626958152,33.2417064695116,33.2417064695116,5,0,45
10541223,215,14/01/2021 00:00:00,14-Jan-2021 07:31:52,14-Jan-2021 13:49:37,40.7859166253545,590.4,72,14.4,06:17:44,3.1417,4.2570460704607,45.0429626958152,33.2417064695116,33.2417064695116,6,0,45
10541229,215,14/01/2021 00:00:00,14-Jan-2021 07:47:57,14-Jan-2021 14:05:43,40.7859166253545,590.4,72,14.4,06:17:45,3.1417,4.2570460704607,45.0429626958152,33.2417064695116,33.2417064695116,7,0,45
10541225,215,14/01/2021 00:00:00,14-Jan-2021 07:49:09,14-Jan-2021 14:06:52,40.7859166253545,590.4,72,14.4,06:17:44,3.1417,4.2570460704607,45.0429626958152,33.2417064695116,33.2417064695116,8,0,45
10541224,215,14/01/2021 00:00:00,14-Jan-2021 08:14:21,14-Jan-2021 14:32:04,40.7859166253545,590.4,72,14.4,06:17:44,3.1417,4.2570460704607,45.0429626958152,33.2417064695116,33.2417064695116,9,0,45
10541231,215,14/01/2021 00:00:00,14-Jan-2021 15:15:34,14-Jan-2021 21:33:17,40.7859166253545,590.4,72,14.4,06:17:44,3.1417,4.2570460704607,45.0429626958152,33.2417064695116,33.2417064695116,1,0,45
10541238,215,15/01/2021 00:00:00,15-Jan-2021 06:35:50,15-Jan-2021 12:59:41,39.4364135847108,590.4,72,14.4,06:23:51,3.1917,4.32479674796748,43.7612103326783,32.2957732255166,32.2957732255166,1,0,45
10541232,215,15/01/2021 00:00:00,15-Jan-2021 07:10:19,15-Jan-2021 13:34:11,39.4364135847108,590.4,72,14.4,06:23:52,3.1917,4.32479674796748,43.7612103326783,32.2957732255166,32.2957732255166,2,0,45
10541233,215,15/01/2021 00:00:00,15-Jan-2021 07:37:23,15-Jan-2021 14:01:15,39.4364135847108,590.4,72,14.4,06:23:52,3.1917,4.32479674796748,43.7612103326783,32.2957732255166,32.2957732255166,3,0,45
10541237,215,15/01/2021 00:00:00,15-Jan-2021 08:40:22,15-Jan-2021 15:04:15,39.4364135847108,590.4,72,14.4,06:23:52,3.1917,4.32479674796748,43.7612103326783,32.2957732255166,32.2957732255166,4,0,45
10541235,215,15/01/2021 00:00:00,15-Jan-2021 08:49:42,15-Jan-2021 15:13:34,39.4364135847108,590.4,72,14.4,06:23:52,3.1917,4.32479674796748,43.7612103326783,32.2957732255166,32.2957732255166,5,0,45
10541236,215,15/01/2021 00:00:00,15-Jan-2021 08:50:07,15-Jan-2021 15:13:59,39.4364135847108,590.4,72,14.4,06:23:51,3.1917,4.32479674796748,43.7612103326783,32.2957732255166,32.2957732255166,6,0,45
10541234,215,15/01/2021 00:00:00,15-Jan-2021 09:13:07,15-Jan-2021 15:36:58,39.4364135847108,590.4,72,14.4,06:23:51,3.1917,4.32479674796748,43.7612103326783,32.2957732255166,32.2957732255166,7,0,45
10541242,215,16/01/2021 00:00:00,16-Jan-2021 06:54:02,16-Jan-2021 13:17:54,39.4364135847108,590.4,72,14.4,06:23:51,3.1917,4.32479674796748,43.7612103326783,32.2957732255166,32.2957732255166,1,0,45
10541240,215,16/01/2021 00:00:00,16-Jan-2021 06:57:57,16-Jan-2021 13:21:49,39.4364135847108,590.4,72,14.4,06:23:52,3.1917,4.32479674796748,43.7612103326783,32.2957732255166,32.2957732255166,2,0,45
10541245,215,16/01/2021 00:00:00,16-Jan-2021 07:29:46,16-Jan-2021 13:53:38,39.4364135847108,590.4,72,14.4,06:23:52,3.1917,4.32479674796748,43.7612103326783,32.2957732255166,32.2957732255166,3,0,45
10541243,215,16/01/2021 00:00:00,16-Jan-2021 08:05:11,16-Jan-2021 14:29:02,39.4364135847108,590.4,72,14.4,06:23:51,3.1917,4.32479674796748,43.7612103326783,32.2957732255166,32.2957732255166,4,0,45
10541239,215,16/01/2021 00:00:00,16-Jan-2021 08:36:12,16-Jan-2021 15:00:03,39.4364135847108,590.4,72,14.4,06:23:51,3.1917,4.32479674796748,43.7612103326783,32.2957732255166,32.2957732255166,5,0,45
10541244,215,16/01/2021 00:00:00,16-Jan-2021 09:11:53,16-Jan-2021 15:35:44,39.4364135847108,590.4,72,14.4,06:23:51,3.1917,4.32479674796748,43.7612103326783,32.2957732255166,32.2957732255166,6,0,45
10541241,215,16/01/2021 00:00:00,16-Jan-2021 09:26:32,16-Jan-2021 15:50:23,39.4364135847108,590.4,72,14.4,06:23:51,3.1917,4.32479674796748,43.7612103326783,32.2957732255166,32.2957732255166,7,0,45
10541249,215,17/01/2021 00:00:00,17-Jan-2021 06:42:37,17-Jan-2021 13:06:28,39.4364135847108,590.4,72,14.4,06:23:51,3.1917,4.32479674796748,43.7612103326783,32.2957732255166,32.2957732255166,1,0,45
10541253,215,17/01/2021 00:00:00,17-Jan-2021 07:19:36,17-Jan-2021 13:43:27,39.4364135847108,590.4,72,14.4,06:23:51,3.1917,4.32479674796748,43.7612103326783,32.2957732255166,32.2957732255166,2,0,45
10541252,215,17/01/2021 00:00:00,17-Jan-2021 07:20:38,17-Jan-2021 13:44:29,39.4364135847108,590.4,72,14.4,06:23:51,3.1917,4.32479674796748,43.7612103326783,32.2957732255166,32.2957732255166,3,0,45
10541247,215,17/01/2021 00:00:00,17-Jan-2021 07:28:13,17-Jan-2021 13:52:04,39.4364135847108,590.4,72,14.4,06:23:51,3.1917,4.32479674796748,43.7612103326783,32.2957732255166,32.2957732255166,4,0,45
10541248,215,17/01/2021 00:00:00,17-Jan-2021 08:05:54,17-Jan-2021 14:29:44,39.4364135847108,590.4,72,14.4,06:23:51,3.1917,4.32479674796748,43.7612103326783,32.2957732255166,32.2957732255166,5,0,45
10541246,215,17/01/2021 00:00:00,17-Jan-2021 08:10:41,17-Jan-2021 14:34:32,39.4364135847108,590.4,72,14.4,06:23:51,3.1917,4.32479674796748,43.7612103326783,32.2957732255166,32.2957732255166,6,0,45
10541250,215,17/01/2021 00:00:00,17-Jan-2021 08:23:39,17-Jan-2021 14:47:31,39.4364135847108,590.4,72,14.4,06:23:52,3.1917,4.32479674796748,43.7612103326783,32.2957732255166,32.2957732255166,7,0,45
10541251,215,17/01/2021 00:00:00,17-Jan-2021 08:26:57,17-Jan-2021 14:50:48,39.4364135847108,590.4,72,14.4,06:23:51,3.1917,4.32479674796748,43.7612103326783,32.2957732255166,32.2957732255166,8,0,45
10541259,215,18/01/2021 00:00:00,18-Jan-2021 06:31:32,18-Jan-2021 12:55:24,39.4364135847108,590.4,72,14.4,06:23:51,3.1917,4.32479674796748,43.7612103326783,32.2957732255166,32.2957732255166,1,0,45
10541262,215,18/01/2021 00:00:00,18-Jan-2021 06:35:44,18-Jan-2021 12:59:36,39.4364135847108,590.4,72,14.4,06:23:52,3.1917,4.32479674796748,43.7612103326783,32.2957732255166,32.2957732255166,2,0,45
10541258,215,18/01/2021 00:00:00,18-Jan-2021 06:47:29,18-Jan-2021 13:11:21,39.4364135847108,590.4,72,14.4,06:23:52,3.1917,4.32479674796748,43.7612103326783,32.2957732255166,32.2957732255166,3,0,45
10541255,215,18/01/2021 00:00:00,18-Jan-2021 07:01:25,18-Jan-2021 13:25:16,39.4364135847108,590.4,72,14.4,06:23:51,3.1917,4.32479674796748,43.7612103326783,32.2957732255166,32.2957732255166,4,0,45
10541256,215,18/01/2021 00:00:00,18-Jan-2021 07:18:12,18-Jan-2021 13:42:03,39.4364135847108,590.4,72,14.4,06:23:51,3.1917,4.32479674796748,43.7612103326783,32.2957732255166,32.2957732255166,5,0,45
10541257,215,18/01/2021 00:00:00,18-Jan-2021 07:37:38,18-Jan-2021 14:01:29,39.4364135847108,590.4,72,14.4,06:23:51,3.1917,4.32479674796748,43.7612103326783,32.2957732255166,32.2957732255166,6,0,45
10541260,215,18/01/2021 00:00:00,18-Jan-2021 07:37:54,18-Jan-2021 14:01:46,39.4364135847108,590.4,72,14.4,06:23:52,3.1917,4.32479674796748,43.7612103326783,32.2957732255166,32.2957732255166,7,0,45
10541261,215,18/01/2021 00:00:00,18-Jan-2021 07:56:20,18-Jan-2021 14:20:12,39.4364135847108,590.4,72,14.4,06:23:52,3.1917,4.32479674796748,43.7612103326783,32.2957732255166,32.2957732255166,8,0,45
10541254,215,18/01/2021 00:00:00,18-Jan-2021 08:07:10,18-Jan-2021 14:31:01,39.4364135847108,590.4,72,14.4,06:23:51,3.1917,4.32479674796748,43.7612103326783,32.2957732255166,32.2957732255166,9,0,45
10541264,215,18/01/2021 00:00:00,18-Jan-2021 16:06:57,18-Jan-2021 22:30:48,39.4364135847108,590.4,72,14.4,06:23:51,3.1917,4.32479674796748,43.7612103326783,32.2957732255166,32.2957732255166,1,0,45
10541263,215,18/01/2021 00:00:00,18-Jan-2021 16:22:58,18-Jan-2021 22:46:49,39.4364135847108,590.4,72,14.4,06:23:51,3.1917,4.32479674796748,43.7612103326783,32.2957732255166,32.2957732255166,2,0,45
10541268,215,19/01/2021 00:00:00,19-Jan-2021 06:33:28,19-Jan-2021 12:57:20,39.4364135847108,590.4,72,14.4,06:23:52,3.1917,4.32479674796748,43.7612103326783,32.2957732255166,32.2957732255166,1,0,45
10541267,215,19/01/2021 00:00:00,19-Jan-2021 06:39:34,19-Jan-2021 13:03:25,39.4364135847108,590.4,72,14.4,06:23:51,3.1917,4.32479674796748,43.7612103326783,32.2957732255166,32.2957732255166,2,0,45
10541272,215,19/01/2021 00:00:00,19-Jan-2021 06:49:30,19-Jan-2021 13:13:22,39.4364135847108,590.4,72,14.4,06:23:52,3.1917,4.32479674796748,43.7612103326783,32.2957732255166,32.2957732255166,3,0,45
10541266,215,19/01/2021 00:00:00,19-Jan-2021 07:07:39,19-Jan-2021 13:31:30,39.4364135847108,590.4,72,14.4,06:23:51,3.1917,4.32479674796748,43.7612103326783,32.2957732255166,32.2957732255166,4,0,45
10541270,215,19/01/2021 00:00:00,19-Jan-2021 07:11:19,19-Jan-2021 13:35:10,39.4364135847108,590.4,72,14.4,06:23:51,3.1917,4.32479674796748,43.7612103326783,32.2957732255166,32.2957732255166,5,0,45
10541273,215,19/01/2021 00:00:00,19-Jan-2021 07:32:20,19-Jan-2021 13:56:11,39.4364135847108,590.4,72,14.4,06:23:51,3.1917,4.32479674796748,43.7612103326783,32.2957732255166,32.2957732255166,6,0,45
10541269,215,19/01/2021 00:00:00,19-Jan-2021 07:33:50,19-Jan-2021 13:57:42,39.4364135847108,590.4,72,14.4,06:23:51,3.1917,4.32479674796748,43.7612103326783,32.2957732255166,32.2957732255166,7,0,45
10541271,215,19/01/2021 00:00:00,19-Jan-2021 07:39:44,19-Jan-2021 14:03:35,39.4364135847108,590.4,72,14.4,06:23:51,3.1917,4.32479674796748,43.7612103326783,32.2957732255166,32.2957732255166,8,0,45
10541265,215,19/01/2021 00:00:00,19-Jan-2021 07:39:54,19-Jan-2021 14:03:45,39.4364135847108,590.4,72,14.4,06:23:51,3.1917,4.32479674796748,43.7612103326783,32.2957732255166,32.2957732255166,9,0,45
10541274,215,19/01/2021 00:00:00,19-Jan-2021 16:24:27,19-Jan-2021 22:48:18,39.4364135847108,590.4,72,14.4,06:23:51,3.1917,4.32479674796748,43.7612103326783,32.2957732255166,32.2957732255166,1,0,45
10541280,215,20/01/2021 00:00:00,20-Jan-2021 06:46:42,20-Jan-2021 13:10:33,39.4364135847108,590.4,72,14.4,06:23:51,3.1917,4.32479674796748,43.7612103326783,32.2957732255166,32.2957732255166,1,0,45
10541276,215,20/01/2021 00:00:00,20-Jan-2021 08:02:29,20-Jan-2021 14:26:20,39.4364135847108,590.4,72,14.4,06:23:51,3.1917,4.32479674796748,43.7612103326783,32.2957732255166,32.2957732255166,2,0,45
10541279,215,20/01/2021 00:00:00,20-Jan-2021 08:04:08,20-Jan-2021 14:27:59,39.4364135847108,590.4,72,14.4,06:23:51,3.1917,4.32479674796748,43.7612103326783,32.2957732255166,32.2957732255166,3,0,45
10541275,215,20/01/2021 00:00:00,20-Jan-2021 08:28:11,20-Jan-2021 14:52:02,39.4364135847108,590.4,72,14.4,06:23:51,3.1917,4.32479674796748,43.7612103326783,32.2957732255166,32.2957732255166,4,0,45
10541282,215,20/01/2021 00:00:00,20-Jan-2021 08:31:42,20-Jan-2021 14:55:33,39.4364135847108,590.4,72,14.4,06:23:52,3.1917,4.32479674796748,43.7612103326783,32.2957732255166,32.2957732255166,5,0,45
10541277,215,20/01/2021 00:00:00,20-Jan-2021 08:42:01,20-Jan-2021 15:05:52,39.4364135847108,590.4,72,14.4,06:23:51,3.1917,4.32479674796748,43.7612103326783,32.2957732255166,32.2957732255166,6,0,45
10541281,215,20/01/2021 00:00:00,20-Jan-2021 08:46:50,20-Jan-2021 15:10:41,39.4364135847108,590.4,72,14.4,06:23:51,3.1917,4.32479674796748,43.7612103326783,32.2957732255166,32.2957732255166,7,0,45
10541278,215,20/01/2021 00:00:00,20-Jan-2021 09:25:52,20-Jan-2021 15:49:45,39.4364135847108,590.4,72,14.4,06:23:52,3.1917,4.32479674796748,43.7612103326783,32.2957732255166,32.2957732255166,8,0,45
10541285,215,21/01/2021 00:00:00,21-Jan-2021 06:48:34,21-Jan-2021 13:12:26,39.4364135847108,590.4,72,14.4,06:23:52,3.1917,4.32479674796748,43.7612103326783,32.2957732255166,32.2957732255166,1,0,45
10541284,215,21/01/2021 00:00:00,21-Jan-2021 07:16:58,21-Jan-2021 13:40:50,39.4364135847108,590.4,72,14.4,06:23:52,3.1917,4.32479674796748,43.7612103326783,32.2957732255166,32.2957732255166,2,0,45
10541291,215,21/01/2021 00:00:00,21-Jan-2021 07:18:57,21-Jan-2021 13:42:48,39.4364135847108,590.4,72,14.4,06:23:51,3.1917,4.32479674796748,43.7612103326783,32.2957732255166,32.2957732255166,3,0,45
10541286,215,21/01/2021 00:00:00,21-Jan-2021 07:26:37,21-Jan-2021 13:50:29,39.4364135847108,590.4,72,14.4,06:23:52,3.1917,4.32479674796748,43.7612103326783,32.2957732255166,32.2957732255166,4,0,45
10541287,215,21/01/2021 00:00:00,21-Jan-2021 07:30:23,21-Jan-2021 13:54:14,39.4364135847108,590.4,72,14.4,06:23:52,3.1917,4.32479674796748,43.7612103326783,32.2957732255166,32.2957732255166,5,0,45
10541288,215,21/01/2021 00:00:00,21-Jan-2021 07:36:09,21-Jan-2021 14:00:00,39.4364135847108,590.4,72,14.4,06:23:51,3.1917,4.32479674796748,43.7612103326783,32.2957732255166,32.2957732255166,6,0,45
10541283,215,21/01/2021 00:00:00,21-Jan-2021 08:13:02,21-Jan-2021 14:36:53,39.4364135847108,590.4,72,14.4,06:23:51,3.1917,4.32479674796748,43.7612103326783,32.2957732255166,32.2957732255166,7,0,45
10541289,215,21/01/2021 00:00:00,21-Jan-2021 08:19:46,21-Jan-2021 14:43:37,39.4364135847108,590.4,72,14.4,06:23:51,3.1917,4.32479674796748,43.7612103326783,32.2957732255166,32.2957732255166,8,0,45
10541290,215,21/01/2021 00:00:00,21-Jan-2021 08:20:20,21-Jan-2021 14:44:11,39.4364135847108,590.4,72,14.4,06:23:51,3.1917,4.32479674796748,43.7612103326783,32.2957732255166,32.2957732255166,9,0,45
10541293,215,22/01/2021 00:00:00,22-Jan-2021 06:39:26,22-Jan-2021 12:53:24,41.8779678828952,590.4,72,14.4,06:13:58,3.1083,4.21178861788618,46.0897565007814,34.0142402975767,34.0142402975767,1,0,45
10541292,215,22/01/2021 00:00:00,22-Jan-2021 06:39:44,22-Jan-2021 12:53:41,41.8779678828952,590.4,72,14.4,06:13:58,3.1083,4.21178861788618,46.0897565007814,34.0142402975767,34.0142402975767,2,0,45
10541298,215,22/01/2021 00:00:00,22-Jan-2021 06:40:33,22-Jan-2021 12:54:31,41.8779678828952,590.4,72,14.4,06:13:58,3.1083,4.21178861788618,46.0897565007814,34.0142402975767,34.0142402975767,3,0,45
10541295,215,22/01/2021 00:00:00,22-Jan-2021 06:58:14,22-Jan-2021 13:12:13,41.8779678828952,590.4,72,14.4,06:13:59,3.1083,4.21178861788618,46.0897565007814,34.0142402975767,34.0142402975767,4,0,45
10541296,215,22/01/2021 00:00:00,22-Jan-2021 06:58:32,22-Jan-2021 13:12:31,41.8779678828952,590.4,72,14.4,06:13:59,3.1083,4.21178861788618,46.0897565007814,34.0142402975767,34.0142402975767,5,0,45
10541297,215,22/01/2021 00:00:00,22-Jan-2021 07:44:35,22-Jan-2021 13:58:33,41.8779678828952,590.4,72,14.4,06:13:58,3.1083,4.21178861788618,46.0897565007814,34.0142402975767,34.0142402975767,6,0,45
10541294,215,22/01/2021 00:00:00,22-Jan-2021 07:59:25,22-Jan-2021 14:13:23,41.8779678828952,590.4,72,14.4,06:13:58,3.1083,4.21178861788618,46.0897565007814,34.0142402975767,34.0142402975767,7,0,45
10541299,215,22/01/2021 00:00:00,22-Jan-2021 09:04:42,22-Jan-2021 15:18:40,41.8779678828952,590.4,72,14.4,06:13:58,3.1083,4.21178861788618,46.0897565007814,34.0142402975767,34.0142402975767,8,0,45
10541302,215,23/01/2021 00:00:00,23-Jan-2021 07:17:06,23-Jan-2021 13:31:04,41.8779678828952,590.4,72,14.4,06:13:58,3.1083,4.21178861788618,46.0897565007814,34.0142402975767,34.0142402975767,1,0,45
10541304,215,23/01/2021 00:00:00,23-Jan-2021 07:56:01,23-Jan-2021 14:09:59,41.8779678828952,590.4,72,14.4,06:13:58,3.1083,4.21178861788618,46.0897565007814,34.0142402975767,34.0142402975767,2,0,45
10541300,215,23/01/2021 00:00:00,23-Jan-2021 08:00:31,23-Jan-2021 14:14:29,41.8779678828952,590.4,72,14.4,06:13:58,3.1083,4.21178861788618,46.0897565007814,34.0142402975767,34.0142402975767,3,0,45
10541301,215,23/01/2021 00:00:00,23-Jan-2021 08:06:02,23-Jan-2021 14:20:00,41.8779678828952,590.4,72,14.4,06:13:58,3.1083,4.21178861788618,46.0897565007814,34.0142402975767,34.0142402975767,4,0,45
10541305,215,23/01/2021 00:00:00,23-Jan-2021 08:26:52,23-Jan-2021 14:40:50,41.8779678828952,590.4,72,14.4,06:13:58,3.1083,4.21178861788618,46.0897565007814,34.0142402975767,34.0142402975767,5,0,45
10541303,215,23/01/2021 00:00:00,23-Jan-2021 08:35:44,23-Jan-2021 14:49:42,41.8779678828952,590.4,72,14.4,06:13:58,3.1083,4.21178861788618,46.0897565007814,34.0142402975767,34.0142402975767,6,0,45
10541306,215,23/01/2021 00:00:00,23-Jan-2021 09:12:28,23-Jan-2021 15:26:26,41.8779678828952,590.4,72,14.4,06:13:58,3.1083,4.21178861788618,46.0897565007814,34.0142402975767,34.0142402975767,7,0,45
10541308,215,24/01/2021 00:00:00,24-Jan-2021 06:48:21,24-Jan-2021 13:02:19,41.8779678828952,590.4,72,14.4,06:13:58,3.1083,4.21178861788618,46.0897565007814,34.0142402975767,34.0142402975767,1,0,45
10541313,215,24/01/2021 00:00:00,24-Jan-2021 06:56:29,24-Jan-2021 13:10:27,41.8779678828952,590.4,72,14.4,06:13:58,3.1083,4.21178861788618,46.0897565007814,34.0142402975767,34.0142402975767,2,0,45
10541311,215,24/01/2021 00:00:00,24-Jan-2021 07:01:40,24-Jan-2021 13:15:38,41.8779678828952,590.4,72,14.4,06:13:58,3.1083,4.21178861788618,46.0897565007814,34.0142402975767,34.0142402975767,3,0,45
10541312,215,24/01/2021 00:00:00,24-Jan-2021 07:08:56,24-Jan-2021 13:22:54,41.8779678828952,590.4,72,14.4,06:13:58,3.1083,4.21178861788618,46.0897565007814,34.0142402975767,34.0142402975767,4,0,45
10541307,215,24/01/2021 00:00:00,24-Jan-2021 08:37:30,24-Jan-2021 14:51:28,41.8779678828952,590.4,72,14.4,06:13:58,3.1083,4.21178861788618,46.0897565007814,34.0142402975767,34.0142402975767,5,0,45
10541314,215,24/01/2021 00:00:00,24-Jan-2021 08:44:07,24-Jan-2021 14:58:05,41.8779678828952,590.4,72,14.4,06:13:58,3.1083,4.21178861788618,46.0897565007814,34.0142402975767,34.0142402975767,6,0,45
10541310,215,24/01/2021 00:00:00,24-Jan-2021 09:01:21,24-Jan-2021 15:15:19,41.8779678828952,590.4,72,14.4,06:13:58,3.1083,4.21178861788618,46.0897565007814,34.0142402975767,34.0142402975767,7,0,45
10541309,215,24/01/2021 00:00:00,24-Jan-2021 09:14:44,24-Jan-2021 15:28:42,41.8779678828952,590.4,72,14.4,06:13:58,3.1083,4.21178861788618,46.0897565007814,34.0142402975767,34.0142402975767,8,0,45
10541317,215,25/01/2021 00:00:00,25-Jan-2021 06:42:06,25-Jan-2021 12:56:04,41.8779678828952,590.4,72,14.4,06:13:58,3.1083,4.21178861788618,46.0897565007814,34.0142402975767,34.0142402975767,1,0,45
10541315,215,25/01/2021 00:00:00,25-Jan-2021 06:51:40,25-Jan-2021 13:05:38,41.8779678828952,590.4,72,14.4,06:13:58,3.1083,4.21178861788618,46.0897565007814,34.0142402975767,34.0142402975767,2,0,45
10541322,215,25/01/2021 00:00:00,25-Jan-2021 07:49:55,25-Jan-2021 14:03:53,41.8779678828952,590.4,72,14.4,06:13:58,3.1083,4.21178861788618,46.0897565007814,34.0142402975767,34.0142402975767,3,0,45
10541316,215,25/01/2021 00:00:00,25-Jan-2021 07:52:30,25-Jan-2021 14:06:28,41.8779678828952,590.4,72,14.4,06:13:58,3.1083,4.21178861788618,46.0897565007814,34.0142402975767,34.0142402975767,4,0,45
10541319,215,25/01/2021 00:00:00,25-Jan-2021 07:58:47,25-Jan-2021 14:12:46,41.8779678828952,590.4,72,14.4,06:13:59,3.1083,4.21178861788618,46.0897565007814,34.0142402975767,34.0142402975767,5,0,45
10541321,215,25/01/2021 00:00:00,25-Jan-2021 08:00:08,25-Jan-2021 14:14:06,41.8779678828952,590.4,72,14.4,06:13:58,3.1083,4.21178861788618,46.0897565007814,34.0142402975767,34.0142402975767,6,0,45
10541318,215,25/01/2021 00:00:00,25-Jan-2021 08:09:16,25-Jan-2021 14:23:15,41.8779678828952,590.4,72,14.4,06:13:59,3.1083,4.21178861788618,46.0897565007814,34.0142402975767,34.0142402975767,7,0,45
10541320,215,25/01/2021 00:00:00,25-Jan-2021 08:16:01,25-Jan-2021 14:29:59,41.8779678828952,590.4,72,14.4,06:13:58,3.1083,4.21178861788618,46.0897565007814,34.0142402975767,34.0142402975767,8,0,45
10541323,215,25/01/2021 00:00:00,25-Jan-2021 08:21:00,25-Jan-2021 14:34:58,41.8779678828952,590.4,72,14.4,06:13:58,3.1083,4.21178861788618,46.0897565007814,34.0142402975767,34.0142402975767,9,0,45
10541325,215,25/01/2021 00:00:00,25-Jan-2021 14:51:58,25-Jan-2021 21:05:56,41.8779678828952,590.4,72,14.4,06:13:58,3.1083,4.21178861788618,46.0897565007814,34.0142402975767,34.0142402975767,1,0,45
10541324,215,25/01/2021 00:00:00,25-Jan-2021 15:41:24,25-Jan-2021 21:55:22,41.8779678828952,590.4,72,14.4,06:13:58,3.1083,4.21178861788618,46.0897565007814,34.0142402975767,34.0142402975767,2,0,45
10541334,215,26/01/2021 00:00:00,26-Jan-2021 06:47:07,26-Jan-2021 13:01:05,41.8779678828952,590.4,72,14.4,06:13:58,3.1083,4.21178861788618,46.0897565007814,34.0142402975767,34.0142402975767,1,0,45
10541333,215,26/01/2021 00:00:00,26-Jan-2021 07:14:02,26-Jan-2021 13:28:00,41.8779678828952,590.4,72,14.4,06:13:58,3.1083,4.21178861788618,46.0897565007814,34.0142402975767,34.0142402975767,2,0,45
10541329,215,26/01/2021 00:00:00,26-Jan-2021 07:15:07,26-Jan-2021 13:29:05,41.8779678828952,590.4,72,14.4,06:13:58,3.1083,4.21178861788618,46.0897565007814,34.0142402975767,34.0142402975767,3,0,45
10541331,215,26/01/2021 00:00:00,26-Jan-2021 07:25:24,26-Jan-2021 13:39:22,41.8779678828952,590.4,72,14.4,06:13:58,3.1083,4.21178861788618,46.0897565007814,34.0142402975767,34.0142402975767,4,0,45
10541330,215,26/01/2021 00:00:00,26-Jan-2021 07:32:05,26-Jan-2021 13:46:03,41.8779678828952,590.4,72,14.4,06:13:58,3.1083,4.21178861788618,46.0897565007814,34.0142402975767,34.0142402975767,5,0,45
10541332,215,26/01/2021 00:00:00,26-Jan-2021 08:02:04,26-Jan-2021 14:16:01,41.8779678828952,590.4,72,14.4,06:13:58,3.1083,4.21178861788618,46.0897565007814,34.0142402975767,34.0142402975767,6,0,45
10541328,215,26/01/2021 00:00:00,26-Jan-2021 08:10:46,26-Jan-2021 14:24:44,41.8779678828952,590.4,72,14.4,06:13:58,3.1083,4.21178861788618,46.0897565007814,34.0142402975767,34.0142402975767,7,0,45
10541326,215,26/01/2021 00:00:00,26-Jan-2021 08:20:01,26-Jan-2021 14:33:59,41.8779678828952,590.4,72,14.4,06:13:58,3.1083,4.21178861788618,46.0897565007814,34.0142402975767,34.0142402975767,8,0,45
10541327,215,26/01/2021 00:00:00,26-Jan-2021 08:20:25,26-Jan-2021 14:34:23,41.8779678828952,590.4,72,14.4,06:13:58,3.1083,4.21178861788618,46.0897565007814,34.0142402975767,34.0142402975767,9,0,45
10541335,215,26/01/2021 00:00:00,26-Jan-2021 16:19:04,26-Jan-2021 22:33:02,41.8779678828952,590.4,72,14.4,06:13:58,3.1083,4.21178861788618,46.0897565007814,34.0142402975767,34.0142402975767,1,0,45
10541342,215,27/01/2021 00:00:00,27-Jan-2021 07:01:54,27-Jan-2021 13:15:53,41.8779678828952,590.4,72,14.4,06:13:59,3.1083,4.21178861788618,46.0897565007814,34.0142402975767,34.0142402975767,1,0,45
10541337,215,27/01/2021 00:00:00,27-Jan-2021 07:08:51,27-Jan-2021 13:22:49,41.8779678828952,590.4,72,14.4,06:13:58,3.1083,4.21178861788618,46.0897565007814,34.0142402975767,34.0142402975767,2,0,45
10541338,215,27/01/2021 00:00:00,27-Jan-2021 07:29:20,27-Jan-2021 13:43:19,41.8779678828952,590.4,72,14.4,06:13:59,3.1083,4.21178861788618,46.0897565007814,34.0142402975767,34.0142402975767,3,0,45
10541343,215,27/01/2021 00:00:00,27-Jan-2021 07:47:20,27-Jan-2021 14:01:18,41.8779678828952,590.4,72,14.4,06:13:58,3.1083,4.21178861788618,46.0897565007814,34.0142402975767,34.0142402975767,4,0,45
10541339,215,27/01/2021 00:00:00,27-Jan-2021 07:48:59,27-Jan-2021 14:02:57,41.8779678828952,590.4,72,14.4,06:13:58,3.1083,4.21178861788618,46.0897565007814,34.0142402975767,34.0142402975767,5,0,45
10541340,215,27/01/2021 00:00:00,27-Jan-2021 07:57:54,27-Jan-2021 14:11:53,41.8779678828952,590.4,72,14.4,06:13:59,3.1083,4.21178861788618,46.0897565007814,34.0142402975767,34.0142402975767,6,0,45
10541336,215,27/01/2021 00:00:00,27-Jan-2021 09:12:15,27-Jan-2021 15:26:13,41.8779678828952,590.4,72,14.4,06:13:58,3.1083,4.21178861788618,46.0897565007814,34.0142402975767,34.0142402975767,7,0,45
10541341,215,27/01/2021 00:00:00,27-Jan-2021 09:16:39,27-Jan-2021 15:30:37,41.8779678828952,590.4,72,14.4,06:13:58,3.1083,4.21178861788618,46.0897565007814,34.0142402975767,34.0142402975767,8,0,45
10541347,215,28/01/2021 00:00:00,28-Jan-2021 06:34:36,28-Jan-2021 12:48:34,41.8779678828952,590.4,72,14.4,06:13:58,3.1083,4.21178861788618,46.0897565007814,34.0142402975767,34.0142402975767,1,0,45
10541348,215,28/01/2021 00:00:00,28-Jan-2021 06:36:24,28-Jan-2021 12:50:22,41.8779678828952,590.4,72,14.4,06:13:58,3.1083,4.21178861788618,46.0897565007814,34.0142402975767,34.0142402975767,2,0,45
10541351,215,28/01/2021 00:00:00,28-Jan-2021 07:13:42,28-Jan-2021 13:27:40,41.8779678828952,590.4,72,14.4,06:13:58,3.1083,4.21178861788618,46.0897565007814,34.0142402975767,34.0142402975767,3,0,45
10541346,215,28/01/2021 00:00:00,28-Jan-2021 07:35:17,28-Jan-2021 13:49:15,41.8779678828952,590.4,72,14.4,06:13:58,3.1083,4.21178861788618,46.0897565007814,34.0142402975767,34.0142402975767,4,0,45
10541350,215,28/01/2021 00:00:00,28-Jan-2021 07:42:03,28-Jan-2021 13:56:01,41.8779678828952,590.4,72,14.4,06:13:58,3.1083,4.21178861788618,46.0897565007814,34.0142402975767,34.0142402975767,5,0,45
10541349,215,28/01/2021 00:00:00,28-Jan-2021 07:42:52,28-Jan-2021 13:56:50,41.8779678828952,590.4,72,14.4,06:13:58,3.1083,4.21178861788618,46.0897565007814,34.0142402975767,34.0142402975767,6,0,45
10541352,215,28/01/2021 00:00:00,28-Jan-2021 07:57:23,28-Jan-2021 14:11:21,41.8779678828952,590.4,72,14.4,06:13:58,3.1083,4.21178861788618,46.0897565007814,34.0142402975767,34.0142402975767,7,0,45
10541345,215,28/01/2021 00:00:00,28-Jan-2021 08:02:30,28-Jan-2021 14:16:28,41.8779678828952,590.4,72,14.4,06:13:58,3.1083,4.21178861788618,46.0897565007814,34.0142402975767,34.0142402975767,8,0,45
10541344,215,28/01/2021 00:00:00,28-Jan-2021 08:07:58,28-Jan-2021 14:21:57,41.8779678828952,590.4,72,14.4,06:13:59,3.1083,4.21178861788618,46.0897565007814,34.0142402975767,34.0142402975767,9,0,45
10541359,215,29/01/2021 00:00:00,29-Jan-2021 06:46:41,29-Jan-2021 13:12:27,41.9964612707192,590.4,72,14.4,06:25:46,3.2083,4.34728997289973,46.3437512436189,34.2016884177908,34.2016884177908,1,0,45
10541354,215,29/01/2021 00:00:00,29-Jan-2021 06:48:50,29-Jan-2021 13:14:36,41.9964612707192,590.4,72,14.4,06:25:46,3.2083,4.34728997289973,46.3437512436189,34.2016884177908,34.2016884177908,2,0,45
10541356,215,29/01/2021 00:00:00,29-Jan-2021 07:07:24,29-Jan-2021 13:33:10,41.9964612707192,590.4,72,14.4,06:25:45,3.2083,4.34728997289973,46.3437512436189,34.2016884177908,34.2016884177908,3,0,45
10541353,215,29/01/2021 00:00:00,29-Jan-2021 07:28:25,29-Jan-2021 13:54:12,41.9964612707192,590.4,72,14.4,06:25:46,3.2083,4.34728997289973,46.3437512436189,34.2016884177908,34.2016884177908,4,0,45
10541355,215,29/01/2021 00:00:00,29-Jan-2021 07:40:38,29-Jan-2021 14:06:24,41.9964612707192,590.4,72,14.4,06:25:45,3.2083,4.34728997289973,46.3437512436189,34.2016884177908,34.2016884177908,5,0,45
10541357,215,29/01/2021 00:00:00,29-Jan-2021 07:44:33,29-Jan-2021 14:10:18,41.9964612707192,590.4,72,14.4,06:25:45,3.2083,4.34728997289973,46.3437512436189,34.2016884177908,34.2016884177908,6,0,45
10541360,215,29/01/2021 00:00:00,29-Jan-2021 07:46:52,29-Jan-2021 14:12:38,41.9964612707192,590.4,72,14.4,06:25:46,3.2083,4.34728997289973,46.3437512436189,34.2016884177908,34.2016884177908,7,0,45
10541358,215,29/01/2021 00:00:00,29-Jan-2021 08:21:39,29-Jan-2021 14:47:24,41.9964612707192,590.4,72,14.4,06:25:46,3.2083,4.34728997289973,46.3437512436189,34.2016884177908,34.2016884177908,8,0,45
10541362,215,30/01/2021 00:00:00,30-Jan-2021 06:32:02,30-Jan-2021 12:57:49,41.9964612707192,590.4,72,14.4,06:25:46,3.2083,4.34728997289973,46.3437512436189,34.2016884177908,34.2016884177908,1,0,45
10541364,215,30/01/2021 00:00:00,30-Jan-2021 07:05:27,30-Jan-2021 13:31:13,41.9964612707192,590.4,72,14.4,06:25:46,3.2083,4.34728997289973,46.3437512436189,34.2016884177908,34.2016884177908,2,0,45
10541365,215,30/01/2021 00:00:00,30-Jan-2021 08:08:12,30-Jan-2021 14:33:58,41.9964612707192,590.4,72,14.4,06:25:46,3.2083,4.34728997289973,46.3437512436189,34.2016884177908,34.2016884177908,3,0,45
10541361,215,30/01/2021 00:00:00,30-Jan-2021 08:11:15,30-Jan-2021 14:37:01,41.9964612707192,590.4,72,14.4,06:25:46,3.2083,4.34728997289973,46.3437512436189,34.2016884177908,34.2016884177908,4,0,45
10541367,215,30/01/2021 00:00:00,30-Jan-2021 08:24:30,30-Jan-2021 14:50:15,41.9964612707192,590.4,72,14.4,06:25:46,3.2083,4.34728997289973,46.3437512436189,34.2016884177908,34.2016884177908,5,0,45
10541366,215,30/01/2021 00:00:00,30-Jan-2021 08:53:02,30-Jan-2021 15:18:48,41.9964612707192,590.4,72,14.4,06:25:46,3.2083,4.34728997289973,46.3437512436189,34.2016884177908,34.2016884177908,6,0,45
10541363,215,30/01/2021 00:00:00,30-Jan-2021 08:53:43,30-Jan-2021 15:19:30,41.9964612707192,590.4,72,14.4,06:25:46,3.2083,4.34728997289973,46.3437512436189,34.2016884177908,34.2016884177908,7,0,45
10541370,215,31/01/2021 00:00:00,31-Jan-2021 06:35:32,31-Jan-2021 13:01:18,41.9964612707192,590.4,72,14.4,06:25:46,3.2083,4.34728997289973,46.3437512436189,34.2016884177908,34.2016884177908,1,0,45
10541368,215,31/01/2021 00:00:00,31-Jan-2021 06:38:03,31-Jan-2021 13:03:48,41.9964612707192,590.4,72,14.4,06:25:46,3.2083,4.34728997289973,46.3437512436189,34.2016884177908,34.2016884177908,2,0,45
10541375,215,31/01/2021 00:00:00,31-Jan-2021 06:40:09,31-Jan-2021 13:05:54,41.9964612707192,590.4,72,14.4,06:25:45,3.2083,4.34728997289973,46.3437512436189,34.2016884177908,34.2016884177908,3,0,45
10541372,215,31/01/2021 00:00:00,31-Jan-2021 06:43:24,31-Jan-2021 13:09:10,41.9964612707192,590.4,72,14.4,06:25:46,3.2083,4.34728997289973,46.3437512436189,34.2016884177908,34.2016884177908,4,0,45
10541373,215,31/01/2021 00:00:00,31-Jan-2021 06:50:00,31-Jan-2021 13:15:45,41.9964612707192,590.4,72,14.4,06:25:45,3.2083,4.34728997289973,46.3437512436189,34.2016884177908,34.2016884177908,5,0,45
10541374,215,31/01/2021 00:00:00,31-Jan-2021 07:48:53,31-Jan-2021 14:14:38,41.9964612707192,590.4,72,14.4,06:25:46,3.2083,4.34728997289973,46.3437512436189,34.2016884177908,34.2016884177908,6,0,45
10541369,215,31/01/2021 00:00:00,31-Jan-2021 07:55:03,31-Jan-2021 14:20:49,41.9964612707192,590.4,72,14.4,06:25:46,3.2083,4.34728997289973,46.3437512436189,34.2016884177908,34.2016884177908,7,0,45
10541371,215,31/01/2021 00:00:00,31-Jan-2021 09:19:58,31-Jan-2021 15:45:44,41.9964612707192,590.4,72,14.4,06:25:46,3.2083,4.34728997289973,46.3437512436189,34.2016884177908,34.2016884177908,8,0,45
10541378,215,01/02/2021 00:00:00,01-Feb-2021 06:53:25,01-Feb-2021 13:19:11,41.9964612707192,590.4,72,14.4,06:25:46,3.2083,4.34728997289973,46.3437512436189,34.2016884177908,34.2016884177908,1,0,45
10541379,215,01/02/2021 00:00:00,01-Feb-2021 07:04:10,01-Feb-2021 13:29:57,41.9964612707192,590.4,72,14.4,06:25:46,3.2083,4.34728997289973,46.3437512436189,34.2016884177908,34.2016884177908,2,0,45
10541384,215,01/02/2021 00:00:00,01-Feb-2021 07:05:05,01-Feb-2021 13:30:51,41.9964612707192,590.4,72,14.4,06:25:46,3.2083,4.34728997289973,46.3437512436189,34.2016884177908,34.2016884177908,3,0,45
10541383,215,01/02/2021 00:00:00,01-Feb-2021 07:08:34,01-Feb-2021 13:34:20,41.9964612707192,590.4,72,14.4,06:25:46,3.2083,4.34728997289973,46.3437512436189,34.2016884177908,34.2016884177908,4,0,45
10541377,215,01/02/2021 00:00:00,01-Feb-2021 07:17:24,01-Feb-2021 13:43:10,41.9964612707192,590.4,72,14.4,06:25:45,3.2083,4.34728997289973,46.3437512436189,34.2016884177908,34.2016884177908,5,0,45
10541382,215,01/02/2021 00:00:00,01-Feb-2021 07:18:23,01-Feb-2021 13:44:10,41.9964612707192,590.4,72,14.4,06:25:46,3.2083,4.34728997289973,46.3437512436189,34.2016884177908,34.2016884177908,6,0,45
10541381,215,01/02/2021 00:00:00,01-Feb-2021 07:44:18,01-Feb-2021 14:10:03,41.9964612707192,590.4,72,14.4,06:25:45,3.2083,4.34728997289973,46.3437512436189,34.2016884177908,34.2016884177908,7,0,45
10541380,215,01/02/2021 00:00:00,01-Feb-2021 07:59:16,01-Feb-2021 14:25:01,41.9964612707192,590.4,72,14.4,06:25:46,3.2083,4.34728997289973,46.3437512436189,34.2016884177908,34.2016884177908,8,0,45
10541376,215,01/02/2021 00:00:00,01-Feb-2021 08:13:55,01-Feb-2021 14:39:42,41.9964612707192,590.4,72,14.4,06:25:46,3.2083,4.34728997289973,46.3437512436189,34.2016884177908,34.2016884177908,9,0,45
10541386,215,01/02/2021 00:00:00,01-Feb-2021 14:56:18,01-Feb-2021 21:22:02,41.9964612707192,590.4,72,14.4,06:25:45,3.2083,4.34728997289973,46.3437512436189,34.2016884177908,34.2016884177908,1,0,45
10541385,215,01/02/2021 00:00:00,01-Feb-2021 15:29:48,01-Feb-2021 21:55:34,41.9964612707192,590.4,72,14.4,06:25:45,3.2083,4.34728997289973,46.3437512436189,34.2016884177908,34.2016884177908,2,0,45
10541387,215,01/02/2021 00:00:00,01-Feb-2021 16:25:00,01-Feb-2021 22:50:46,41.9964612707192,590.4,72,14.4,06:25:46,3.2083,4.34728997289973,46.3437512436189,34.2016884177908,34.2016884177908,3,0,45
10541395,215,02/02/2021 00:00:00,02-Feb-2021 06:38:50,02-Feb-2021 13:04:36,41.9964612707192,590.4,72,14.4,06:25:46,3.2083,4.34728997289973,46.3437512436189,34.2016884177908,34.2016884177908,1,0,45
10541389,215,02/02/2021 00:00:00,02-Feb-2021 06:40:57,02-Feb-2021 13:06:43,41.9964612707192,590.4,72,14.4,06:25:45,3.2083,4.34728997289973,46.3437512436189,34.2016884177908,34.2016884177908,2,0,45
10541396,215,02/02/2021 00:00:00,02-Feb-2021 06:48:28,02-Feb-2021 13:14:15,41.9964612707192,590.4,72,14.4,06:25:46,3.2083,4.34728997289973,46.3437512436189,34.2016884177908,34.2016884177908,3,0,45
10541390,215,02/02/2021 00:00:00,02-Feb-2021 06:50:57,02-Feb-2021 13:16:43,41.9964612707192,590.4,72,14.4,06:25:45,3.2083,4.34728997289973,46.3437512436189,34.2016884177908,34.2016884177908,4,0,45
10541391,215,02/02/2021 00:00:00,02-Feb-2021 07:01:09,02-Feb-2021 13:26:55,41.9964612707192,590.4,72,14.4,06:25:46,3.2083,4.34728997289973,46.3437512436189,34.2016884177908,34.2016884177908,5,0,45
10541388,215,02/02/2021 00:00:00,02-Feb-2021 07:40:34,02-Feb-2021 14:06:20,41.9964612707192,590.4,72,14.4,06:25:46,3.2083,4.34728997289973,46.3437512436189,34.2016884177908,34.2016884177908,6,0,45
10541394,215,02/02/2021 00:00:00,02-Feb-2021 07:49:20,02-Feb-2021 14:15:05,41.9964612707192,590.4,72,14.4,06:25:45,3.2083,4.34728997289973,46.3437512436189,34.2016884177908,34.2016884177908,7,0,45
10541392,215,02/02/2021 00:00:00,02-Feb-2021 08:13:25,02-Feb-2021 14:39:11,41.9964612707192,590.4,72,14.4,06:25:45,3.2083,4.34728997289973,46.3437512436189,34.2016884177908,34.2016884177908,8,0,45
10541393,215,02/02/2021 00:00:00,02-Feb-2021 08:23:47,02-Feb-2021 14:49:33,41.9964612707192,590.4,72,14.4,06:25:46,3.2083,4.34728997289973,46.3437512436189,34.2016884177908,34.2016884177908,9,0,45
10541398,215,02/02/2021 00:00:00,02-Feb-2021 14:47:15,02-Feb-2021 21:13:00,41.9964612707192,590.4,72,14.4,06:25:46,3.2083,4.34728997289973,46.3437512436189,34.2016884177908,34.2016884177908,1,0,45
10541397,215,02/02/2021 00:00:00,02-Feb-2021 15:09:15,02-Feb-2021 21:35:00,41.9964612707192,590.4,72,14.4,06:25:46,3.2083,4.34728997289973,46.3437512436189,34.2016884177908,34.2016884177908,2,0,45
10541400,215,03/02/2021 00:00:00,03-Feb-2021 06:41:47,03-Feb-2021 13:07:33,41.9964612707192,590.4,72,14.4,06:25:46,3.2083,4.34728997289973,46.3437512436189,34.2016884177908,34.2016884177908,1,0,45
10541405,215,03/02/2021 00:00:00,03-Feb-2021 06:47:44,03-Feb-2021 13:13:31,41.9964612707192,590.4,72,14.4,06:25:46,3.2083,4.34728997289973,46.3437512436189,34.2016884177908,34.2016884177908,2,0,45
10541399,215,03/02/2021 00:00:00,03-Feb-2021 06:55:13,03-Feb-2021 13:20:59,41.9964612707192,590.4,72,14.4,06:25:46,3.2083,4.34728997289973,46.3437512436189,34.2016884177908,34.2016884177908,3,0,45
10541403,215,03/02/2021 00:00:00,03-Feb-2021 07:21:15,03-Feb-2021 13:47:01,41.9964612707192,590.4,72,14.4,06:25:45,3.2083,4.34728997289973,46.3437512436189,34.2016884177908,34.2016884177908,4,0,45
10541407,215,03/02/2021 00:00:00,03-Feb-2021 07:29:53,03-Feb-2021 13:55:37,41.9964612707192,590.4,72,14.4,06:25:45,3.2083,4.34728997289973,46.3437512436189,34.2016884177908,34.2016884177908,5,0,45
10541404,215,03/02/2021 00:00:00,03-Feb-2021 07:53:37,03-Feb-2021 14:19:23,41.9964612707192,590.4,72,14.4,06:25:46,3.2083,4.34728997289973,46.3437512436189,34.2016884177908,34.2016884177908,6,0,45
10541406,215,03/02/2021 00:00:00,03-Feb-2021 08:04:12,03-Feb-2021 14:29:58,41.9964612707192,590.4,72,14.4,06:25:46,3.2083,4.34728997289973,46.3437512436189,34.2016884177908,34.2016884177908,7,0,45
10541401,215,03/02/2021 00:00:00,03-Feb-2021 08:09:25,03-Feb-2021 14:35:10,41.9964612707192,590.4,72,14.4,06:25:46,3.2083,4.34728997289973,46.3437512436189,34.2016884177908,34.2016884177908,8,0,45
10541402,215,03/02/2021 00:00:00,03-Feb-2021 08:22:07,03-Feb-2021 14:47:53,41.9964612707192,590.4,72,14.4,06:25:46,3.2083,4.34728997289973,46.3437512436189,34.2016884177908,34.2016884177908,9,0,45
10541413,215,04/02/2021 00:00:00,04-Feb-2021 06:32:24,04-Feb-2021 12:58:10,41.9964612707192,590.4,72,14.4,06:25:46,3.2083,4.34728997289973,46.3437512436189,34.2016884177908,34.2016884177908,1,0,45
10541409,215,04/02/2021 00:00:00,04-Feb-2021 06:51:31,04-Feb-2021 13:17:16,41.9964612707192,590.4,72,14.4,06:25:46,3.2083,4.34728997289973,46.3437512436189,34.2016884177908,34.2016884177908,2,0,45
10541415,215,04/02/2021 00:00:00,04-Feb-2021 07:32:06,04-Feb-2021 13:57:52,41.9964612707192,590.4,72,14.4,06:25:46,3.2083,4.34728997289973,46.3437512436189,34.2016884177908,34.2016884177908,3,0,45
10541410,215,04/02/2021 00:00:00,04-Feb-2021 07:32:34,04-Feb-2021 13:58:19,41.9964612707192,590.4,72,14.4,06:25:46,3.2083,4.34728997289973,46.3437512436189,34.2016884177908,34.2016884177908,4,0,45
10541408,215,04/02/2021 00:00:00,04-Feb-2021 07:48:55,04-Feb-2021 14:14:42,41.9964612707192,590.4,72,14.4,06:25:46,3.2083,4.34728997289973,46.3437512436189,34.2016884177908,34.2016884177908,5,0,45
10541414,215,04/02/2021 00:00:00,04-Feb-2021 07:54:03,04-Feb-2021 14:19:49,41.9964612707192,590.4,72,14.4,06:25:46,3.2083,4.34728997289973,46.3437512436189,34.2016884177908,34.2016884177908,6,0,45
10541411,215,04/02/2021 00:00:00,04-Feb-2021 07:59:00,04-Feb-2021 14:24:46,41.9964612707192,590.4,72,14.4,06:25:46,3.2083,4.34728997289973,46.3437512436189,34.2016884177908,34.2016884177908,7,0,45
10541416,215,04/02/2021 00:00:00,04-Feb-2021 08:04:56,04-Feb-2021 14:30:42,41.9964612707192,590.4,72,14.4,06:25:46,3.2083,4.34728997289973,46.3437512436189,34.2016884177908,34.2016884177908,8,0,45
10541412,215,04/02/2021 00:00:00,04-Feb-2021 08:21:00,04-Feb-2021 14:46:45,41.9964612707192,590.4,72,14.4,06:25:45,3.2083,4.34728997289973,46.3437512436189,34.2016884177908,34.2016884177908,9,0,45
10541417,215,04/02/2021 00:00:00,04-Feb-2021 16:22:23,04-Feb-2021 22:48:08,41.9964612707192,590.4,72,14.4,06:25:45,3.2083,4.34728997289973,46.3437512436189,34.2016884177908,34.2016884177908,1,0,45
10541424,215,05/02/2021 00:00:00,05-Feb-2021 06:58:39,05-Feb-2021 13:27:57,40.997748751533,590.4,72,14.4,06:29:18,3.2417,4.39254742547425,45.3902961770073,33.4980385786314,33.4980385786314,1,0,45
10541420,215,05/02/2021 00:00:00,05-Feb-2021 07:36:51,05-Feb-2021 14:06:09,40.997748751533,590.4,72,14.4,06:29:18,3.2417,4.39254742547425,45.3902961770073,33.4980385786314,33.4980385786314,2,0,45
10541425,215,05/02/2021 00:00:00,05-Feb-2021 08:36:16,05-Feb-2021 15:05:34,40.997748751533,590.4,72,14.4,06:29:18,3.2417,4.39254742547425,45.3902961770073,33.4980385786314,33.4980385786314,3,0,45
10541419,215,05/02/2021 00:00:00,05-Feb-2021 08:43:53,05-Feb-2021 15:13:11,40.997748751533,590.4,72,14.4,06:29:18,3.2417,4.39254742547425,45.3902961770073,33.4980385786314,33.4980385786314,4,0,45
10541421,215,05/02/2021 00:00:00,05-Feb-2021 08:52:02,05-Feb-2021 15:21:20,40.997748751533,590.4,72,14.4,06:29:18,3.2417,4.39254742547425,45.3902961770073,33.4980385786314,33.4980385786314,5,0,45
10541423,215,05/02/2021 00:00:00,05-Feb-2021 08:58:07,05-Feb-2021 15:27:25,40.997748751533,590.4,72,14.4,06:29:18,3.2417,4.39254742547425,45.3902961770073,33.4980385786314,33.4980385786314,6,0,45
10541422,215,05/02/2021 00:00:00,05-Feb-2021 09:08:45,05-Feb-2021 15:38:03,40.997748751533,590.4,72,14.4,06:29:18,3.2417,4.39254742547425,45.3902961770073,33.4980385786314,33.4980385786314,7,0,45
10541418,215,05/02/2021 00:00:00,05-Feb-2021 09:10:54,05-Feb-2021 15:40:12,40.997748751533,590.4,72,14.4,06:29:18,3.2417,4.39254742547425,45.3902961770073,33.4980385786314,33.4980385786314,8,0,45
10541426,215,06/02/2021 00:00:00,06-Feb-2021 07:18:38,06-Feb-2021 13:47:56,40.997748751533,590.4,72,14.4,06:29:18,3.2417,4.39254742547425,45.3902961770073,33.4980385786314,33.4980385786314,1,0,45
10541427,215,06/02/2021 00:00:00,06-Feb-2021 08:15:44,06-Feb-2021 14:45:02,40.997748751533,590.4,72,14.4,06:29:18,3.2417,4.39254742547425,45.3902961770073,33.4980385786314,33.4980385786314,2,0,45
10541432,215,06/02/2021 00:00:00,06-Feb-2021 08:45:51,06-Feb-2021 15:15:09,40.997748751533,590.4,72,14.4,06:29:18,3.2417,4.39254742547425,45.3902961770073,33.4980385786314,33.4980385786314,3,0,45
10541430,215,06/02/2021 00:00:00,06-Feb-2021 09:11:15,06-Feb-2021 15:40:33,40.997748751533,590.4,72,14.4,06:29:18,3.2417,4.39254742547425,45.3902961770073,33.4980385786314,33.4980385786314,4,0,45
10541428,215,06/02/2021 00:00:00,06-Feb-2021 09:16:19,06-Feb-2021 15:45:37,40.997748751533,590.4,72,14.4,06:29:18,3.2417,4.39254742547425,45.3902961770073,33.4980385786314,33.4980385786314,5,0,45
10541431,215,06/02/2021 00:00:00,06-Feb-2021 09:27:27,06-Feb-2021 15:56:45,40.997748751533,590.4,72,14.4,06:29:18,3.2417,4.39254742547425,45.3902961770073,33.4980385786314,33.4980385786314,6,0,45
10541429,215,06/02/2021 00:00:00,06-Feb-2021 09:29:41,06-Feb-2021 15:59:01,40.997748751533,590.4,72,14.4,06:29:19,3.2417,4.39254742547425,45.3902961770073,33.4980385786314,33.4980385786314,7,0,45
10541436,215,07/02/2021 00:00:00,07-Feb-2021 06:57:40,07-Feb-2021 13:26:58,40.997748751533,590.4,72,14.4,06:29:18,3.2417,4.39254742547425,45.3902961770073,33.4980385786314,33.4980385786314,1,0,45
10541433,215,07/02/2021 00:00:00,07-Feb-2021 06:59:04,07-Feb-2021 13:28:22,40.997748751533,590.4,72,14.4,06:29:18,3.2417,4.39254742547425,45.3902961770073,33.4980385786314,33.4980385786314,2,0,45
10541440,215,07/02/2021 00:00:00,07-Feb-2021 07:06:46,07-Feb-2021 13:36:04,40.997748751533,590.4,72,14.4,06:29:18,3.2417,4.39254742547425,45.3902961770073,33.4980385786314,33.4980385786314,3,0,45
10541439,215,07/02/2021 00:00:00,07-Feb-2021 07:08:05,07-Feb-2021 13:37:23,40.997748751533,590.4,72,14.4,06:29:18,3.2417,4.39254742547425,45.3902961770073,33.4980385786314,33.4980385786314,4,0,45
10541435,215,07/02/2021 00:00:00,07-Feb-2021 07:31:27,07-Feb-2021 14:00:45,40.997748751533,590.4,72,14.4,06:29:18,3.2417,4.39254742547425,45.3902961770073,33.4980385786314,33.4980385786314,5,0,45
10541434,215,07/02/2021 00:00:00,07-Feb-2021 08:00:16,07-Feb-2021 14:29:34,40.997748751533,590.4,72,14.4,06:29:18,3.2417,4.39254742547425,45.3902961770073,33.4980385786314,33.4980385786314,6,0,45
10541438,215,07/02/2021 00:00:00,07-Feb-2021 09:19:33,07-Feb-2021 15:48:51,40.997748751533,590.4,72,14.4,06:29:18,3.2417,4.39254742547425,45.3902961770073,33.4980385786314,33.4980385786314,7,0,45
10541437,215,07/02/2021 00:00:00,07-Feb-2021 09:28:01,07-Feb-2021 15:57:19,40.997748751533,590.4,72,14.4,06:29:18,3.2417,4.39254742547425,45.3902961770073,33.4980385786314,33.4980385786314,8,0,45
10541447,215,08/02/2021 00:00:00,08-Feb-2021 06:31:16,08-Feb-2021 13:00:34,40.997748751533,590.4,72,14.4,06:29:18,3.2417,4.39254742547425,45.3902961770073,33.4980385786314,33.4980385786314,1,0,45
10541441,215,08/02/2021 00:00:00,08-Feb-2021 06:48:49,08-Feb-2021 13:18:07,40.997748751533,590.4,72,14.4,06:29:18,3.2417,4.39254742547425,45.3902961770073,33.4980385786314,33.4980385786314,2,0,45
10541443,215,08/02/2021 00:00:00,08-Feb-2021 06:51:02,08-Feb-2021 13:20:20,40.997748751533,590.4,72,14.4,06:29:18,3.2417,4.39254742547425,45.3902961770073,33.4980385786314,33.4980385786314,3,0,45
10541446,215,08/02/2021 00:00:00,08-Feb-2021 06:57:37,08-Feb-2021 13:26:55,40.997748751533,590.4,72,14.4,06:29:18,3.2417,4.39254742547425,45.3902961770073,33.4980385786314,33.4980385786314,4,0,45
10541442,215,08/02/2021 00:00:00,08-Feb-2021 06:58:44,08-Feb-2021 13:28:02,40.997748751533,590.4,72,14.4,06:29:18,3.2417,4.39254742547425,45.3902961770073,33.4980385786314,33.4980385786314,5,0,45
10541444,215,08/02/2021 00:00:00,08-Feb-2021 07:12:00,08-Feb-2021 13:41:18,40.997748751533,590.4,72,14.4,06:29:18,3.2417,4.39254742547425,45.3902961770073,33.4980385786314,33.4980385786314,6,0,45
10541448,215,08/02/2021 00:00:00,08-Feb-2021 07:13:34,08-Feb-2021 13:42:52,40.997748751533,590.4,72,14.4,06:29:18,3.2417,4.39254742547425,45.3902961770073,33.4980385786314,33.4980385786314,7,0,45
10541449,215,08/02/2021 00:00:00,08-Feb-2021 07:23:55,08-Feb-2021 13:53:13,40.997748751533,590.4,72,14.4,06:29:18,3.2417,4.39254742547425,45.3902961770073,33.4980385786314,33.4980385786314,8,0,45
10541445,215,08/02/2021 00:00:00,08-Feb-2021 07:51:53,08-Feb-2021 14:21:11,40.997748751533,590.4,72,14.4,06:29:18,3.2417,4.39254742547425,45.3902961770073,33.4980385786314,33.4980385786314,9,0,45
10541452,215,08/02/2021 00:00:00,08-Feb-2021 15:03:46,08-Feb-2021 21:33:04,40.997748751533,590.4,72,14.4,06:29:18,3.2417,4.39254742547425,45.3902961770073,33.4980385786314,33.4980385786314,1,0,45
10541450,215,08/02/2021 00:00:00,08-Feb-2021 15:19:55,08-Feb-2021 21:49:13,40.997748751533,590.4,72,14.4,06:29:18,3.2417,4.39254742547425,45.3902961770073,33.4980385786314,33.4980385786314,2,0,45
10541451,215,08/02/2021 00:00:00,08-Feb-2021 16:12:32,08-Feb-2021 22:41:50,40.997748751533,590.4,72,14.4,06:29:18,3.2417,4.39254742547425,45.3902961770073,33.4980385786314,33.4980385786314,3,0,45
10541453,215,09/02/2021 00:00:00,09-Feb-2021 06:35:10,09-Feb-2021 13:04:28,40.997748751533,590.4,72,14.4,06:29:18,3.2417,4.39254742547425,45.3902961770073,33.4980385786314,33.4980385786314,1,0,45
10541454,215,09/02/2021 00:00:00,09-Feb-2021 07:07:26,09-Feb-2021 13:36:44,40.997748751533,590.4,72,14.4,06:29:18,3.2417,4.39254742547425,45.3902961770073,33.4980385786314,33.4980385786314,2,0,45
10541460,215,09/02/2021 00:00:00,09-Feb-2021 07:21:49,09-Feb-2021 13:51:08,40.997748751533,590.4,72,14.4,06:29:19,3.2417,4.39254742547425,45.3902961770073,33.4980385786314,33.4980385786314,3,0,45
10541457,215,09/02/2021 00:00:00,09-Feb-2021 07:29:46,09-Feb-2021 13:59:04,40.997748751533,590.4,72,14.4,06:29:18,3.2417,4.39254742547425,45.3902961770073,33.4980385786314,33.4980385786314,4,0,45
10541456,215,09/02/2021 00:00:00,09-Feb-2021 07:36:11,09-Feb-2021 14:05:29,40.997748751533,590.4,72,14.4,06:29:18,3.2417,4.39254742547425,45.3902961770073,33.4980385786314,33.4980385786314,5,0,45
10541455,215,09/02/2021 00:00:00,09-Feb-2021 08:06:00,09-Feb-2021 14:35:20,40.997748751533,590.4,72,14.4,06:29:19,3.2417,4.39254742547425,45.3902961770073,33.4980385786314,33.4980385786314,6,0,45
10541459,215,09/02/2021 00:00:00,09-Feb-2021 08:08:17,09-Feb-2021 14:37:35,40.997748751533,590.4,72,14.4,06:29:18,3.2417,4.39254742547425,45.3902961770073,33.4980385786314,33.4980385786314,7,0,45
10541458,215,09/02/2021 00:00:00,09-Feb-2021 08:08:18,09-Feb-2021 14:37:36,40.997748751533,590.4,72,14.4,06:29:18,3.2417,4.39254742547425,45.3902961770073,33.4980385786314,33.4980385786314,8,0,45
10541461,215,09/02/2021 00:00:00,09-Feb-2021 08:19:46,09-Feb-2021 14:49:04,40.997748751533,590.4,72,14.4,06:29:18,3.2417,4.39254742547425,45.3902961770073,33.4980385786314,33.4980385786314,9,0,45
10541463,215,09/02/2021 00:00:00,09-Feb-2021 15:03:36,09-Feb-2021 21:32:54,40.997748751533,590.4,72,14.4,06:29:18,3.2417,4.39254742547425,45.3902961770073,33.4980385786314,33.4980385786314,1,0,45
10541462,215,09/02/2021 00:00:00,09-Feb-2021 16:11:25,09-Feb-2021 22:40:44,40.997748751533,590.4,72,14.4,06:29:19,3.2417,4.39254742547425,45.3902961770073,33.4980385786314,33.4980385786314,2,0,45
10541464,215,10/02/2021 00:00:00,10-Feb-2021 06:45:45,10-Feb-2021 13:15:03,40.997748751533,590.4,72,14.4,06:29:18,3.2417,4.39254742547425,45.3902961770073,33.4980385786314,33.4980385786314,1,0,45
10541468,215,10/02/2021 00:00:00,10-Feb-2021 06:58:13,10-Feb-2021 13:27:31,40.997748751533,590.4,72,14.4,06:29:18,3.2417,4.39254742547425,45.3902961770073,33.4980385786314,33.4980385786314,2,0,45
10541467,215,10/02/2021 00:00:00,10-Feb-2021 06:58:47,10-Feb-2021 13:28:05,40.997748751533,590.4,72,14.4,06:29:18,3.2417,4.39254742547425,45.3902961770073,33.4980385786314,33.4980385786314,3,0,45
10541465,215,10/02/2021 00:00:00,10-Feb-2021 07:10:07,10-Feb-2021 13:39:25,40.997748751533,590.4,72,14.4,06:29:18,3.2417,4.39254742547425,45.3902961770073,33.4980385786314,33.4980385786314,4,0,45
10541471,215,10/02/2021 00:00:00,10-Feb-2021 07:15:33,10-Feb-2021 13:44:51,40.997748751533,590.4,72,14.4,06:29:18,3.2417,4.39254742547425,45.3902961770073,33.4980385786314,33.4980385786314,5,0,45
10541470,215,10/02/2021 00:00:00,10-Feb-2021 07:51:57,10-Feb-2021 14:21:15,40.997748751533,590.4,72,14.4,06:29:18,3.2417,4.39254742547425,45.3902961770073,33.4980385786314,33.4980385786314,6,0,45
10541472,215,10/02/2021 00:00:00,10-Feb-2021 08:12:32,10-Feb-2021 14:41:51,40.997748751533,590.4,72,14.4,06:29:19,3.2417,4.39254742547425,45.3902961770073,33.4980385786314,33.4980385786314,7,0,45
10541469,215,10/02/2021 00:00:00,10-Feb-2021 08:19:46,10-Feb-2021 14:49:04,40.997748751533,590.4,72,14.4,06:29:18,3.2417,4.39254742547425,45.3902961770073,33.4980385786314,33.4980385786314,8,0,45
10541466,215,10/02/2021 00:00:00,10-Feb-2021 08:23:57,10-Feb-2021 14:53:15,40.997748751533,590.4,72,14.4,06:29:18,3.2417,4.39254742547425,45.3902961770073,33.4980385786314,33.4980385786314,9,0,45
10541478,215,11/02/2021 00:00:00,11-Feb-2021 06:42:24,11-Feb-2021 13:11:42,40.997748751533,590.4,72,14.4,06:29:18,3.2417,4.39254742547425,45.3902961770073,33.4980385786314,33.4980385786314,1,0,45
10541477,215,11/02/2021 00:00:00,11-Feb-2021 06:52:28,11-Feb-2021 13:21:46,40.997748751533,590.4,72,14.4,06:29:18,3.2417,4.39254742547425,45.3902961770073,33.4980385786314,33.4980385786314,2,0,45
10541475,215,11/02/2021 00:00:00,11-Feb-2021 07:08:40,11-Feb-2021 13:37:58,40.997748751533,590.4,72,14.4,06:29:18,3.2417,4.39254742547425,45.3902961770073,33.4980385786314,33.4980385786314,3,0,45
10541474,215,11/02/2021 00:00:00,11-Feb-2021 07:35:24,11-Feb-2021 14:04:42,40.997748751533,590.4,72,14.4,06:29:18,3.2417,4.39254742547425,45.3902961770073,33.4980385786314,33.4980385786314,4,0,45
10541476,215,11/02/2021 00:00:00,11-Feb-2021 07:56:11,11-Feb-2021 14:25:29,40.997748751533,590.4,72,14.4,06:29:18,3.2417,4.39254742547425,45.3902961770073,33.4980385786314,33.4980385786314,5,0,45
10541480,215,11/02/2021 00:00:00,11-Feb-2021 08:00:30,11-Feb-2021 14:29:49,40.997748751533,590.4,72,14.4,06:29:19,3.2417,4.39254742547425,45.3902961770073,33.4980385786314,33.4980385786314,6,0,45
10541479,215,11/02/2021 00:00:00,11-Feb-2021 08:02:52,11-Feb-2021 14:32:10,40.997748751533,590.4,72,14.4,06:29:18,3.2417,4.39254742547425,45.3902961770073,33.4980385786314,33.4980385786314,7,0,45
10541481,215,11/02/2021 00:00:00,11-Feb-2021 08:06:36,11-Feb-2021 14:35:54,40.997748751533,590.4,72,14.4,06:29:18,3.2417,4.39254742547425,45.3902961770073,33.4980385786314,33.4980385786314,8,0,45
10541473,215,11/02/2021 00:00:00,11-Feb-2021 08:24:39,11-Feb-2021 14:53:57,40.997748751533,590.4,72,14.4,06:29:18,3.2417,4.39254742547425,45.3902961770073,33.4980385786314,33.4980385786314,9,0,45
10541482,215,11/02/2021 00:00:00,11-Feb-2021 14:31:50,11-Feb-2021 21:01:08,40.997748751533,590.4,72,14.4,06:29:18,3.2417,4.39254742547425,45.3902961770073,33.4980385786314,33.4980385786314,1,0,45
10541484,215,12/02/2021 00:00:00,12-Feb-2021 06:56:29,12-Feb-2021 13:37:28,41.5479452113291,590.4,72,14.4,06:40:59,3.3333,4.51666666666667,46.0646118779958,33.9956835659609,33.9956835659609,1,0,45
10541487,215,12/02/2021 00:00:00,12-Feb-2021 07:32:50,12-Feb-2021 14:13:49,41.5479452113291,590.4,72,14.4,06:40:59,3.3333,4.51666666666667,46.0646118779958,33.9956835659609,33.9956835659609,2,0,45
10541488,215,12/02/2021 00:00:00,12-Feb-2021 07:39:32,12-Feb-2021 14:20:31,41.5479452113291,590.4,72,14.4,06:40:59,3.3333,4.51666666666667,46.0646118779958,33.9956835659609,33.9956835659609,3,0,45
10541485,215,12/02/2021 00:00:00,12-Feb-2021 08:34:59,12-Feb-2021 15:15:57,41.5479452113291,590.4,72,14.4,06:40:59,3.3333,4.51666666666667,46.0646118779958,33.9956835659609,33.9956835659609,4,0,45
10541483,215,12/02/2021 00:00:00,12-Feb-2021 08:42:53,12-Feb-2021 15:23:52,41.5479452113291,590.4,72,14.4,06:40:59,3.3333,4.51666666666667,46.0646118779958,33.9956835659609,33.9956835659609,5,0,45
10541489,215,12/02/2021 00:00:00,12-Feb-2021 08:51:35,12-Feb-2021 15:32:34,41.5479452113291,590.4,72,14.4,06:40:59,3.3333,4.51666666666667,46.0646118779958,33.9956835659609,33.9956835659609,6,0,45
10541486,215,12/02/2021 00:00:00,12-Feb-2021 09:22:54,12-Feb-2021 16:03:54,41.5479452113291,590.4,72,14.4,06:40:59,3.3333,4.51666666666667,46.0646118779958,33.9956835659609,33.9956835659609,7,0,45
10541495,215,13/02/2021 00:00:00,13-Feb-2021 06:39:18,13-Feb-2021 13:20:17,41.5479452113291,590.4,72,14.4,06:40:59,3.3333,4.51666666666667,46.0646118779958,33.9956835659609,33.9956835659609,1,0,45
10541493,215,13/02/2021 00:00:00,13-Feb-2021 07:06:28,13-Feb-2021 13:47:26,41.5479452113291,590.4,72,14.4,06:40:59,3.3333,4.51666666666667,46.0646118779958,33.9956835659609,33.9956835659609,2,0,45
10541492,215,13/02/2021 00:00:00,13-Feb-2021 07:19:18,13-Feb-2021 14:00:17,41.5479452113291,590.4,72,14.4,06:40:59,3.3333,4.51666666666667,46.0646118779958,33.9956835659609,33.9956835659609,3,0,45
10541491,215,13/02/2021 00:00:00,13-Feb-2021 07:36:47,13-Feb-2021 14:17:46,41.5479452113291,590.4,72,14.4,06:40:59,3.3333,4.51666666666667,46.0646118779958,33.9956835659609,33.9956835659609,4,0,45
10541494,215,13/02/2021 00:00:00,13-Feb-2021 08:16:23,13-Feb-2021 14:57:23,41.5479452113291,590.4,72,14.4,06:40:59,3.3333,4.51666666666667,46.0646118779958,33.9956835659609,33.9956835659609,5,0,45
10541490,215,13/02/2021 00:00:00,13-Feb-2021 08:58:31,13-Feb-2021 15:39:29,41.5479452113291,590.4,72,14.4,06:40:58,3.3333,4.51666666666667,46.0646118779958,33.9956835659609,33.9956835659609,6,0,45
10541497,215,14/02/2021 00:00:00,14-Feb-2021 06:36:19,14-Feb-2021 13:17:17,41.5479452113291,590.4,72,14.4,06:40:59,3.3333,4.51666666666667,46.0646118779958,33.9956835659609,33.9956835659609,1,0,45
10541502,215,14/02/2021 00:00:00,14-Feb-2021 06:48:49,14-Feb-2021 13:29:48,41.5479452113291,590.4,72,14.4,06:40:59,3.3333,4.51666666666667,46.0646118779958,33.9956835659609,33.9956835659609,2,0,45
10541501,215,14/02/2021 00:00:00,14-Feb-2021 06:59:14,14-Feb-2021 13:40:14,41.5479452113291,590.4,72,14.4,06:40:59,3.3333,4.51666666666667,46.0646118779958,33.9956835659609,33.9956835659609,3,0,45
10541500,215,14/02/2021 00:00:00,14-Feb-2021 07:10:59,14-Feb-2021 13:51:59,41.5479452113291,590.4,72,14.4,06:40:59,3.3333,4.51666666666667,46.0646118779958,33.9956835659609,33.9956835659609,4,0,45
10541503,215,14/02/2021 00:00:00,14-Feb-2021 07:17:35,14-Feb-2021 13:58:34,41.5479452113291,590.4,72,14.4,06:40:59,3.3333,4.51666666666667,46.0646118779958,33.9956835659609,33.9956835659609,5,0,45
10541499,215,14/02/2021 00:00:00,14-Feb-2021 08:16:30,14-Feb-2021 14:57:30,41.5479452113291,590.4,72,14.4,06:40:59,3.3333,4.51666666666667,46.0646118779958,33.9956835659609,33.9956835659609,6,0,45
10541498,215,14/02/2021 00:00:00,14-Feb-2021 09:05:48,14-Feb-2021 15:46:47,41.5479452113291,590.4,72,14.4,06:40:59,3.3333,4.51666666666667,46.0646118779958,33.9956835659609,33.9956835659609,7,0,45
10541496,215,14/02/2021 00:00:00,14-Feb-2021 09:10:34,14-Feb-2021 15:51:33,41.5479452113291,590.4,72,14.4,06:40:59,3.3333,4.51666666666667,46.0646118779958,33.9956835659609,33.9956835659609,8,0,45
10541508,215,15/02/2021 00:00:00,15-Feb-2021 06:47:07,15-Feb-2021 13:28:06,41.5479452113291,590.4,72,14.4,06:40:59,3.3333,4.51666666666667,46.0646118779958,33.9956835659609,33.9956835659609,1,0,45
10541505,215,15/02/2021 00:00:00,15-Feb-2021 07:11:29,15-Feb-2021 13:52:29,41.5479452113291,590.4,72,14.4,06:40:59,3.3333,4.51666666666667,46.0646118779958,33.9956835659609,33.9956835659609,2,0,45
10541511,215,15/02/2021 00:00:00,15-Feb-2021 07:20:52,15-Feb-2021 14:01:52,41.5479452113291,590.4,72,14.4,06:40:59,3.3333,4.51666666666667,46.0646118779958,33.9956835659609,33.9956835659609,3,0,45
10541510,215,15/02/2021 00:00:00,15-Feb-2021 07:21:22,15-Feb-2021 14:02:22,41.5479452113291,590.4,72,14.4,06:40:59,3.3333,4.51666666666667,46.0646118779958,33.9956835659609,33.9956835659609,4,0,45
10541504,215,15/02/2021 00:00:00,15-Feb-2021 07:29:14,15-Feb-2021 14:10:12,41.5479452113291,590.4,72,14.4,06:40:59,3.3333,4.51666666666667,46.0646118779958,33.9956835659609,33.9956835659609,5,0,45
10541512,215,15/02/2021 00:00:00,15-Feb-2021 07:29:22,15-Feb-2021 14:10:21,41.5479452113291,590.4,72,14.4,06:40:59,3.3333,4.51666666666667,46.0646118779958,33.9956835659609,33.9956835659609,6,0,45
10541506,215,15/02/2021 00:00:00,15-Feb-2021 07:38:10,15-Feb-2021 14:19:09,41.5479452113291,590.4,72,14.4,06:40:58,3.3333,4.51666666666667,46.0646118779958,33.9956835659609,33.9956835659609,7,0,45
10541509,215,15/02/2021 00:00:00,15-Feb-2021 07:41:45,15-Feb-2021 14:22:45,41.5479452113291,590.4,72,14.4,06:40:59,3.3333,4.51666666666667,46.0646118779958,33.9956835659609,33.9956835659609,8,0,45
10541507,215,15/02/2021 00:00:00,15-Feb-2021 08:15:51,15-Feb-2021 14:56:50,41.5479452113291,590.4,72,14.4,06:40:59,3.3333,4.51666666666667,46.0646118779958,33.9956835659609,33.9956835659609,9,0,45
10541513,215,15/02/2021 00:00:00,15-Feb-2021 14:47:31,15-Feb-2021 21:28:30,41.5479452113291,590.4,72,14.4,06:40:59,3.3333,4.51666666666667,46.0646118779958,33.9956835659609,33.9956835659609,1,0,45
10541514,215,15/02/2021 00:00:00,15-Feb-2021 15:35:37,15-Feb-2021 22:16:36,41.5479452113291,590.4,72,14.4,06:40:59,3.3333,4.51666666666667,46.0646118779958,33.9956835659609,33.9956835659609,2,0,45
10541517,215,16/02/2021 00:00:00,16-Feb-2021 06:35:44,16-Feb-2021 13:16:44,41.5479452113291,590.4,72,14.4,06:40:59,3.3333,4.51666666666667,46.0646118779958,33.9956835659609,33.9956835659609,1,0,45
10541522,215,16/02/2021 00:00:00,16-Feb-2021 06:35:57,16-Feb-2021 13:16:55,41.5479452113291,590.4,72,14.4,06:40:59,3.3333,4.51666666666667,46.0646118779958,33.9956835659609,33.9956835659609,2,0,45
10541523,215,16/02/2021 00:00:00,16-Feb-2021 06:51:10,16-Feb-2021 13:32:09,41.5479452113291,590.4,72,14.4,06:40:59,3.3333,4.51666666666667,46.0646118779958,33.9956835659609,33.9956835659609,3,0,45
10541520,215,16/02/2021 00:00:00,16-Feb-2021 06:51:19,16-Feb-2021 13:32:19,41.5479452113291,590.4,72,14.4,06:40:59,3.3333,4.51666666666667,46.0646118779958,33.9956835659609,33.9956835659609,4,0,45
10541518,215,16/02/2021 00:00:00,16-Feb-2021 06:56:33,16-Feb-2021 13:37:32,41.5479452113291,590.4,72,14.4,06:40:59,3.3333,4.51666666666667,46.0646118779958,33.9956835659609,33.9956835659609,5,0,45
10541515,215,16/02/2021 00:00:00,16-Feb-2021 07:11:50,16-Feb-2021 13:52:49,41.5479452113291,590.4,72,14.4,06:40:59,3.3333,4.51666666666667,46.0646118779958,33.9956835659609,33.9956835659609,6,0,45
10541521,215,16/02/2021 00:00:00,16-Feb-2021 08:07:41,16-Feb-2021 14:48:38,41.5479452113291,590.4,72,14.4,06:40:58,3.3333,4.51666666666667,46.0646118779958,33.9956835659609,33.9956835659609,7,0,45
10541516,215,16/02/2021 00:00:00,16-Feb-2021 08:09:27,16-Feb-2021 14:50:27,41.5479452113291,590.4,72,14.4,06:40:59,3.3333,4.51666666666667,46.0646118779958,33.9956835659609,33.9956835659609,8,0,45
10541519,215,16/02/2021 00:00:00,16-Feb-2021 08:09:50,16-Feb-2021 14:50:50,41.5479452113291,590.4,72,14.4,06:40:59,3.3333,4.51666666666667,46.0646118779958,33.9956835659609,33.9956835659609,9,0,45
10541524,215,16/02/2021 00:00:00,16-Feb-2021 15:30:40,16-Feb-2021 22:11:39,41.5479452113291,590.4,72,14.4,06:40:59,3.3333,4.51666666666667,46.0646118779958,33.9956835659609,33.9956835659609,1,0,45
10541528,215,17/02/2021 00:00:00,17-Feb-2021 07:19:31,17-Feb-2021 14:00:31,41.5479452113291,590.4,72,14.4,06:40:59,3.3333,4.51666666666667,46.0646118779958,33.9956835659609,33.9956835659609,1,0,45
10541527,215,17/02/2021 00:00:00,17-Feb-2021 07:32:02,17-Feb-2021 14:13:01,41.5479452113291,590.4,72,14.4,06:40:59,3.3333,4.51666666666667,46.0646118779958,33.9956835659609,33.9956835659609,2,0,45
10541525,215,17/02/2021 00:00:00,17-Feb-2021 07:45:04,17-Feb-2021 14:26:03,41.5479452113291,590.4,72,14.4,06:40:59,3.3333,4.51666666666667,46.0646118779958,33.9956835659609,33.9956835659609,3,0,45
10541530,215,17/02/2021 00:00:00,17-Feb-2021 08:24:42,17-Feb-2021 15:05:41,41.5479452113291,590.4,72,14.4,06:40:59,3.3333,4.51666666666667,46.0646118779958,33.9956835659609,33.9956835659609,4,0,45
10541532,215,17/02/2021 00:00:00,17-Feb-2021 08:25:20,17-Feb-2021 15:06:19,41.5479452113291,590.4,72,14.4,06:40:59,3.3333,4.51666666666667,46.0646118779958,33.9956835659609,33.9956835659609,5,0,45
10541526,215,17/02/2021 00:00:00,17-Feb-2021 08:52:51,17-Feb-2021 15:33:51,41.5479452113291,590.4,72,14.4,06:40:59,3.3333,4.51666666666667,46.0646118779958,33.9956835659609,33.9956835659609,6,0,45
10541529,215,17/02/2021 00:00:00,17-Feb-2021 09:01:44,17-Feb-2021 15:42:44,41.5479452113291,590.4,72,14.4,06:40:59,3.3333,4.51666666666667,46.0646118779958,33.9956835659609,33.9956835659609,7,0,45
10541531,215,17/02/2021 00:00:00,17-Feb-2021 09:09:39,17-Feb-2021 15:50:38,41.5479452113291,590.4,72,14.4,06:40:59,3.3333,4.51666666666667,46.0646118779958,33.9956835659609,33.9956835659609,8,0,45
10541540,215,18/02/2021 00:00:00,18-Feb-2021 06:44:56,18-Feb-2021 13:25:55,41.5479452113291,590.4,72,14.4,06:40:59,3.3333,4.51666666666667,46.0646118779958,33.9956835659609,33.9956835659609,1,0,45
10541538,215,18/02/2021 00:00:00,18-Feb-2021 06:45:59,18-Feb-2021 13:26:58,41.5479452113291,590.4,72,14.4,06:40:59,3.3333,4.51666666666667,46.0646118779958,33.9956835659609,33.9956835659609,2,0,45
10541533,215,18/02/2021 00:00:00,18-Feb-2021 06:52:03,18-Feb-2021 13:33:03,41.5479452113291,590.4,72,14.4,06:40:59,3.3333,4.51666666666667,46.0646118779958,33.9956835659609,33.9956835659609,3,0,45
10541534,215,18/02/2021 00:00:00,18-Feb-2021 06:59:36,18-Feb-2021 13:40:35,41.5479452113291,590.4,72,14.4,06:40:59,3.3333,4.51666666666667,46.0646118779958,33.9956835659609,33.9956835659609,4,0,45
10541541,215,18/02/2021 00:00:00,18-Feb-2021 07:01:05,18-Feb-2021 13:42:04,41.5479452113291,590.4,72,14.4,06:40:58,3.3333,4.51666666666667,46.0646118779958,33.9956835659609,33.9956835659609,5,0,45
10541539,215,18/02/2021 00:00:00,18-Feb-2021 07:19:13,18-Feb-2021 14:00:11,41.5479452113291,590.4,72,14.4,06:40:59,3.3333,4.51666666666667,46.0646118779958,33.9956835659609,33.9956835659609,6,0,45
10541536,215,18/02/2021 00:00:00,18-Feb-2021 07:21:59,18-Feb-2021 14:02:59,41.5479452113291,590.4,72,14.4,06:40:59,3.3333,4.51666666666667,46.0646118779958,33.9956835659609,33.9956835659609,7,0,45
10541537,215,18/02/2021 00:00:00,18-Feb-2021 07:32:37,18-Feb-2021 14:13:37,41.5479452113291,590.4,72,14.4,06:40:59,3.3333,4.51666666666667,46.0646118779958,33.9956835659609,33.9956835659609,8,0,45
10541535,215,18/02/2021 00:00:00,18-Feb-2021 08:19:31,18-Feb-2021 15:00:30,41.5479452113291,590.4,72,14.4,06:40:59,3.3333,4.51666666666667,46.0646118779958,33.9956835659609,33.9956835659609,9,0,45
10541548,215,19/02/2021 00:00:00,19-Feb-2021 06:44:17,19-Feb-2021 13:55:24,42.7049718005697,590.4,72,14.4,07:11:06,3.5917,4.86680216802168,47.5717739685914,35.1079691888204,35.1079691888204,1,0,45
10541547,215,19/02/2021 00:00:00,19-Feb-2021 07:05:39,19-Feb-2021 14:16:45,42.7049718005697,590.4,72,14.4,07:11:06,3.5917,4.86680216802168,47.5717739685914,35.1079691888204,35.1079691888204,2,0,45
10541546,215,19/02/2021 00:00:00,19-Feb-2021 07:24:01,19-Feb-2021 14:35:06,42.7049718005697,590.4,72,14.4,07:11:05,3.5917,4.86680216802168,47.5717739685914,35.1079691888204,35.1079691888204,3,0,45
10541544,215,19/02/2021 00:00:00,19-Feb-2021 07:27:55,19-Feb-2021 14:39:00,42.7049718005697,590.4,72,14.4,07:11:05,3.5917,4.86680216802168,47.5717739685914,35.1079691888204,35.1079691888204,4,0,45
10541542,215,19/02/2021 00:00:00,19-Feb-2021 07:54:35,19-Feb-2021 15:05:41,42.7049718005697,590.4,72,14.4,07:11:06,3.5917,4.86680216802168,47.5717739685914,35.1079691888204,35.1079691888204,5,0,45
10541543,215,19/02/2021 00:00:00,19-Feb-2021 09:18:38,19-Feb-2021 16:29:44,42.7049718005697,590.4,72,14.4,07:11:06,3.5917,4.86680216802168,47.5717739685914,35.1079691888204,35.1079691888204,6,0,45
10541545,215,19/02/2021 00:00:00,19-Feb-2021 09:21:44,19-Feb-2021 16:32:50,42.7049718005697,590.4,72,14.4,07:11:06,3.5917,4.86680216802168,47.5717739685914,35.1079691888204,35.1079691888204,7,0,45
10541549,215,20/02/2021 00:00:00,20-Feb-2021 06:47:06,20-Feb-2021 13:58:12,42.7049718005697,590.4,72,14.4,07:11:06,3.5917,4.86680216802168,47.5717739685914,35.1079691888204,35.1079691888204,1,0,45
10541553,215,20/02/2021 00:00:00,20-Feb-2021 06:57:13,20-Feb-2021 14:08:19,42.7049718005697,590.4,72,14.4,07:11:06,3.5917,4.86680216802168,47.5717739685914,35.1079691888204,35.1079691888204,2,0,45
10541551,215,20/02/2021 00:00:00,20-Feb-2021 07:15:08,20-Feb-2021 14:26:14,42.7049718005697,590.4,72,14.4,07:11:06,3.5917,4.86680216802168,47.5717739685914,35.1079691888204,35.1079691888204,3,0,45
10541550,215,20/02/2021 00:00:00,20-Feb-2021 07:39:02,20-Feb-2021 14:50:07,42.7049718005697,590.4,72,14.4,07:11:06,3.5917,4.86680216802168,47.5717739685914,35.1079691888204,35.1079691888204,4,0,45
10541554,215,20/02/2021 00:00:00,20-Feb-2021 08:22:48,20-Feb-2021 15:33:53,42.7049718005697,590.4,72,14.4,07:11:06,3.5917,4.86680216802168,47.5717739685914,35.1079691888204,35.1079691888204,5,0,45
10541552,215,20/02/2021 00:00:00,20-Feb-2021 09:12:56,20-Feb-2021 16:24:02,42.7049718005697,590.4,72,14.4,07:11:06,3.5917,4.86680216802168,47.5717739685914,35.1079691888204,35.1079691888204,6,0,45
10541560,215,21/02/2021 00:00:00,21-Feb-2021 06:58:35,21-Feb-2021 14:09:41,42.7049718005697,590.4,72,14.4,07:11:06,3.5917,4.86680216802168,47.5717739685914,35.1079691888204,35.1079691888204,1,0,45
10541558,215,21/02/2021 00:00:00,21-Feb-2021 07:03:32,21-Feb-2021 14:14:38,42.7049718005697,590.4,72,14.4,07:11:06,3.5917,4.86680216802168,47.5717739685914,35.1079691888204,35.1079691888204,2,0,45
10541555,215,21/02/2021 00:00:00,21-Feb-2021 07:20:07,21-Feb-2021 14:31:12,42.7049718005697,590.4,72,14.4,07:11:05,3.5917,4.86680216802168,47.5717739685914,35.1079691888204,35.1079691888204,3,0,45
10541556,215,21/02/2021 00:00:00,21-Feb-2021 08:04:08,21-Feb-2021 15:15:13,42.7049718005697,590.4,72,14.4,07:11:06,3.5917,4.86680216802168,47.5717739685914,35.1079691888204,35.1079691888204,4,0,45
10541559,215,21/02/2021 00:00:00,21-Feb-2021 08:28:43,21-Feb-2021 15:39:48,42.7049718005697,590.4,72,14.4,07:11:05,3.5917,4.86680216802168,47.5717739685914,35.1079691888204,35.1079691888204,5,0,45
10541557,215,21/02/2021 00:00:00,21-Feb-2021 09:15:27,21-Feb-2021 16:26:33,42.7049718005697,590.4,72,14.4,07:11:06,3.5917,4.86680216802168,47.5717739685914,35.1079691888204,35.1079691888204,6,0,45
10541561,215,21/02/2021 00:00:00,21-Feb-2021 09:27:27,21-Feb-2021 16:38:32,42.7049718005697,590.4,72,14.4,07:11:05,3.5917,4.86680216802168,47.5717739685914,35.1079691888204,35.1079691888204,7,0,45
10541564,215,22/02/2021 00:00:00,22-Feb-2021 06:38:55,22-Feb-2021 13:50:01,42.7049718005697,590.4,72,14.4,07:11:06,3.5917,4.86680216802168,47.5717739685914,35.1079691888204,35.1079691888204,1,0,45
10541568,215,22/02/2021 00:00:00,22-Feb-2021 06:47:54,22-Feb-2021 13:59:00,42.7049718005697,590.4,72,14.4,07:11:06,3.5917,4.86680216802168,47.5717739685914,35.1079691888204,35.1079691888204,2,0,45
10541569,215,22/02/2021 00:00:00,22-Feb-2021 07:26:26,22-Feb-2021 14:37:33,42.7049718005697,590.4,72,14.4,07:11:06,3.5917,4.86680216802168,47.5717739685914,35.1079691888204,35.1079691888204,3,0,45
10541565,215,22/02/2021 00:00:00,22-Feb-2021 07:45:14,22-Feb-2021 14:56:21,42.7049718005697,590.4,72,14.4,07:11:06,3.5917,4.86680216802168,47.5717739685914,35.1079691888204,35.1079691888204,4,0,45
10541562,215,22/02/2021 00:00:00,22-Feb-2021 07:47:29,22-Feb-2021 14:58:34,42.7049718005697,590.4,72,14.4,07:11:05,3.5917,4.86680216802168,47.5717739685914,35.1079691888204,35.1079691888204,5,0,45
10541563,215,22/02/2021 00:00:00,22-Feb-2021 07:50:01,22-Feb-2021 15:01:07,42.7049718005697,590.4,72,14.4,07:11:06,3.5917,4.86680216802168,47.5717739685914,35.1079691888204,35.1079691888204,6,0,45
10541567,215,22/02/2021 00:00:00,22-Feb-2021 07:50:09,22-Feb-2021 15:01:15,42.7049718005697,590.4,72,14.4,07:11:06,3.5917,4.86680216802168,47.5717739685914,35.1079691888204,35.1079691888204,7,0,45
10541570,215,22/02/2021 00:00:00,22-Feb-2021 08:01:11,22-Feb-2021 15:12:18,42.7049718005697,590.4,72,14.4,07:11:06,3.5917,4.86680216802168,47.5717739685914,35.1079691888204,35.1079691888204,8,0,45
10541566,215,22/02/2021 00:00:00,22-Feb-2021 08:14:00,22-Feb-2021 15:25:06,42.7049718005697,590.4,72,14.4,07:11:06,3.5917,4.86680216802168,47.5717739685914,35.1079691888204,35.1079691888204,9,0,45
10541571,215,22/02/2021 00:00:00,22-Feb-2021 16:14:02,22-Feb-2021 23:25:07,42.7049718005697,590.4,72,14.4,07:11:05,3.5917,4.86680216802168,47.5717739685914,35.1079691888204,35.1079691888204,1,0,45
10541578,215,23/02/2021 00:00:00,23-Feb-2021 06:45:30,23-Feb-2021 13:56:35,42.7049718005697,590.4,72,14.4,07:11:06,3.5917,4.86680216802168,47.5717739685914,35.1079691888204,35.1079691888204,1,0,45
10541577,215,23/02/2021 00:00:00,23-Feb-2021 06:47:46,23-Feb-2021 13:58:52,42.7049718005697,590.4,72,14.4,07:11:06,3.5917,4.86680216802168,47.5717739685914,35.1079691888204,35.1079691888204,2,0,45
10541579,215,23/02/2021 00:00:00,23-Feb-2021 07:08:22,23-Feb-2021 14:19:27,42.7049718005697,590.4,72,14.4,07:11:05,3.5917,4.86680216802168,47.5717739685914,35.1079691888204,35.1079691888204,3,0,45
10541580,215,23/02/2021 00:00:00,23-Feb-2021 07:09:04,23-Feb-2021 14:20:10,42.7049718005697,590.4,72,14.4,07:11:06,3.5917,4.86680216802168,47.5717739685914,35.1079691888204,35.1079691888204,4,0,45
10541574,215,23/02/2021 00:00:00,23-Feb-2021 07:45:47,23-Feb-2021 14:56:52,42.7049718005697,590.4,72,14.4,07:11:05,3.5917,4.86680216802168,47.5717739685914,35.1079691888204,35.1079691888204,5,0,45
10541572,215,23/02/2021 00:00:00,23-Feb-2021 07:51:13,23-Feb-2021 15:02:19,42.7049718005697,590.4,72,14.4,07:11:06,3.5917,4.86680216802168,47.5717739685914,35.1079691888204,35.1079691888204,6,0,45
10541573,215,23/02/2021 00:00:00,23-Feb-2021 08:17:43,23-Feb-2021 15:28:48,42.7049718005697,590.4,72,14.4,07:11:05,3.5917,4.86680216802168,47.5717739685914,35.1079691888204,35.1079691888204,7,0,45
10541575,215,23/02/2021 00:00:00,23-Feb-2021 08:23:51,23-Feb-2021 15:34:57,42.7049718005697,590.4,72,14.4,07:11:06,3.5917,4.86680216802168,47.5717739685914,35.1079691888204,35.1079691888204,8,0,45
10541576,215,23/02/2021 00:00:00,23-Feb-2021 08:29:33,23-Feb-2021 15:40:38,42.7049718005697,590.4,72,14.4,07:11:05,3.5917,4.86680216802168,47.5717739685914,35.1079691888204,35.1079691888204,9,0,45
10541581,215,24/02/2021 00:00:00,24-Feb-2021 07:11:57,24-Feb-2021 14:23:03,42.7049718005697,590.4,72,14.4,07:11:06,3.5917,4.86680216802168,47.5717739685914,35.1079691888204,35.1079691888204,1,0,45
10541584,215,24/02/2021 00:00:00,24-Feb-2021 07:50:02,24-Feb-2021 15:01:07,42.7049718005697,590.4,72,14.4,07:11:05,3.5917,4.86680216802168,47.5717739685914,35.1079691888204,35.1079691888204,2,0,45
10541587,215,24/02/2021 00:00:00,24-Feb-2021 08:03:53,24-Feb-2021 15:14:58,42.7049718005697,590.4,72,14.4,07:11:06,3.5917,4.86680216802168,47.5717739685914,35.1079691888204,35.1079691888204,3,0,45
10541586,215,24/02/2021 00:00:00,24-Feb-2021 08:09:11,24-Feb-2021 15:20:17,42.7049718005697,590.4,72,14.4,07:11:06,3.5917,4.86680216802168,47.5717739685914,35.1079691888204,35.1079691888204,4,0,45
10541585,215,24/02/2021 00:00:00,24-Feb-2021 08:31:12,24-Feb-2021 15:42:17,42.7049718005697,590.4,72,14.4,07:11:06,3.5917,4.86680216802168,47.5717739685914,35.1079691888204,35.1079691888204,5,0,45
10541583,215,24/02/2021 00:00:00,24-Feb-2021 09:14:35,24-Feb-2021 16:25:41,42.7049718005697,590.4,72,14.4,07:11:06,3.5917,4.86680216802168,47.5717739685914,35.1079691888204,35.1079691888204,6,0,45
10541582,215,24/02/2021 00:00:00,24-Feb-2021 09:29:27,24-Feb-2021 16:40:32,42.7049718005697,590.4,72,14.4,07:11:05,3.5917,4.86680216802168,47.5717739685914,35.1079691888204,35.1079691888204,7,0,45
10541591,215,25/02/2021 00:00:00,25-Feb-2021 06:46:04,25-Feb-2021 13:57:10,42.7049718005697,590.4,72,14.4,07:11:06,3.5917,4.86680216802168,47.5717739685914,35.1079691888204,35.1079691888204,1,0,45
10541589,215,25/02/2021 00:00:00,25-Feb-2021 07:21:27,25-Feb-2021 14:32:33,42.7049718005697,590.4,72,14.4,07:11:06,3.5917,4.86680216802168,47.5717739685914,35.1079691888204,35.1079691888204,2,0,45
10541593,215,25/02/2021 00:00:00,25-Feb-2021 07:34:12,25-Feb-2021 14:45:18,42.7049718005697,590.4,72,14.4,07:11:06,3.5917,4.86680216802168,47.5717739685914,35.1079691888204,35.1079691888204,3,0,45
10541594,215,25/02/2021 00:00:00,25-Feb-2021 08:15:48,25-Feb-2021 15:26:54,42.7049718005697,590.4,72,14.4,07:11:06,3.5917,4.86680216802168,47.5717739685914,35.1079691888204,35.1079691888204,4,0,45
10541592,215,25/02/2021 00:00:00,25-Feb-2021 08:25:27,25-Feb-2021 15:36:33,42.7049718005697,590.4,72,14.4,07:11:06,3.5917,4.86680216802168,47.5717739685914,35.1079691888204,35.1079691888204,5,0,45
10541595,215,25/02/2021 00:00:00,25-Feb-2021 08:37:19,25-Feb-2021 15:48:25,42.7049718005697,590.4,72,14.4,07:11:06,3.5917,4.86680216802168,47.5717739685914,35.1079691888204,35.1079691888204,6,0,45
10541590,215,25/02/2021 00:00:00,25-Feb-2021 09:12:58,25-Feb-2021 16:24:03,42.7049718005697,590.4,72,14.4,07:11:05,3.5917,4.86680216802168,47.5717739685914,35.1079691888204,35.1079691888204,7,0,45
10541588,215,25/02/2021 00:00:00,25-Feb-2021 09:20:50,25-Feb-2021 16:31:56,42.7049718005697,590.4,72,14.4,07:11:06,3.5917,4.86680216802168,47.5717739685914,35.1079691888204,35.1079691888204,8,0,45
10541596,215,26/02/2021 00:00:00,26-Feb-2021 06:41:21,26-Feb-2021 13:17:23,40.5387050385278,590.4,72,14.4,06:36:02,3.3,4.47154471544715,45.010249753975,33.2175643184335,33.2175643184335,1,0,45
10541598,215,26/02/2021 00:00:00,26-Feb-2021 06:47:09,26-Feb-2021 13:23:11,40.5387050385278,590.4,72,14.4,06:36:02,3.3,4.47154471544715,45.010249753975,33.2175643184335,33.2175643184335,2,0,45
10541602,215,26/02/2021 00:00:00,26-Feb-2021 06:48:51,26-Feb-2021 13:24:54,40.5387050385278,590.4,72,14.4,06:36:02,3.3,4.47154471544715,45.010249753975,33.2175643184335,33.2175643184335,3,0,45
10541597,215,26/02/2021 00:00:00,26-Feb-2021 07:02:56,26-Feb-2021 13:38:59,40.5387050385278,590.4,72,14.4,06:36:02,3.3,4.47154471544715,45.010249753975,33.2175643184335,33.2175643184335,4,0,45
10541600,215,26/02/2021 00:00:00,26-Feb-2021 07:57:06,26-Feb-2021 14:33:09,40.5387050385278,590.4,72,14.4,06:36:02,3.3,4.47154471544715,45.010249753975,33.2175643184335,33.2175643184335,5,0,45
10541601,215,26/02/2021 00:00:00,26-Feb-2021 08:25:59,26-Feb-2021 15:02:02,40.5387050385278,590.4,72,14.4,06:36:03,3.3,4.47154471544715,45.010249753975,33.2175643184335,33.2175643184335,6,0,45
10541599,215,26/02/2021 00:00:00,26-Feb-2021 08:58:58,26-Feb-2021 15:35:00,40.5387050385278,590.4,72,14.4,06:36:02,3.3,4.47154471544715,45.010249753975,33.2175643184335,33.2175643184335,7,0,45
10541608,215,27/02/2021 00:00:00,27-Feb-2021 06:35:15,27-Feb-2021 13:11:18,40.5387050385278,590.4,72,14.4,06:36:02,3.3,4.47154471544715,45.010249753975,33.2175643184335,33.2175643184335,1,0,45
10541606,215,27/02/2021 00:00:00,27-Feb-2021 06:35:27,27-Feb-2021 13:11:28,40.5387050385278,590.4,72,14.4,06:36:02,3.3,4.47154471544715,45.010249753975,33.2175643184335,33.2175643184335,2,0,45
10541603,215,27/02/2021 00:00:00,27-Feb-2021 07:07:28,27-Feb-2021 13:43:29,40.5387050385278,590.4,72,14.4,06:36:02,3.3,4.47154471544715,45.010249753975,33.2175643184335,33.2175643184335,3,0,45
10541607,215,27/02/2021 00:00:00,27-Feb-2021 07:22:43,27-Feb-2021 13:58:46,40.5387050385278,590.4,72,14.4,06:36:02,3.3,4.47154471544715,45.010249753975,33.2175643184335,33.2175643184335,4,0,45
10541605,215,27/02/2021 00:00:00,27-Feb-2021 08:26:22,27-Feb-2021 15:02:25,40.5387050385278,590.4,72,14.4,06:36:03,3.3,4.47154471544715,45.010249753975,33.2175643184335,33.2175643184335,5,0,45
10541604,215,27/02/2021 00:00:00,27-Feb-2021 08:34:46,27-Feb-2021 15:10:47,40.5387050385278,590.4,72,14.4,06:36:02,3.3,4.47154471544715,45.010249753975,33.2175643184335,33.2175643184335,6,0,45
10541613,215,28/02/2021 00:00:00,28-Feb-2021 06:35:10,28-Feb-2021 13:11:12,40.5387050385278,590.4,72,14.4,06:36:02,3.3,4.47154471544715,45.010249753975,33.2175643184335,33.2175643184335,1,0,45
10541610,215,28/02/2021 00:00:00,28-Feb-2021 08:04:27,28-Feb-2021 14:40:28,40.5387050385278,590.4,72,14.4,06:36:02,3.3,4.47154471544715,45.010249753975,33.2175643184335,33.2175643184335,2,0,45
10541611,215,28/02/2021 00:00:00,28-Feb-2021 08:38:00,28-Feb-2021 15:14:02,40.5387050385278,590.4,72,14.4,06:36:02,3.3,4.47154471544715,45.010249753975,33.2175643184335,33.2175643184335,3,0,45
10541615,215,28/02/2021 00:00:00,28-Feb-2021 08:56:36,28-Feb-2021 15:32:38,40.5387050385278,590.4,72,14.4,06:36:02,3.3,4.47154471544715,45.010249753975,33.2175643184335,33.2175643184335,4,0,45
10541614,215,28/02/2021 00:00:00,28-Feb-2021 08:58:25,28-Feb-2021 15:34:28,40.5387050385278,590.4,72,14.4,06:36:02,3.3,4.47154471544715,45.010249753975,33.2175643184335,33.2175643184335,5,0,45
10541612,215,28/02/2021 00:00:00,28-Feb-2021 09:09:54,28-Feb-2021 15:45:56,40.5387050385278,590.4,72,14.4,06:36:02,3.3,4.47154471544715,45.010249753975,33.2175643184335,33.2175643184335,6,0,45
10541609,215,28/02/2021 00:00:00,28-Feb-2021 09:10:39,28-Feb-2021 15:46:43,40.5387050385278,590.4,72,14.4,06:36:03,3.3,4.47154471544715,45.010249753975,33.2175643184335,33.2175643184335,7,0,45
10541624,215,01/03/2021 00:00:00,01-Mar-2021 06:48:53,01-Mar-2021 13:24:56,40.5387050385278,590.4,72,14.4,06:36:03,3.3,4.47154471544715,45.010249753975,33.2175643184335,33.2175643184335,1,0,45
10541616,215,01/03/2021 00:00:00,01-Mar-2021 07:00:53,01-Mar-2021 13:36:56,40.5387050385278,590.4,72,14.4,06:36:03,3.3,4.47154471544715,45.010249753975,33.2175643184335,33.2175643184335,2,0,45
10541621,215,01/03/2021 00:00:00,01-Mar-2021 07:13:42,01-Mar-2021 13:49:45,40.5387050385278,590.4,72,14.4,06:36:02,3.3,4.47154471544715,45.010249753975,33.2175643184335,33.2175643184335,3,0,45
10541620,215,01/03/2021 00:00:00,01-Mar-2021 07:17:40,01-Mar-2021 13:53:43,40.5387050385278,590.4,72,14.4,06:36:02,3.3,4.47154471544715,45.010249753975,33.2175643184335,33.2175643184335,4,0,45
10541619,215,01/03/2021 00:00:00,01-Mar-2021 07:18:38,01-Mar-2021 13:54:40,40.5387050385278,590.4,72,14.4,06:36:02,3.3,4.47154471544715,45.010249753975,33.2175643184335,33.2175643184335,5,0,45
10541618,215,01/03/2021 00:00:00,01-Mar-2021 07:31:01,01-Mar-2021 14:07:04,40.5387050385278,590.4,72,14.4,06:36:02,3.3,4.47154471544715,45.010249753975,33.2175643184335,33.2175643184335,6,0,45
10541617,215,01/03/2021 00:00:00,01-Mar-2021 07:39:44,01-Mar-2021 14:15:46,40.5387050385278,590.4,72,14.4,06:36:03,3.3,4.47154471544715,45.010249753975,33.2175643184335,33.2175643184335,7,0,45
10541623,215,01/03/2021 00:00:00,01-Mar-2021 08:13:42,01-Mar-2021 14:49:44,40.5387050385278,590.4,72,14.4,06:36:02,3.3,4.47154471544715,45.010249753975,33.2175643184335,33.2175643184335,8,0,45
10541622,215,01/03/2021 00:00:00,01-Mar-2021 08:15:40,01-Mar-2021 14:51:42,40.5387050385278,590.4,72,14.4,06:36:02,3.3,4.47154471544715,45.010249753975,33.2175643184335,33.2175643184335,9,0,45
10541625,215,01/03/2021 00:00:00,01-Mar-2021 14:53:02,01-Mar-2021 21:29:04,40.5387050385278,590.4,72,14.4,06:36:02,3.3,4.47154471544715,45.010249753975,33.2175643184335,33.2175643184335,1,0,45
10541627,215,02/03/2021 00:00:00,02-Mar-2021 06:40:32,02-Mar-2021 13:16:33,40.5387050385278,590.4,72,14.4,06:36:02,3.3,4.47154471544715,45.010249753975,33.2175643184335,33.2175643184335,1,0,45
10541626,215,02/03/2021 00:00:00,02-Mar-2021 06:50:19,02-Mar-2021 13:26:22,40.5387050385278,590.4,72,14.4,06:36:02,3.3,4.47154471544715,45.010249753975,33.2175643184335,33.2175643184335,2,0,45
10541630,215,02/03/2021 00:00:00,02-Mar-2021 06:57:15,02-Mar-2021 13:33:18,40.5387050385278,590.4,72,14.4,06:36:02,3.3,4.47154471544715,45.010249753975,33.2175643184335,33.2175643184335,3,0,45
10541634,215,02/03/2021 00:00:00,02-Mar-2021 07:05:35,02-Mar-2021 13:41:37,40.5387050385278,590.4,72,14.4,06:36:02,3.3,4.47154471544715,45.010249753975,33.2175643184335,33.2175643184335,4,0,45
10541633,215,02/03/2021 00:00:00,02-Mar-2021 07:15:59,02-Mar-2021 13:52:01,40.5387050385278,590.4,72,14.4,06:36:02,3.3,4.47154471544715,45.010249753975,33.2175643184335,33.2175643184335,5,0,45
10541632,215,02/03/2021 00:00:00,02-Mar-2021 07:28:17,02-Mar-2021 14:04:20,40.5387050385278,590.4,72,14.4,06:36:03,3.3,4.47154471544715,45.010249753975,33.2175643184335,33.2175643184335,6,0,45
10541628,215,02/03/2021 00:00:00,02-Mar-2021 07:29:16,02-Mar-2021 14:05:20,40.5387050385278,590.4,72,14.4,06:36:03,3.3,4.47154471544715,45.010249753975,33.2175643184335,33.2175643184335,7,0,45
10541629,215,02/03/2021 00:00:00,02-Mar-2021 07:46:08,02-Mar-2021 14:22:10,40.5387050385278,590.4,72,14.4,06:36:02,3.3,4.47154471544715,45.010249753975,33.2175643184335,33.2175643184335,8,0,45
10541631,215,02/03/2021 00:00:00,02-Mar-2021 08:14:37,02-Mar-2021 14:50:38,40.5387050385278,590.4,72,14.4,06:36:02,3.3,4.47154471544715,45.010249753975,33.2175643184335,33.2175643184335,9,0,45
10541635,215,02/03/2021 00:00:00,02-Mar-2021 16:24:47,02-Mar-2021 23:00:48,40.5387050385278,590.4,72,14.4,06:36:02,3.3,4.47154471544715,45.010249753975,33.2175643184335,33.2175643184335,1,0,45
10541636,215,03/03/2021 00:00:00,03-Mar-2021 06:57:38,03-Mar-2021 13:33:41,40.5387050385278,590.4,72,14.4,06:36:02,3.3,4.47154471544715,45.010249753975,33.2175643184335,33.2175643184335,1,0,45
10541643,215,03/03/2021 00:00:00,03-Mar-2021 07:11:43,03-Mar-2021 13:47:46,40.5387050385278,590.4,72,14.4,06:36:02,3.3,4.47154471544715,45.010249753975,33.2175643184335,33.2175643184335,2,0,45
10541638,215,03/03/2021 00:00:00,03-Mar-2021 07:35:45,03-Mar-2021 14:11:48,40.5387050385278,590.4,72,14.4,06:36:03,3.3,4.47154471544715,45.010249753975,33.2175643184335,33.2175643184335,3,0,45
10541642,215,03/03/2021 00:00:00,03-Mar-2021 07:55:09,03-Mar-2021 14:31:12,40.5387050385278,590.4,72,14.4,06:36:03,3.3,4.47154471544715,45.010249753975,33.2175643184335,33.2175643184335,4,0,45
10541639,215,03/03/2021 00:00:00,03-Mar-2021 08:02:37,03-Mar-2021 14:38:38,40.5387050385278,590.4,72,14.4,06:36:02,3.3,4.47154471544715,45.010249753975,33.2175643184335,33.2175643184335,5,0,45
10541640,215,03/03/2021 00:00:00,03-Mar-2021 08:19:04,03-Mar-2021 14:55:05,40.5387050385278,590.4,72,14.4,06:36:02,3.3,4.47154471544715,45.010249753975,33.2175643184335,33.2175643184335,6,0,45
10541637,215,03/03/2021 00:00:00,03-Mar-2021 08:28:58,03-Mar-2021 15:05:00,40.5387050385278,590.4,72,14.4,06:36:02,3.3,4.47154471544715,45.010249753975,33.2175643184335,33.2175643184335,7,0,45
10541641,215,03/03/2021 00:00:00,03-Mar-2021 09:17:10,03-Mar-2021 15:53:11,40.5387050385278,590.4,72,14.4,06:36:02,3.3,4.47154471544715,45.010249753975,33.2175643184335,33.2175643184335,8,0,45
10541650,215,04/03/2021 00:00:00,04-Mar-2021 06:51:33,04-Mar-2021 13:27:35,40.5387050385278,590.4,72,14.4,06:36:02,3.3,4.47154471544715,45.010249753975,33.2175643184335,33.2175643184335,1,0,45
10541644,215,04/03/2021 00:00:00,04-Mar-2021 06:51:57,04-Mar-2021 13:28:00,40.5387050385278,590.4,72,14.4,06:36:02,3.3,4.47154471544715,45.010249753975,33.2175643184335,33.2175643184335,2,0,45
10541645,215,04/03/2021 00:00:00,04-Mar-2021 06:54:34,04-Mar-2021 13:30:36,40.5387050385278,590.4,72,14.4,06:36:02,3.3,4.47154471544715,45.010249753975,33.2175643184335,33.2175643184335,3,0,45
10541647,215,04/03/2021 00:00:00,04-Mar-2021 07:25:17,04-Mar-2021 14:01:18,40.5387050385278,590.4,72,14.4,06:36:02,3.3,4.47154471544715,45.010249753975,33.2175643184335,33.2175643184335,4,0,45
10541646,215,04/03/2021 00:00:00,04-Mar-2021 07:32:54,04-Mar-2021 14:08:56,40.5387050385278,590.4,72,14.4,06:36:02,3.3,4.47154471544715,45.010249753975,33.2175643184335,33.2175643184335,5,0,45
10541649,215,04/03/2021 00:00:00,04-Mar-2021 09:01:08,04-Mar-2021 15:37:11,40.5387050385278,590.4,72,14.4,06:36:02,3.3,4.47154471544715,45.010249753975,33.2175643184335,33.2175643184335,6,0,45
10541651,215,04/03/2021 00:00:00,04-Mar-2021 09:12:45,04-Mar-2021 15:48:48,40.5387050385278,590.4,72,14.4,06:36:02,3.3,4.47154471544715,45.010249753975,33.2175643184335,33.2175643184335,7,0,45
10541648,215,04/03/2021 00:00:00,04-Mar-2021 09:13:05,04-Mar-2021 15:49:08,40.5387050385278,590.4,72,14.4,06:36:03,3.3,4.47154471544715,45.010249753975,33.2175643184335,33.2175643184335,8,0,45
10541658,215,05/03/2021 00:00:00,05-Mar-2021 06:45:08,05-Mar-2021 13:19:46,39.8599580244333,590.4,72,14.4,06:34:38,3.2833,4.44891598915989,44.3088740135932,32.6999490220318,32.6999490220318,1,0,45
10541655,215,05/03/2021 00:00:00,05-Mar-2021 07:03:00,05-Mar-2021 13:37:39,39.8599580244333,590.4,72,14.4,06:34:39,3.2833,4.44891598915989,44.3088740135932,32.6999490220318,32.6999490220318,2,0,45
10541656,215,05/03/2021 00:00:00,05-Mar-2021 07:28:02,05-Mar-2021 14:02:40,39.8599580244333,590.4,72,14.4,06:34:39,3.2833,4.44891598915989,44.3088740135932,32.6999490220318,32.6999490220318,3,0,45
10541654,215,05/03/2021 00:00:00,05-Mar-2021 08:18:56,05-Mar-2021 14:53:34,39.8599580244333,590.4,72,14.4,06:34:38,3.2833,4.44891598915989,44.3088740135932,32.6999490220318,32.6999490220318,4,0,45
10541653,215,05/03/2021 00:00:00,05-Mar-2021 08:24:55,05-Mar-2021 14:59:34,39.8599580244333,590.4,72,14.4,06:34:38,3.2833,4.44891598915989,44.3088740135932,32.6999490220318,32.6999490220318,5,0,45
10541657,215,05/03/2021 00:00:00,05-Mar-2021 08:34:26,05-Mar-2021 15:09:06,39.8599580244333,590.4,72,14.4,06:34:39,3.2833,4.44891598915989,44.3088740135932,32.6999490220318,32.6999490220318,6,0,45
10541659,215,05/03/2021 00:00:00,05-Mar-2021 08:44:33,05-Mar-2021 15:19:10,39.8599580244333,590.4,72,14.4,06:34:38,3.2833,4.44891598915989,44.3088740135932,32.6999490220318,32.6999490220318,7,0,45
10541652,215,05/03/2021 00:00:00,05-Mar-2021 08:57:07,05-Mar-2021 15:31:45,39.8599580244333,590.4,72,14.4,06:34:38,3.2833,4.44891598915989,44.3088740135932,32.6999490220318,32.6999490220318,8,0,45
10541665,215,06/03/2021 00:00:00,06-Mar-2021 06:30:47,06-Mar-2021 13:05:24,39.8599580244333,590.4,72,14.4,06:34:38,3.2833,4.44891598915989,44.3088740135932,32.6999490220318,32.6999490220318,1,0,45
10541664,215,06/03/2021 00:00:00,06-Mar-2021 06:38:08,06-Mar-2021 13:12:46,39.8599580244333,590.4,72,14.4,06:34:38,3.2833,4.44891598915989,44.3088740135932,32.6999490220318,32.6999490220318,2,0,45
10541660,215,06/03/2021 00:00:00,06-Mar-2021 06:44:07,06-Mar-2021 13:18:45,39.8599580244333,590.4,72,14.4,06:34:39,3.2833,4.44891598915989,44.3088740135932,32.6999490220318,32.6999490220318,3,0,45
10541666,215,06/03/2021 00:00:00,06-Mar-2021 07:13:16,06-Mar-2021 13:47:54,39.8599580244333,590.4,72,14.4,06:34:38,3.2833,4.44891598915989,44.3088740135932,32.6999490220318,32.6999490220318,4,0,45
10541661,215,06/03/2021 00:00:00,06-Mar-2021 08:18:16,06-Mar-2021 14:52:54,39.8599580244333,590.4,72,14.4,06:34:38,3.2833,4.44891598915989,44.3088740135932,32.6999490220318,32.6999490220318,5,0,45
10541663,215,06/03/2021 00:00:00,06-Mar-2021 08:59:19,06-Mar-2021 15:33:57,39.8599580244333,590.4,72,14.4,06:34:38,3.2833,4.44891598915989,44.3088740135932,32.6999490220318,32.6999490220318,6,0,45
10541662,215,06/03/2021 00:00:00,06-Mar-2021 09:13:42,06-Mar-2021 15:48:21,39.8599580244333,590.4,72,14.4,06:34:39,3.2833,4.44891598915989,44.3088740135932,32.6999490220318,32.6999490220318,7,0,45
10541672,215,07/03/2021 00:00:00,07-Mar-2021 06:36:17,07-Mar-2021 13:10:55,39.8599580244333,590.4,72,14.4,06:34:38,3.2833,4.44891598915989,44.3088740135932,32.6999490220318,32.6999490220318,1,0,45
10541671,215,07/03/2021 00:00:00,07-Mar-2021 06:45:00,07-Mar-2021 13:19:37,39.8599580244333,590.4,72,14.4,06:34:38,3.2833,4.44891598915989,44.3088740135932,32.6999490220318,32.6999490220318,2,0,45
10541668,215,07/03/2021 00:00:00,07-Mar-2021 06:51:46,07-Mar-2021 13:26:24,39.8599580244333,590.4,72,14.4,06:34:38,3.2833,4.44891598915989,44.3088740135932,32.6999490220318,32.6999490220318,3,0,45
10541673,215,07/03/2021 00:00:00,07-Mar-2021 07:29:14,07-Mar-2021 14:03:52,39.8599580244333,590.4,72,14.4,06:34:38,3.2833,4.44891598915989,44.3088740135932,32.6999490220318,32.6999490220318,4,0,45
10541670,215,07/03/2021 00:00:00,07-Mar-2021 07:40:46,07-Mar-2021 14:15:24,39.8599580244333,590.4,72,14.4,06:34:38,3.2833,4.44891598915989,44.3088740135932,32.6999490220318,32.6999490220318,5,0,45
10541674,215,07/03/2021 00:00:00,07-Mar-2021 07:46:02,07-Mar-2021 14:20:41,39.8599580244333,590.4,72,14.4,06:34:39,3.2833,4.44891598915989,44.3088740135932,32.6999490220318,32.6999490220318,6,0,45
10541667,215,07/03/2021 00:00:00,07-Mar-2021 08:04:31,07-Mar-2021 14:39:10,39.8599580244333,590.4,72,14.4,06:34:38,3.2833,4.44891598915989,44.3088740135932,32.6999490220318,32.6999490220318,7,0,45
10541669,215,07/03/2021 00:00:00,07-Mar-2021 08:42:02,07-Mar-2021 15:16:41,39.8599580244333,590.4,72,14.4,06:34:39,3.2833,4.44891598915989,44.3088740135932,32.6999490220318,32.6999490220318,8,0,45
10541677,215,08/03/2021 00:00:00,08-Mar-2021 06:45:38,08-Mar-2021 13:20:17,39.8599580244333,590.4,72,14.4,06:34:38,3.2833,4.44891598915989,44.3088740135932,32.6999490220318,32.6999490220318,1,0,45
10541678,215,08/03/2021 00:00:00,08-Mar-2021 06:56:15,08-Mar-2021 13:30:53,39.8599580244333,590.4,72,14.4,06:34:38,3.2833,4.44891598915989,44.3088740135932,32.6999490220318,32.6999490220318,2,0,45
10541680,215,08/03/2021 00:00:00,08-Mar-2021 07:22:26,08-Mar-2021 13:57:04,39.8599580244333,590.4,72,14.4,06:34:38,3.2833,4.44891598915989,44.3088740135932,32.6999490220318,32.6999490220318,3,0,45
10541675,215,08/03/2021 00:00:00,08-Mar-2021 07:29:05,08-Mar-2021 14:03:44,39.8599580244333,590.4,72,14.4,06:34:39,3.2833,4.44891598915989,44.3088740135932,32.6999490220318,32.6999490220318,4,0,45
10541681,215,08/03/2021 00:00:00,08-Mar-2021 07:41:27,08-Mar-2021 14:16:05,39.8599580244333,590.4,72,14.4,06:34:38,3.2833,4.44891598915989,44.3088740135932,32.6999490220318,32.6999490220318,5,0,45
10541682,215,08/03/2021 00:00:00,08-Mar-2021 07:46:45,08-Mar-2021 14:21:24,39.8599580244333,590.4,72,14.4,06:34:39,3.2833,4.44891598915989,44.3088740135932,32.6999490220318,32.6999490220318,6,0,45
10541683,215,08/03/2021 00:00:00,08-Mar-2021 07:53:45,08-Mar-2021 14:28:24,39.8599580244333,590.4,72,14.4,06:34:39,3.2833,4.44891598915989,44.3088740135932,32.6999490220318,32.6999490220318,7,0,45
10541676,215,08/03/2021 00:00:00,08-Mar-2021 07:57:50,08-Mar-2021 14:32:30,39.8599580244333,590.4,72,14.4,06:34:39,3.2833,4.44891598915989,44.3088740135932,32.6999490220318,32.6999490220318,8,0,45
10541679,215,08/03/2021 00:00:00,08-Mar-2021 08:28:04,08-Mar-2021 15:02:43,39.8599580244333,590.4,72,14.4,06:34:39,3.2833,4.44891598915989,44.3088740135932,32.6999490220318,32.6999490220318,9,0,45
10541685,215,08/03/2021 00:00:00,08-Mar-2021 14:47:46,08-Mar-2021 21:22:24,39.8599580244333,590.4,72,14.4,06:34:38,3.2833,4.44891598915989,44.3088740135932,32.6999490220318,32.6999490220318,1,0,45
10541684,215,08/03/2021 00:00:00,08-Mar-2021 14:57:42,08-Mar-2021 21:32:20,39.8599580244333,590.4,72,14.4,06:34:38,3.2833,4.44891598915989,44.3088740135932,32.6999490220318,32.6999490220318,2,0,45
10541686,215,09/03/2021 00:00:00,09-Mar-2021 06:34:42,09-Mar-2021 13:09:20,39.8599580244333,590.4,72,14.4,06:34:38,3.2833,4.44891598915989,44.3088740135932,32.6999490220318,32.6999490220318,1,0,45
10541692,215,09/03/2021 00:00:00,09-Mar-2021 07:19:11,09-Mar-2021 13:53:49,39.8599580244333,590.4,72,14.4,06:34:38,3.2833,4.44891598915989,44.3088740135932,32.6999490220318,32.6999490220318,2,0,45
10541688,215,09/03/2021 00:00:00,09-Mar-2021 07:20:23,09-Mar-2021 13:55:03,39.8599580244333,590.4,72,14.4,06:34:39,3.2833,4.44891598915989,44.3088740135932,32.6999490220318,32.6999490220318,3,0,45
10541694,215,09/03/2021 00:00:00,09-Mar-2021 07:24:50,09-Mar-2021 13:59:29,39.8599580244333,590.4,72,14.4,06:34:38,3.2833,4.44891598915989,44.3088740135932,32.6999490220318,32.6999490220318,4,0,45
10541689,215,09/03/2021 00:00:00,09-Mar-2021 07:27:39,09-Mar-2021 14:02:17,39.8599580244333,590.4,72,14.4,06:34:39,3.2833,4.44891598915989,44.3088740135932,32.6999490220318,32.6999490220318,5,0,45
10541693,215,09/03/2021 00:00:00,09-Mar-2021 07:53:45,09-Mar-2021 14:28:24,39.8599580244333,590.4,72,14.4,06:34:39,3.2833,4.44891598915989,44.3088740135932,32.6999490220318,32.6999490220318,6,0,45
10541691,215,09/03/2021 00:00:00,09-Mar-2021 07:55:00,09-Mar-2021 14:29:39,39.8599580244333,590.4,72,14.4,06:34:38,3.2833,4.44891598915989,44.3088740135932,32.6999490220318,32.6999490220318,7,0,45
10541687,215,09/03/2021 00:00:00,09-Mar-2021 08:15:29,09-Mar-2021 14:50:07,39.8599580244333,590.4,72,14.4,06:34:39,3.2833,4.44891598915989,44.3088740135932,32.6999490220318,32.6999490220318,8,0,45
10541690,215,09/03/2021 00:00:00,09-Mar-2021 08:24:46,09-Mar-2021 14:59:26,39.8599580244333,590.4,72,14.4,06:34:39,3.2833,4.44891598915989,44.3088740135932,32.6999490220318,32.6999490220318,9,0,45
10541695,215,09/03/2021 00:00:00,09-Mar-2021 16:08:50,09-Mar-2021 22:43:28,39.8599580244333,590.4,72,14.4,06:34:38,3.2833,4.44891598915989,44.3088740135932,32.6999490220318,32.6999490220318,1,0,45
10541702,215,10/03/2021 00:00:00,10-Mar-2021 06:48:40,10-Mar-2021 13:23:18,39.8599580244333,590.4,72,14.4,06:34:38,3.2833,4.44891598915989,44.3088740135932,32.6999490220318,32.6999490220318,1,0,45
10541699,215,10/03/2021 00:00:00,10-Mar-2021 07:07:23,10-Mar-2021 13:42:01,39.8599580244333,590.4,72,14.4,06:34:38,3.2833,4.44891598915989,44.3088740135932,32.6999490220318,32.6999490220318,2,0,45
10541704,215,10/03/2021 00:00:00,10-Mar-2021 07:09:45,10-Mar-2021 13:44:24,39.8599580244333,590.4,72,14.4,06:34:38,3.2833,4.44891598915989,44.3088740135932,32.6999490220318,32.6999490220318,3,0,45
10541701,215,10/03/2021 00:00:00,10-Mar-2021 07:20:08,10-Mar-2021 13:54:47,39.8599580244333,590.4,72,14.4,06:34:38,3.2833,4.44891598915989,44.3088740135932,32.6999490220318,32.6999490220318,4,0,45
10541703,215,10/03/2021 00:00:00,10-Mar-2021 07:32:04,10-Mar-2021 14:06:43,39.8599580244333,590.4,72,14.4,06:34:39,3.2833,4.44891598915989,44.3088740135932,32.6999490220318,32.6999490220318,5,0,45
10541700,215,10/03/2021 00:00:00,10-Mar-2021 07:35:22,10-Mar-2021 14:10:00,39.8599580244333,590.4,72,14.4,06:34:38,3.2833,4.44891598915989,44.3088740135932,32.6999490220318,32.6999490220318,6,0,45
10541698,215,10/03/2021 00:00:00,10-Mar-2021 07:37:44,10-Mar-2021 14:12:23,39.8599580244333,590.4,72,14.4,06:34:39,3.2833,4.44891598915989,44.3088740135932,32.6999490220318,32.6999490220318,7,0,45
10541696,215,10/03/2021 00:00:00,10-Mar-2021 08:19:32,10-Mar-2021 14:54:10,39.8599580244333,590.4,72,14.4,06:34:38,3.2833,4.44891598915989,44.3088740135932,32.6999490220318,32.6999490220318,8,0,45
10541697,215,10/03/2021 00:00:00,10-Mar-2021 08:28:32,10-Mar-2021 15:03:10,39.8599580244333,590.4,72,14.4,06:34:38,3.2833,4.44891598915989,44.3088740135932,32.6999490220318,32.6999490220318,9,0,45
10541712,215,11/03/2021 00:00:00,11-Mar-2021 06:51:26,11-Mar-2021 13:26:04,39.8599580244333,590.4,72,14.4,06:34:38,3.2833,4.44891598915989,44.3088740135932,32.6999490220318,32.6999490220318,1,0,45
10541706,215,11/03/2021 00:00:00,11-Mar-2021 07:16:50,11-Mar-2021 13:51:29,39.8599580244333,590.4,72,14.4,06:34:39,3.2833,4.44891598915989,44.3088740135932,32.6999490220318,32.6999490220318,2,0,45
10541705,215,11/03/2021 00:00:00,11-Mar-2021 07:25:04,11-Mar-2021 13:59:42,39.8599580244333,590.4,72,14.4,06:34:38,3.2833,4.44891598915989,44.3088740135932,32.6999490220318,32.6999490220318,3,0,45
10541713,215,11/03/2021 00:00:00,11-Mar-2021 07:28:15,11-Mar-2021 14:02:53,39.8599580244333,590.4,72,14.4,06:34:38,3.2833,4.44891598915989,44.3088740135932,32.6999490220318,32.6999490220318,4,0,45
10541709,215,11/03/2021 00:00:00,11-Mar-2021 07:36:11,11-Mar-2021 14:10:49,39.8599580244333,590.4,72,14.4,06:34:38,3.2833,4.44891598915989,44.3088740135932,32.6999490220318,32.6999490220318,5,0,45
10541708,215,11/03/2021 00:00:00,11-Mar-2021 07:45:57,11-Mar-2021 14:20:37,39.8599580244333,590.4,72,14.4,06:34:39,3.2833,4.44891598915989,44.3088740135932,32.6999490220318,32.6999490220318,6,0,45
10541711,215,11/03/2021 00:00:00,11-Mar-2021 08:16:45,11-Mar-2021 14:51:24,39.8599580244333,590.4,72,14.4,06:34:38,3.2833,4.44891598915989,44.3088740135932,32.6999490220318,32.6999490220318,7,0,45
10541707,215,11/03/2021 00:00:00,11-Mar-2021 08:22:15,11-Mar-2021 14:56:54,39.8599580244333,590.4,72,14.4,06:34:39,3.2833,4.44891598915989,44.3088740135932,32.6999490220318,32.6999490220318,8,0,45
10541710,215,11/03/2021 00:00:00,11-Mar-2021 08:29:54,11-Mar-2021 15:04:33,39.8599580244333,590.4,72,14.4,06:34:39,3.2833,4.44891598915989,44.3088740135932,32.6999490220318,32.6999490220318,9,0,45
10541721,215,12/03/2021 00:00:00,12-Mar-2021 06:34:18,12-Mar-2021 13:46:41,44.8167662393945,590.4,72,14.4,07:12:23,3.6,4.8780487804878,49.6948150198823,36.6747734846731,36.6747734846731,1,0,45
10541720,215,12/03/2021 00:00:00,12-Mar-2021 06:59:31,12-Mar-2021 14:11:54,44.8167662393945,590.4,72,14.4,07:12:23,3.6,4.8780487804878,49.6948150198823,36.6747734846731,36.6747734846731,2,0,45
10541715,215,12/03/2021 00:00:00,12-Mar-2021 07:16:43,12-Mar-2021 14:29:06,44.8167662393945,590.4,72,14.4,07:12:23,3.6,4.8780487804878,49.6948150198823,36.6747734846731,36.6747734846731,3,0,45
10541718,215,12/03/2021 00:00:00,12-Mar-2021 07:49:51,12-Mar-2021 15:02:13,44.8167662393945,590.4,72,14.4,07:12:22,3.6,4.8780487804878,49.6948150198823,36.6747734846731,36.6747734846731,4,0,45
10541714,215,12/03/2021 00:00:00,12-Mar-2021 08:32:11,12-Mar-2021 15:44:34,44.8167662393945,590.4,72,14.4,07:12:23,3.6,4.8780487804878,49.6948150198823,36.6747734846731,36.6747734846731,5,0,45
10541716,215,12/03/2021 00:00:00,12-Mar-2021 08:48:35,12-Mar-2021 16:00:57,44.8167662393945,590.4,72,14.4,07:12:22,3.6,4.8780487804878,49.6948150198823,36.6747734846731,36.6747734846731,6,0,45
10541719,215,12/03/2021 00:00:00,12-Mar-2021 08:49:25,12-Mar-2021 16:01:47,44.8167662393945,590.4,72,14.4,07:12:22,3.6,4.8780487804878,49.6948150198823,36.6747734846731,36.6747734846731,7,0,45
10541717,215,12/03/2021 00:00:00,12-Mar-2021 09:12:21,12-Mar-2021 16:24:42,44.8167662393945,590.4,72,14.4,07:12:22,3.6,4.8780487804878,49.6948150198823,36.6747734846731,36.6747734846731,8,0,45
10541726,215,13/03/2021 00:00:00,13-Mar-2021 06:33:27,13-Mar-2021 13:45:50,44.8167662393945,590.4,72,14.4,07:12:23,3.6,4.8780487804878,49.6948150198823,36.6747734846731,36.6747734846731,1,0,45
10541724,215,13/03/2021 00:00:00,13-Mar-2021 06:36:12,13-Mar-2021 13:48:34,44.8167662393945,590.4,72,14.4,07:12:23,3.6,4.8780487804878,49.6948150198823,36.6747734846731,36.6747734846731,2,0,45
10541723,215,13/03/2021 00:00:00,13-Mar-2021 07:11:17,13-Mar-2021 14:23:40,44.8167662393945,590.4,72,14.4,07:12:23,3.6,4.8780487804878,49.6948150198823,36.6747734846731,36.6747734846731,3,0,45
10541728,215,13/03/2021 00:00:00,13-Mar-2021 07:18:22,13-Mar-2021 14:30:45,44.8167662393945,590.4,72,14.4,07:12:23,3.6,4.8780487804878,49.6948150198823,36.6747734846731,36.6747734846731,4,0,45
10541727,215,13/03/2021 00:00:00,13-Mar-2021 07:30:04,13-Mar-2021 14:42:26,44.8167662393945,590.4,72,14.4,07:12:22,3.6,4.8780487804878,49.6948150198823,36.6747734846731,36.6747734846731,5,0,45
10541722,215,13/03/2021 00:00:00,13-Mar-2021 08:52:13,13-Mar-2021 16:04:36,44.8167662393945,590.4,72,14.4,07:12:22,3.6,4.8780487804878,49.6948150198823,36.6747734846731,36.6747734846731,6,0,45
10541725,215,13/03/2021 00:00:00,13-Mar-2021 09:20:23,13-Mar-2021 16:32:46,44.8167662393945,590.4,72,14.4,07:12:23,3.6,4.8780487804878,49.6948150198823,36.6747734846731,36.6747734846731,7,0,45
10541735,215,14/03/2021 00:00:00,14-Mar-2021 07:39:25,14-Mar-2021 14:51:49,44.8167662393945,590.4,72,14.4,07:12:23,3.6,4.8780487804878,49.6948150198823,36.6747734846731,36.6747734846731,1,0,45
10541732,215,14/03/2021 00:00:00,14-Mar-2021 07:52:14,14-Mar-2021 15:04:35,44.8167662393945,590.4,72,14.4,07:12:22,3.6,4.8780487804878,49.6948150198823,36.6747734846731,36.6747734846731,2,0,45
10541733,215,14/03/2021 00:00:00,14-Mar-2021 07:54:08,14-Mar-2021 15:06:32,44.8167662393945,590.4,72,14.4,07:12:23,3.6,4.8780487804878,49.6948150198823,36.6747734846731,36.6747734846731,3,0,45
10541734,215,14/03/2021 00:00:00,14-Mar-2021 08:18:41,14-Mar-2021 15:31:03,44.8167662393945,590.4,72,14.4,07:12:23,3.6,4.8780487804878,49.6948150198823,36.6747734846731,36.6747734846731,4,0,45
10541731,215,14/03/2021 00:00:00,14-Mar-2021 08:19:26,14-Mar-2021 15:31:48,44.8167662393945,590.4,72,14.4,07:12:23,3.6,4.8780487804878,49.6948150198823,36.6747734846731,36.6747734846731,5,0,45
10541729,215,14/03/2021 00:00:00,14-Mar-2021 08:34:55,14-Mar-2021 15:47:17,44.8167662393945,590.4,72,14.4,07:12:22,3.6,4.8780487804878,49.6948150198823,36.6747734846731,36.6747734846731,6,0,45
10541730,215,14/03/2021 00:00:00,14-Mar-2021 09:16:56,14-Mar-2021 16:29:17,44.8167662393945,590.4,72,14.4,07:12:22,3.6,4.8780487804878,49.6948150198823,36.6747734846731,36.6747734846731,7,0,45
10541736,215,14/03/2021 00:00:00,14-Mar-2021 09:21:24,14-Mar-2021 16:33:48,44.8167662393945,590.4,72,14.4,07:12:23,3.6,4.8780487804878,49.6948150198823,36.6747734846731,36.6747734846731,8,0,45
10541740,215,15/03/2021 00:00:00,15-Mar-2021 06:30:46,15-Mar-2021 13:43:07,44.8167662393945,590.4,72,14.4,07:12:22,3.6,4.8780487804878,49.6948150198823,36.6747734846731,36.6747734846731,1,0,45
10541741,215,15/03/2021 00:00:00,15-Mar-2021 06:39:39,15-Mar-2021 13:52:01,44.8167662393945,590.4,72,14.4,07:12:22,3.6,4.8780487804878,49.6948150198823,36.6747734846731,36.6747734846731,2,0,45
10541743,215,15/03/2021 00:00:00,15-Mar-2021 06:40:46,15-Mar-2021 13:53:08,44.8167662393945,590.4,72,14.4,07:12:23,3.6,4.8780487804878,49.6948150198823,36.6747734846731,36.6747734846731,3,0,45
10541742,215,15/03/2021 00:00:00,15-Mar-2021 06:41:58,15-Mar-2021 13:54:20,44.8167662393945,590.4,72,14.4,07:12:22,3.6,4.8780487804878,49.6948150198823,36.6747734846731,36.6747734846731,4,0,45
10541744,215,15/03/2021 00:00:00,15-Mar-2021 07:03:17,15-Mar-2021 14:15:40,44.8167662393945,590.4,72,14.4,07:12:23,3.6,4.8780487804878,49.6948150198823,36.6747734846731,36.6747734846731,5,0,45
10541745,215,15/03/2021 00:00:00,15-Mar-2021 07:05:55,15-Mar-2021 14:18:19,44.8167662393945,590.4,72,14.4,07:12:23,3.6,4.8780487804878,49.6948150198823,36.6747734846731,36.6747734846731,6,0,45
10541739,215,15/03/2021 00:00:00,15-Mar-2021 07:08:00,15-Mar-2021 14:20:23,44.8167662393945,590.4,72,14.4,07:12:23,3.6,4.8780487804878,49.6948150198823,36.6747734846731,36.6747734846731,7,0,45
10541737,215,15/03/2021 00:00:00,15-Mar-2021 08:00:38,15-Mar-2021 15:12:59,44.8167662393945,590.4,72,14.4,07:12:22,3.6,4.8780487804878,49.6948150198823,36.6747734846731,36.6747734846731,8,0,45
10541738,215,15/03/2021 00:00:00,15-Mar-2021 08:10:44,15-Mar-2021 15:23:07,44.8167662393945,590.4,72,14.4,07:12:23,3.6,4.8780487804878,49.6948150198823,36.6747734846731,36.6747734846731,9,0,45
10541746,215,15/03/2021 00:00:00,15-Mar-2021 14:52:02,15-Mar-2021 22:04:24,44.8167662393945,590.4,72,14.4,07:12:22,3.6,4.8780487804878,49.6948150198823,36.6747734846731,36.6747734846731,1,0,45
10541747,215,15/03/2021 00:00:00,15-Mar-2021 15:35:33,15-Mar-2021 22:47:55,44.8167662393945,590.4,72,14.4,07:12:22,3.6,4.8780487804878,49.6948150198823,36.6747734846731,36.6747734846731,2,0,45
10541754,215,16/03/2021 00:00:00,16-Mar-2021 06:31:46,16-Mar-2021 13:44:07,44.8167662393945,590.4,72,14.4,07:12:22,3.6,4.8780487804878,49.6948150198823,36.6747734846731,36.6747734846731,1,0,45
10541750,215,16/03/2021 00:00:00,16-Mar-2021 06:50:18,16-Mar-2021 14:02:40,44.8167662393945,590.4,72,14.4,07:12:23,3.6,4.8780487804878,49.6948150198823,36.6747734846731,36.6747734846731,2,0,45
10541755,215,16/03/2021 00:00:00,16-Mar-2021 06:58:59,16-Mar-2021 14:11:21,44.8167662393945,590.4,72,14.4,07:12:22,3.6,4.8780487804878,49.6948150198823,36.6747734846731,36.6747734846731,3,0,45
10541753,215,16/03/2021 00:00:00,16-Mar-2021 07:32:26,16-Mar-2021 14:44:48,44.8167662393945,590.4,72,14.4,07:12:22,3.6,4.8780487804878,49.6948150198823,36.6747734846731,36.6747734846731,4,0,45
10541752,215,16/03/2021 00:00:00,16-Mar-2021 07:44:33,16-Mar-2021 14:56:55,44.8167662393945,590.4,72,14.4,07:12:22,3.6,4.8780487804878,49.6948150198823,36.6747734846731,36.6747734846731,5,0,45
10541751,215,16/03/2021 00:00:00,16-Mar-2021 08:08:27,16-Mar-2021 15:20:51,44.8167662393945,590.4,72,14.4,07:12:23,3.6,4.8780487804878,49.6948150198823,36.6747734846731,36.6747734846731,6,0,45
10541756,215,16/03/2021 00:00:00,16-Mar-2021 08:14:02,16-Mar-2021 15:26:25,44.8167662393945,590.4,72,14.4,07:12:22,3.6,4.8780487804878,49.6948150198823,36.6747734846731,36.6747734846731,7,0,45
10541749,215,16/03/2021 00:00:00,16-Mar-2021 08:18:28,16-Mar-2021 15:30:51,44.8167662393945,590.4,72,14.4,07:12:22,3.6,4.8780487804878,49.6948150198823,36.6747734846731,36.6747734846731,8,0,45
10541748,215,16/03/2021 00:00:00,16-Mar-2021 08:26:22,16-Mar-2021 15:38:43,44.8167662393945,590.4,72,14.4,07:12:22,3.6,4.8780487804878,49.6948150198823,36.6747734846731,36.6747734846731,9,0,45
10541757,215,16/03/2021 00:00:00,16-Mar-2021 15:44:56,16-Mar-2021 22:57:18,44.8167662393945,590.4,72,14.4,07:12:22,3.6,4.8780487804878,49.6948150198823,36.6747734846731,36.6747734846731,1,0,45
10541760,215,17/03/2021 00:00:00,17-Mar-2021 06:32:56,17-Mar-2021 13:45:19,44.8167662393945,590.4,72,14.4,07:12:23,3.6,4.8780487804878,49.6948150198823,36.6747734846731,36.6747734846731,1,0,45
10541762,215,17/03/2021 00:00:00,17-Mar-2021 07:08:57,17-Mar-2021 14:21:19,44.8167662393945,590.4,72,14.4,07:12:23,3.6,4.8780487804878,49.6948150198823,36.6747734846731,36.6747734846731,2,0,45
10541758,215,17/03/2021 00:00:00,17-Mar-2021 07:18:42,17-Mar-2021 14:31:05,44.8167662393945,590.4,72,14.4,07:12:23,3.6,4.8780487804878,49.6948150198823,36.6747734846731,36.6747734846731,3,0,45
10541759,215,17/03/2021 00:00:00,17-Mar-2021 07:25:38,17-Mar-2021 14:38:00,44.8167662393945,590.4,72,14.4,07:12:22,3.6,4.8780487804878,49.6948150198823,36.6747734846731,36.6747734846731,4,0,45
10541765,215,17/03/2021 00:00:00,17-Mar-2021 07:27:22,17-Mar-2021 14:39:44,44.8167662393945,590.4,72,14.4,07:12:23,3.6,4.8780487804878,49.6948150198823,36.6747734846731,36.6747734846731,5,0,45
10541761,215,17/03/2021 00:00:00,17-Mar-2021 07:57:21,17-Mar-2021 15:09:45,44.8167662393945,590.4,72,14.4,07:12:23,3.6,4.8780487804878,49.6948150198823,36.6747734846731,36.6747734846731,6,0,45
10541764,215,17/03/2021 00:00:00,17-Mar-2021 09:16:08,17-Mar-2021 16:28:30,44.8167662393945,590.4,72,14.4,07:12:22,3.6,4.8780487804878,49.6948150198823,36.6747734846731,36.6747734846731,7,0,45
10541763,215,17/03/2021 00:00:00,17-Mar-2021 09:26:03,17-Mar-2021 16:38:25,44.8167662393945,590.4,72,14.4,07:12:22,3.6,4.8780487804878,49.6948150198823,36.6747734846731,36.6747734846731,8,0,45
10541773,215,18/03/2021 00:00:00,18-Mar-2021 06:40:12,18-Mar-2021 13:52:35,44.8167662393945,590.4,72,14.4,07:12:22,3.6,4.8780487804878,49.6948150198823,36.6747734846731,36.6747734846731,1,0,45
10541766,215,18/03/2021 00:00:00,18-Mar-2021 06:50:19,18-Mar-2021 14:02:42,44.8167662393945,590.4,72,14.4,07:12:22,3.6,4.8780487804878,49.6948150198823,36.6747734846731,36.6747734846731,2,0,45
10541769,215,18/03/2021 00:00:00,18-Mar-2021 06:52:47,18-Mar-2021 14:05:10,44.8167662393945,590.4,72,14.4,07:12:23,3.6,4.8780487804878,49.6948150198823,36.6747734846731,36.6747734846731,3,0,45
10541772,215,18/03/2021 00:00:00,18-Mar-2021 06:53:06,18-Mar-2021 14:05:29,44.8167662393945,590.4,72,14.4,07:12:23,3.6,4.8780487804878,49.6948150198823,36.6747734846731,36.6747734846731,4,0,45
10541771,215,18/03/2021 00:00:00,18-Mar-2021 07:37:59,18-Mar-2021 14:50:21,44.8167662393945,590.4,72,14.4,07:12:22,3.6,4.8780487804878,49.6948150198823,36.6747734846731,36.6747734846731,5,0,45
10541774,215,18/03/2021 00:00:00,18-Mar-2021 07:41:26,18-Mar-2021 14:53:48,44.8167662393945,590.4,72,14.4,07:12:22,3.6,4.8780487804878,49.6948150198823,36.6747734846731,36.6747734846731,6,0,45
10541768,215,18/03/2021 00:00:00,18-Mar-2021 07:45:36,18-Mar-2021 14:57:59,44.8167662393945,590.4,72,14.4,07:12:22,3.6,4.8780487804878,49.6948150198823,36.6747734846731,36.6747734846731,7,0,45
10541767,215,18/03/2021 00:00:00,18-Mar-2021 08:11:34,18-Mar-2021 15:23:58,44.8167662393945,590.4,72,14.4,07:12:23,3.6,4.8780487804878,49.6948150198823,36.6747734846731,36.6747734846731,8,0,45
10541770,215,18/03/2021 00:00:00,18-Mar-2021 08:15:11,18-Mar-2021 15:27:34,44.8167662393945,590.4,72,14.4,07:12:23,3.6,4.8780487804878,49.6948150198823,36.6747734846731,36.6747734846731,9,0,45
10541776,215,19/03/2021 00:00:00,19-Mar-2021 07:04:36,19-Mar-2021 14:11:52,42.111888549974,590.4,72,14.4,07:07:16,3.5583,4.82154471544715,46.9334332654212,34.6368737498808,34.6368737498808,1,0,45
10541775,215,19/03/2021 00:00:00,19-Mar-2021 07:44:29,19-Mar-2021 14:51:46,42.111888549974,590.4,72,14.4,07:07:16,3.5583,4.82154471544715,46.9334332654212,34.6368737498808,34.6368737498808,2,0,45
10541778,215,19/03/2021 00:00:00,19-Mar-2021 08:00:03,19-Mar-2021 15:07:19,42.111888549974,590.4,72,14.4,07:07:16,3.5583,4.82154471544715,46.9334332654212,34.6368737498808,34.6368737498808,3,0,45
10541782,215,19/03/2021 00:00:00,19-Mar-2021 08:22:10,19-Mar-2021 15:29:26,42.111888549974,590.4,72,14.4,07:07:16,3.5583,4.82154471544715,46.9334332654212,34.6368737498808,34.6368737498808,4,0,45
10541777,215,19/03/2021 00:00:00,19-Mar-2021 08:55:54,19-Mar-2021 16:03:10,42.111888549974,590.4,72,14.4,07:07:16,3.5583,4.82154471544715,46.9334332654212,34.6368737498808,34.6368737498808,5,0,45
10541779,215,19/03/2021 00:00:00,19-Mar-2021 09:01:48,19-Mar-2021 16:09:04,42.111888549974,590.4,72,14.4,07:07:16,3.5583,4.82154471544715,46.9334332654212,34.6368737498808,34.6368737498808,6,0,45
10541780,215,19/03/2021 00:00:00,19-Mar-2021 09:12:33,19-Mar-2021 16:19:49,42.111888549974,590.4,72,14.4,07:07:16,3.5583,4.82154471544715,46.9334332654212,34.6368737498808,34.6368737498808,7,0,45
10541781,215,19/03/2021 00:00:00,19-Mar-2021 09:26:35,19-Mar-2021 16:33:50,42.111888549974,590.4,72,14.4,07:07:16,3.5583,4.82154471544715,46.9334332654212,34.6368737498808,34.6368737498808,8,0,45
10541785,215,20/03/2021 00:00:00,20-Mar-2021 06:43:54,20-Mar-2021 13:51:09,42.111888549974,590.4,72,14.4,07:07:16,3.5583,4.82154471544715,46.9334332654212,34.6368737498808,34.6368737498808,1,0,45
10541784,215,20/03/2021 00:00:00,20-Mar-2021 07:19:58,20-Mar-2021 14:27:14,42.111888549974,590.4,72,14.4,07:07:16,3.5583,4.82154471544715,46.9334332654212,34.6368737498808,34.6368737498808,2,0,45
10541788,215,20/03/2021 00:00:00,20-Mar-2021 07:48:04,20-Mar-2021 14:55:21,42.111888549974,590.4,72,14.4,07:07:16,3.5583,4.82154471544715,46.9334332654212,34.6368737498808,34.6368737498808,3,0,45
10541787,215,20/03/2021 00:00:00,20-Mar-2021 08:21:48,20-Mar-2021 15:29:04,42.111888549974,590.4,72,14.4,07:07:16,3.5583,4.82154471544715,46.9334332654212,34.6368737498808,34.6368737498808,4,0,45
10541786,215,20/03/2021 00:00:00,20-Mar-2021 08:33:03,20-Mar-2021 15:40:19,42.111888549974,590.4,72,14.4,07:07:16,3.5583,4.82154471544715,46.9334332654212,34.6368737498808,34.6368737498808,5,0,45
10541789,215,20/03/2021 00:00:00,20-Mar-2021 09:13:29,20-Mar-2021 16:20:44,42.111888549974,590.4,72,14.4,07:07:16,3.5583,4.82154471544715,46.9334332654212,34.6368737498808,34.6368737498808,6,0,45
10541783,215,20/03/2021 00:00:00,20-Mar-2021 09:19:24,20-Mar-2021 16:26:40,42.111888549974,590.4,72,14.4,07:07:16,3.5583,4.82154471544715,46.9334332654212,34.6368737498808,34.6368737498808,7,0,45
10541797,215,21/03/2021 00:00:00,21-Mar-2021 06:38:45,21-Mar-2021 13:46:01,42.111888549974,590.4,72,14.4,07:07:16,3.5583,4.82154471544715,46.9334332654212,34.6368737498808,34.6368737498808,1,0,45
10541790,215,21/03/2021 00:00:00,21-Mar-2021 06:56:00,21-Mar-2021 14:03:16,42.111888549974,590.4,72,14.4,07:07:16,3.5583,4.82154471544715,46.9334332654212,34.6368737498808,34.6368737498808,2,0,45
10541795,215,21/03/2021 00:00:00,21-Mar-2021 07:17:02,21-Mar-2021 14:24:17,42.111888549974,590.4,72,14.4,07:07:16,3.5583,4.82154471544715,46.9334332654212,34.6368737498808,34.6368737498808,3,0,45
10541792,215,21/03/2021 00:00:00,21-Mar-2021 08:16:15,21-Mar-2021 15:23:30,42.111888549974,590.4,72,14.4,07:07:16,3.5583,4.82154471544715,46.9334332654212,34.6368737498808,34.6368737498808,4,0,45
10541794,215,21/03/2021 00:00:00,21-Mar-2021 08:18:58,21-Mar-2021 15:26:14,42.111888549974,590.4,72,14.4,07:07:16,3.5583,4.82154471544715,46.9334332654212,34.6368737498808,34.6368737498808,5,0,45
10541796,215,21/03/2021 00:00:00,21-Mar-2021 08:39:57,21-Mar-2021 15:47:13,42.111888549974,590.4,72,14.4,07:07:16,3.5583,4.82154471544715,46.9334332654212,34.6368737498808,34.6368737498808,6,0,45
10541793,215,21/03/2021 00:00:00,21-Mar-2021 08:55:04,21-Mar-2021 16:02:20,42.111888549974,590.4,72,14.4,07:07:16,3.5583,4.82154471544715,46.9334332654212,34.6368737498808,34.6368737498808,7,0,45
10541791,215,21/03/2021 00:00:00,21-Mar-2021 09:03:14,21-Mar-2021 16:10:31,42.111888549974,590.4,72,14.4,07:07:16,3.5583,4.82154471544715,46.9334332654212,34.6368737498808,34.6368737498808,8,0,45
10541803,215,22/03/2021 00:00:00,22-Mar-2021 06:35:30,22-Mar-2021 13:42:47,42.111888549974,590.4,72,14.4,07:07:16,3.5583,4.82154471544715,46.9334332654212,34.6368737498808,34.6368737498808,1,0,45
10541800,215,22/03/2021 00:00:00,22-Mar-2021 06:58:36,22-Mar-2021 14:05:52,42.111888549974,590.4,72,14.4,07:07:16,3.5583,4.82154471544715,46.9334332654212,34.6368737498808,34.6368737498808,2,0,45
10541801,215,22/03/2021 00:00:00,22-Mar-2021 06:58:50,22-Mar-2021 14:06:06,42.111888549974,590.4,72,14.4,07:07:16,3.5583,4.82154471544715,46.9334332654212,34.6368737498808,34.6368737498808,3,0,45
10541805,215,22/03/2021 00:00:00,22-Mar-2021 07:19:56,22-Mar-2021 14:27:12,42.111888549974,590.4,72,14.4,07:07:16,3.5583,4.82154471544715,46.9334332654212,34.6368737498808,34.6368737498808,4,0,45
10541802,215,22/03/2021 00:00:00,22-Mar-2021 07:35:56,22-Mar-2021 14:43:12,42.111888549974,590.4,72,14.4,07:07:16,3.5583,4.82154471544715,46.9334332654212,34.6368737498808,34.6368737498808,5,0,45
10541799,215,22/03/2021 00:00:00,22-Mar-2021 07:40:58,22-Mar-2021 14:48:14,42.111888549974,590.4,72,14.4,07:07:16,3.5583,4.82154471544715,46.9334332654212,34.6368737498808,34.6368737498808,6,0,45
10541806,215,22/03/2021 00:00:00,22-Mar-2021 07:49:25,22-Mar-2021 14:56:40,42.111888549974,590.4,72,14.4,07:07:16,3.5583,4.82154471544715,46.9334332654212,34.6368737498808,34.6368737498808,7,0,45
10541798,215,22/03/2021 00:00:00,22-Mar-2021 08:06:06,22-Mar-2021 15:13:22,42.111888549974,590.4,72,14.4,07:07:16,3.5583,4.82154471544715,46.9334332654212,34.6368737498808,34.6368737498808,8,0,45
10541804,215,22/03/2021 00:00:00,22-Mar-2021 08:25:43,22-Mar-2021 15:32:59,42.111888549974,590.4,72,14.4,07:07:16,3.5583,4.82154471544715,46.9334332654212,34.6368737498808,34.6368737498808,9,0,45
10541807,215,22/03/2021 00:00:00,22-Mar-2021 14:50:56,22-Mar-2021 21:58:12,42.111888549974,590.4,72,14.4,07:07:16,3.5583,4.82154471544715,46.9334332654212,34.6368737498808,34.6368737498808,1,0,45
10541808,215,22/03/2021 00:00:00,22-Mar-2021 15:28:19,22-Mar-2021 22:35:35,42.111888549974,590.4,72,14.4,07:07:16,3.5583,4.82154471544715,46.9334332654212,34.6368737498808,34.6368737498808,2,0,45
10541816,215,23/03/2021 00:00:00,23-Mar-2021 06:49:31,23-Mar-2021 13:56:47,42.111888549974,590.4,72,14.4,07:07:16,3.5583,4.82154471544715,46.9334332654212,34.6368737498808,34.6368737498808,1,0,45
10541811,215,23/03/2021 00:00:00,23-Mar-2021 06:56:11,23-Mar-2021 14:03:27,42.111888549974,590.4,72,14.4,07:07:16,3.5583,4.82154471544715,46.9334332654212,34.6368737498808,34.6368737498808,2,0,45
10541814,215,23/03/2021 00:00:00,23-Mar-2021 07:00:36,23-Mar-2021 14:07:53,42.111888549974,590.4,72,14.4,07:07:16,3.5583,4.82154471544715,46.9334332654212,34.6368737498808,34.6368737498808,3,0,45
10541815,215,23/03/2021 00:00:00,23-Mar-2021 07:13:18,23-Mar-2021 14:20:34,42.111888549974,590.4,72,14.4,07:07:16,3.5583,4.82154471544715,46.9334332654212,34.6368737498808,34.6368737498808,4,0,45
10541813,215,23/03/2021 00:00:00,23-Mar-2021 07:35:34,23-Mar-2021 14:42:50,42.111888549974,590.4,72,14.4,07:07:16,3.5583,4.82154471544715,46.9334332654212,34.6368737498808,34.6368737498808,5,0,45
10541810,215,23/03/2021 00:00:00,23-Mar-2021 07:42:16,23-Mar-2021 14:49:33,42.111888549974,590.4,72,14.4,07:07:16,3.5583,4.82154471544715,46.9334332654212,34.6368737498808,34.6368737498808,6,0,45
10541817,215,23/03/2021 00:00:00,23-Mar-2021 07:44:28,23-Mar-2021 14:51:44,42.111888549974,590.4,72,14.4,07:07:16,3.5583,4.82154471544715,46.9334332654212,34.6368737498808,34.6368737498808,7,0,45
10541812,215,23/03/2021 00:00:00,23-Mar-2021 08:00:50,23-Mar-2021 15:08:06,42.111888549974,590.4,72,14.4,07:07:16,3.5583,4.82154471544715,46.9334332654212,34.6368737498808,34.6368737498808,8,0,45
10541809,215,23/03/2021 00:00:00,23-Mar-2021 08:14:41,23-Mar-2021 15:21:57,42.111888549974,590.4,72,14.4,07:07:16,3.5583,4.82154471544715,46.9334332654212,34.6368737498808,34.6368737498808,9,0,45
10541818,215,23/03/2021 00:00:00,23-Mar-2021 15:08:03,23-Mar-2021 22:15:18,42.111888549974,590.4,72,14.4,07:07:16,3.5583,4.82154471544715,46.9334332654212,34.6368737498808,34.6368737498808,1,0,45
10541826,215,24/03/2021 00:00:00,24-Mar-2021 06:57:51,24-Mar-2021 14:05:07,42.111888549974,590.4,72,14.4,07:07:16,3.5583,4.82154471544715,46.9334332654212,34.6368737498808,34.6368737498808,1,0,45
10541819,215,24/03/2021 00:00:00,24-Mar-2021 07:18:50,24-Mar-2021 14:26:06,42.111888549974,590.4,72,14.4,07:07:16,3.5583,4.82154471544715,46.9334332654212,34.6368737498808,34.6368737498808,2,0,45
10541822,215,24/03/2021 00:00:00,24-Mar-2021 07:26:03,24-Mar-2021 14:33:19,42.111888549974,590.4,72,14.4,07:07:16,3.5583,4.82154471544715,46.9334332654212,34.6368737498808,34.6368737498808,3,0,45
10541823,215,24/03/2021 00:00:00,24-Mar-2021 07:30:27,24-Mar-2021 14:37:43,42.111888549974,590.4,72,14.4,07:07:16,3.5583,4.82154471544715,46.9334332654212,34.6368737498808,34.6368737498808,4,0,45
10541825,215,24/03/2021 00:00:00,24-Mar-2021 08:11:33,24-Mar-2021 15:18:48,42.111888549974,590.4,72,14.4,07:07:16,3.5583,4.82154471544715,46.9334332654212,34.6368737498808,34.6368737498808,5,0,45
10541820,215,24/03/2021 00:00:00,24-Mar-2021 08:15:01,24-Mar-2021 15:22:18,42.111888549974,590.4,72,14.4,07:07:16,3.5583,4.82154471544715,46.9334332654212,34.6368737498808,34.6368737498808,6,0,45
10541821,215,24/03/2021 00:00:00,24-Mar-2021 08:53:25,24-Mar-2021 16:00:41,42.111888549974,590.4,72,14.4,07:07:16,3.5583,4.82154471544715,46.9334332654212,34.6368737498808,34.6368737498808,7,0,45
10541824,215,24/03/2021 00:00:00,24-Mar-2021 09:10:38,24-Mar-2021 16:17:54,42.111888549974,590.4,72,14.4,07:07:16,3.5583,4.82154471544715,46.9334332654212,34.6368737498808,34.6368737498808,8,0,45
10541828,215,25/03/2021 00:00:00,25-Mar-2021 07:13:18,25-Mar-2021 14:20:34,42.111888549974,590.4,72,14.4,07:07:16,3.5583,4.82154471544715,46.9334332654212,34.6368737498808,34.6368737498808,1,0,45
10541833,215,25/03/2021 00:00:00,25-Mar-2021 07:21:05,25-Mar-2021 14:28:21,42.111888549974,590.4,72,14.4,07:07:16,3.5583,4.82154471544715,46.9334332654212,34.6368737498808,34.6368737498808,2,0,45
10541831,215,25/03/2021 00:00:00,25-Mar-2021 07:21:29,25-Mar-2021 14:28:44,42.111888549974,590.4,72,14.4,07:07:16,3.5583,4.82154471544715,46.9334332654212,34.6368737498808,34.6368737498808,3,0,45
10541827,215,25/03/2021 00:00:00,25-Mar-2021 07:26:28,25-Mar-2021 14:33:44,42.111888549974,590.4,72,14.4,07:07:16,3.5583,4.82154471544715,46.9334332654212,34.6368737498808,34.6368737498808,4,0,45
10541832,215,25/03/2021 00:00:00,25-Mar-2021 07:38:10,25-Mar-2021 14:45:26,42.111888549974,590.4,72,14.4,07:07:16,3.5583,4.82154471544715,46.9334332654212,34.6368737498808,34.6368737498808,5,0,45
10541835,215,25/03/2021 00:00:00,25-Mar-2021 07:51:58,25-Mar-2021 14:59:14,42.111888549974,590.4,72,14.4,07:07:16,3.5583,4.82154471544715,46.9334332654212,34.6368737498808,34.6368737498808,6,0,45
10541829,215,25/03/2021 00:00:00,25-Mar-2021 08:12:59,25-Mar-2021 15:20:15,42.111888549974,590.4,72,14.4,07:07:16,3.5583,4.82154471544715,46.9334332654212,34.6368737498808,34.6368737498808,7,0,45
10541830,215,25/03/2021 00:00:00,25-Mar-2021 08:16:56,25-Mar-2021 15:24:12,42.111888549974,590.4,72,14.4,07:07:16,3.5583,4.82154471544715,46.9334332654212,34.6368737498808,34.6368737498808,8,0,45
10541834,215,25/03/2021 00:00:00,25-Mar-2021 08:18:25,25-Mar-2021 15:25:41,42.111888549974,590.4,72,14.4,07:07:16,3.5583,4.82154471544715,46.9334332654212,34.6368737498808,34.6368737498808,9,0,45
10541840,215,26/03/2021 00:00:00,26-Mar-2021 06:43:24,26-Mar-2021 13:36:52,40.9488860916473,590.4,72,14.4,06:53:28,3.4417,4.66355013550135,45.6124362271487,33.6619779356357,33.6619779356357,1,0,45
10541836,215,26/03/2021 00:00:00,26-Mar-2021 07:25:03,26-Mar-2021 14:18:29,40.9488860916473,590.4,72,14.4,06:53:27,3.4417,4.66355013550135,45.6124362271487,33.6619779356357,33.6619779356357,2,0,45
10541838,215,26/03/2021 00:00:00,26-Mar-2021 07:46:42,26-Mar-2021 14:40:11,40.9488860916473,590.4,72,14.4,06:53:28,3.4417,4.66355013550135,45.6124362271487,33.6619779356357,33.6619779356357,3,0,45
10541837,215,26/03/2021 00:00:00,26-Mar-2021 08:50:50,26-Mar-2021 15:44:17,40.9488860916473,590.4,72,14.4,06:53:28,3.4417,4.66355013550135,45.6124362271487,33.6619779356357,33.6619779356357,4,0,45
10541843,215,26/03/2021 00:00:00,26-Mar-2021 08:56:02,26-Mar-2021 15:49:30,40.9488860916473,590.4,72,14.4,06:53:28,3.4417,4.66355013550135,45.6124362271487,33.6619779356357,33.6619779356357,5,0,45
10541841,215,26/03/2021 00:00:00,26-Mar-2021 08:57:28,26-Mar-2021 15:50:55,40.9488860916473,590.4,72,14.4,06:53:27,3.4417,4.66355013550135,45.6124362271487,33.6619779356357,33.6619779356357,6,0,45
10541842,215,26/03/2021 00:00:00,26-Mar-2021 08:59:49,26-Mar-2021 15:53:17,40.9488860916473,590.4,72,14.4,06:53:28,3.4417,4.66355013550135,45.6124362271487,33.6619779356357,33.6619779356357,7,0,45
10541839,215,26/03/2021 00:00:00,26-Mar-2021 09:27:45,26-Mar-2021 16:21:13,40.9488860916473,590.4,72,14.4,06:53:28,3.4417,4.66355013550135,45.6124362271487,33.6619779356357,33.6619779356357,8,0,45
10541850,215,27/03/2021 00:00:00,27-Mar-2021 06:36:14,27-Mar-2021 13:29:42,40.9488860916473,590.4,72,14.4,06:53:27,3.4417,4.66355013550135,45.6124362271487,33.6619779356357,33.6619779356357,1,0,45
10541848,215,27/03/2021 00:00:00,27-Mar-2021 06:50:12,27-Mar-2021 13:43:40,40.9488860916473,590.4,72,14.4,06:53:28,3.4417,4.66355013550135,45.6124362271487,33.6619779356357,33.6619779356357,2,0,45
10541847,215,27/03/2021 00:00:00,27-Mar-2021 06:57:23,27-Mar-2021 13:50:52,40.9488860916473,590.4,72,14.4,06:53:28,3.4417,4.66355013550135,45.6124362271487,33.6619779356357,33.6619779356357,3,0,45
10541844,215,27/03/2021 00:00:00,27-Mar-2021 07:17:51,27-Mar-2021 14:11:18,40.9488860916473,590.4,72,14.4,06:53:27,3.4417,4.66355013550135,45.6124362271487,33.6619779356357,33.6619779356357,4,0,45
10541845,215,27/03/2021 00:00:00,27-Mar-2021 07:40:28,27-Mar-2021 14:33:55,40.9488860916473,590.4,72,14.4,06:53:28,3.4417,4.66355013550135,45.6124362271487,33.6619779356357,33.6619779356357,5,0,45
10541849,215,27/03/2021 00:00:00,27-Mar-2021 07:40:53,27-Mar-2021 14:34:22,40.9488860916473,590.4,72,14.4,06:53:28,3.4417,4.66355013550135,45.6124362271487,33.6619779356357,33.6619779356357,6,0,45
10541846,215,27/03/2021 00:00:00,27-Mar-2021 09:11:45,27-Mar-2021 16:05:13,40.9488860916473,590.4,72,14.4,06:53:27,3.4417,4.66355013550135,45.6124362271487,33.6619779356357,33.6619779356357,7,0,45
10541852,215,28/03/2021 00:00:00,28-Mar-2021 06:56:08,28-Mar-2021 13:49:36,40.9488860916473,590.4,72,14.4,06:53:28,3.4417,4.66355013550135,45.6124362271487,33.6619779356357,33.6619779356357,1,0,45
10541855,215,28/03/2021 00:00:00,28-Mar-2021 07:15:02,28-Mar-2021 14:08:28,40.9488860916473,590.4,72,14.4,06:53:27,3.4417,4.66355013550135,45.6124362271487,33.6619779356357,33.6619779356357,2,0,45
10541854,215,28/03/2021 00:00:00,28-Mar-2021 07:15:25,28-Mar-2021 14:08:54,40.9488860916473,590.4,72,14.4,06:53:28,3.4417,4.66355013550135,45.6124362271487,33.6619779356357,33.6619779356357,3,0,45
10541853,215,28/03/2021 00:00:00,28-Mar-2021 07:16:24,28-Mar-2021 14:09:53,40.9488860916473,590.4,72,14.4,06:53:28,3.4417,4.66355013550135,45.6124362271487,33.6619779356357,33.6619779356357,4,0,45
10541857,215,28/03/2021 00:00:00,28-Mar-2021 07:53:50,28-Mar-2021 14:47:16,40.9488860916473,590.4,72,14.4,06:53:27,3.4417,4.66355013550135,45.6124362271487,33.6619779356357,33.6619779356357,5,0,45
10541851,215,28/03/2021 00:00:00,28-Mar-2021 08:15:46,28-Mar-2021 15:09:14,40.9488860916473,590.4,72,14.4,06:53:27,3.4417,4.66355013550135,45.6124362271487,33.6619779356357,33.6619779356357,6,0,45
10541858,215,28/03/2021 00:00:00,28-Mar-2021 08:47:31,28-Mar-2021 15:41:00,40.9488860916473,590.4,72,14.4,06:53:28,3.4417,4.66355013550135,45.6124362271487,33.6619779356357,33.6619779356357,7,0,45
10541856,215,28/03/2021 00:00:00,28-Mar-2021 09:26:56,28-Mar-2021 16:20:22,40.9488860916473,590.4,72,14.4,06:53:27,3.4417,4.66355013550135,45.6124362271487,33.6619779356357,33.6619779356357,8,0,45
10541860,215,29/03/2021 00:00:00,29-Mar-2021 06:43:43,29-Mar-2021 13:37:11,40.9488860916473,590.4,72,14.4,06:53:28,3.4417,4.66355013550135,45.6124362271487,33.6619779356357,33.6619779356357,1,0,45
10541865,215,29/03/2021 00:00:00,29-Mar-2021 07:21:42,29-Mar-2021 14:15:08,40.9488860916473,590.4,72,14.4,06:53:27,3.4417,4.66355013550135,45.6124362271487,33.6619779356357,33.6619779356357,2,0,45
10541864,215,29/03/2021 00:00:00,29-Mar-2021 07:22:47,29-Mar-2021 14:16:15,40.9488860916473,590.4,72,14.4,06:53:28,3.4417,4.66355013550135,45.6124362271487,33.6619779356357,33.6619779356357,3,0,45
10541862,215,29/03/2021 00:00:00,29-Mar-2021 07:44:03,29-Mar-2021 14:37:30,40.9488860916473,590.4,72,14.4,06:53:28,3.4417,4.66355013550135,45.6124362271487,33.6619779356357,33.6619779356357,4,0,45
10541863,215,29/03/2021 00:00:00,29-Mar-2021 07:58:50,29-Mar-2021 14:52:19,40.9488860916473,590.4,72,14.4,06:53:28,3.4417,4.66355013550135,45.6124362271487,33.6619779356357,33.6619779356357,5,0,45
10541866,215,29/03/2021 00:00:00,29-Mar-2021 08:11:40,29-Mar-2021 15:05:08,40.9488860916473,590.4,72,14.4,06:53:28,3.4417,4.66355013550135,45.6124362271487,33.6619779356357,33.6619779356357,6,0,45
10541859,215,29/03/2021 00:00:00,29-Mar-2021 08:21:19,29-Mar-2021 15:14:46,40.9488860916473,590.4,72,14.4,06:53:27,3.4417,4.66355013550135,45.6124362271487,33.6619779356357,33.6619779356357,7,0,45
10541861,215,29/03/2021 00:00:00,29-Mar-2021 08:25:06,29-Mar-2021 15:18:33,40.9488860916473,590.4,72,14.4,06:53:27,3.4417,4.66355013550135,45.6124362271487,33.6619779356357,33.6619779356357,8,0,45
10541867,215,29/03/2021 00:00:00,29-Mar-2021 08:26:30,29-Mar-2021 15:19:58,40.9488860916473,590.4,72,14.4,06:53:27,3.4417,4.66355013550135,45.6124362271487,33.6619779356357,33.6619779356357,9,0,45
10541870,215,29/03/2021 00:00:00,29-Mar-2021 14:35:07,29-Mar-2021 21:28:34,40.9488860916473,590.4,72,14.4,06:53:28,3.4417,4.66355013550135,45.6124362271487,33.6619779356357,33.6619779356357,1,0,45
10541869,215,29/03/2021 00:00:00,29-Mar-2021 16:03:30,29-Mar-2021 22:56:57,40.9488860916473,590.4,72,14.4,06:53:27,3.4417,4.66355013550135,45.6124362271487,33.6619779356357,33.6619779356357,2,0,45
10541868,215,29/03/2021 00:00:00,29-Mar-2021 16:08:41,29-Mar-2021 23:02:09,40.9488860916473,590.4,72,14.4,06:53:28,3.4417,4.66355013550135,45.6124362271487,33.6619779356357,33.6619779356357,3,0,45
10541877,215,30/03/2021 00:00:00,30-Mar-2021 06:49:47,30-Mar-2021 13:43:14,40.9488860916473,590.4,72,14.4,06:53:28,3.4417,4.66355013550135,45.6124362271487,33.6619779356357,33.6619779356357,1,0,45
10541873,215,30/03/2021 00:00:00,30-Mar-2021 06:56:38,30-Mar-2021 13:50:06,40.9488860916473,590.4,72,14.4,06:53:28,3.4417,4.66355013550135,45.6124362271487,33.6619779356357,33.6619779356357,2,0,45
10541878,215,30/03/2021 00:00:00,30-Mar-2021 06:56:45,30-Mar-2021 13:50:13,40.9488860916473,590.4,72,14.4,06:53:28,3.4417,4.66355013550135,45.6124362271487,33.6619779356357,33.6619779356357,3,0,45
10541875,215,30/03/2021 00:00:00,30-Mar-2021 07:00:41,30-Mar-2021 13:54:08,40.9488860916473,590.4,72,14.4,06:53:28,3.4417,4.66355013550135,45.6124362271487,33.6619779356357,33.6619779356357,4,0,45
10541874,215,30/03/2021 00:00:00,30-Mar-2021 07:10:42,30-Mar-2021 14:04:09,40.9488860916473,590.4,72,14.4,06:53:28,3.4417,4.66355013550135,45.6124362271487,33.6619779356357,33.6619779356357,5,0,45
10541872,215,30/03/2021 00:00:00,30-Mar-2021 07:48:55,30-Mar-2021 14:42:21,40.9488860916473,590.4,72,14.4,06:53:27,3.4417,4.66355013550135,45.6124362271487,33.6619779356357,33.6619779356357,6,0,45
10541871,215,30/03/2021 00:00:00,30-Mar-2021 07:52:08,30-Mar-2021 14:45:35,40.9488860916473,590.4,72,14.4,06:53:27,3.4417,4.66355013550135,45.6124362271487,33.6619779356357,33.6619779356357,7,0,45
10541879,215,30/03/2021 00:00:00,30-Mar-2021 08:07:35,30-Mar-2021 15:01:01,40.9488860916473,590.4,72,14.4,06:53:27,3.4417,4.66355013550135,45.6124362271487,33.6619779356357,33.6619779356357,8,0,45
10541876,215,30/03/2021 00:00:00,30-Mar-2021 08:19:06,30-Mar-2021 15:12:34,40.9488860916473,590.4,72,14.4,06:53:27,3.4417,4.66355013550135,45.6124362271487,33.6619779356357,33.6619779356357,9,0,45
10541881,215,30/03/2021 00:00:00,30-Mar-2021 14:39:32,30-Mar-2021 21:32:59,40.9488860916473,590.4,72,14.4,06:53:27,3.4417,4.66355013550135,45.6124362271487,33.6619779356357,33.6619779356357,1,0,45
10541880,215,30/03/2021 00:00:00,30-Mar-2021 15:34:08,30-Mar-2021 22:27:36,40.9488860916473,590.4,72,14.4,06:53:27,3.4417,4.66355013550135,45.6124362271487,33.6619779356357,33.6619779356357,2,0,45
10541885,215,31/03/2021 00:00:00,31-Mar-2021 06:31:40,31-Mar-2021 13:25:08,40.9488860916473,590.4,72,14.4,06:53:27,3.4417,4.66355013550135,45.6124362271487,33.6619779356357,33.6619779356357,1,0,45
10541889,215,31/03/2021 00:00:00,31-Mar-2021 06:39:55,31-Mar-2021 13:33:21,40.9488860916473,590.4,72,14.4,06:53:27,3.4417,4.66355013550135,45.6124362271487,33.6619779356357,33.6619779356357,2,0,45
10541886,215,31/03/2021 00:00:00,31-Mar-2021 07:03:58,31-Mar-2021 13:57:26,40.9488860916473,590.4,72,14.4,06:53:28,3.4417,4.66355013550135,45.6124362271487,33.6619779356357,33.6619779356357,3,0,45
10541883,215,31/03/2021 00:00:00,31-Mar-2021 07:12:56,31-Mar-2021 14:06:24,40.9488860916473,590.4,72,14.4,06:53:28,3.4417,4.66355013550135,45.6124362271487,33.6619779356357,33.6619779356357,4,0,45
10541888,215,31/03/2021 00:00:00,31-Mar-2021 07:13:03,31-Mar-2021 14:06:31,40.9488860916473,590.4,72,14.4,06:53:28,3.4417,4.66355013550135,45.6124362271487,33.6619779356357,33.6619779356357,5,0,45
10541882,215,31/03/2021 00:00:00,31-Mar-2021 07:59:31,31-Mar-2021 14:52:58,40.9488860916473,590.4,72,14.4,06:53:27,3.4417,4.66355013550135,45.6124362271487,33.6619779356357,33.6619779356357,6,0,45
10541884,215,31/03/2021 00:00:00,31-Mar-2021 08:06:17,31-Mar-2021 14:59:45,40.9488860916473,590.4,72,14.4,06:53:28,3.4417,4.66355013550135,45.6124362271487,33.6619779356357,33.6619779356357,7,0,45
10541887,215,31/03/2021 00:00:00,31-Mar-2021 08:09:11,31-Mar-2021 15:02:37,40.9488860916473,590.4,72,14.4,06:53:27,3.4417,4.66355013550135,45.6124362271487,33.6619779356357,33.6619779356357,8,0,45
10541890,215,31/03/2021 00:00:00,31-Mar-2021 08:10:01,31-Mar-2021 15:03:28,40.9488860916473,590.4,72,14.4,06:53:28,3.4417,4.66355013550135,45.6124362271487,33.6619779356357,33.6619779356357,9,0,45
10541897,215,01/04/2021 00:00:00,01-Apr-2021 06:31:27,01-Apr-2021 13:24:55,40.9488860916473,590.4,72,14.4,06:53:28,3.4417,4.66355013550135,45.6124362271487,33.6619779356357,33.6619779356357,1,0,45
10541895,215,01/04/2021 00:00:00,01-Apr-2021 06:32:46,01-Apr-2021 13:26:13,40.9488860916473,590.4,72,14.4,06:53:27,3.4417,4.66355013550135,45.6124362271487,33.6619779356357,33.6619779356357,2,0,45
10541896,215,01/04/2021 00:00:00,01-Apr-2021 06:52:54,01-Apr-2021 13:46:22,40.9488860916473,590.4,72,14.4,06:53:28,3.4417,4.66355013550135,45.6124362271487,33.6619779356357,33.6619779356357,3,0,45
10541891,215,01/04/2021 00:00:00,01-Apr-2021 07:06:39,01-Apr-2021 14:00:08,40.9488860916473,590.4,72,14.4,06:53:28,3.4417,4.66355013550135,45.6124362271487,33.6619779356357,33.6619779356357,4,0,45
10541894,215,01/04/2021 00:00:00,01-Apr-2021 07:08:19,01-Apr-2021 14:01:47,40.9488860916473,590.4,72,14.4,06:53:28,3.4417,4.66355013550135,45.6124362271487,33.6619779356357,33.6619779356357,5,0,45
10541893,215,01/04/2021 00:00:00,01-Apr-2021 07:16:10,01-Apr-2021 14:09:38,40.9488860916473,590.4,72,14.4,06:53:27,3.4417,4.66355013550135,45.6124362271487,33.6619779356357,33.6619779356357,6,0,45
10541898,215,01/04/2021 00:00:00,01-Apr-2021 07:23:28,01-Apr-2021 14:16:56,40.9488860916473,590.4,72,14.4,06:53:27,3.4417,4.66355013550135,45.6124362271487,33.6619779356357,33.6619779356357,7,0,45
10541899,215,01/04/2021 00:00:00,01-Apr-2021 08:03:42,01-Apr-2021 14:57:09,40.9488860916473,590.4,72,14.4,06:53:27,3.4417,4.66355013550135,45.6124362271487,33.6619779356357,33.6619779356357,8,0,45
10541892,215,01/04/2021 00:00:00,01-Apr-2021 08:10:19,01-Apr-2021 15:03:47,40.9488860916473,590.4,72,14.4,06:53:27,3.4417,4.66355013550135,45.6124362271487,33.6619779356357,33.6619779356357,9,0,45
10541905,215,02/04/2021 00:00:00,02-Apr-2021 06:57:06,02-Apr-2021 13:37:29,38.6974269857277,590.4,72,14.4,06:40:23,3.3333,4.51666666666667,43.2140936523944,31.892001115467,31.892001115467,1,0,45
10541906,215,02/04/2021 00:00:00,02-Apr-2021 07:18:05,02-Apr-2021 13:58:27,38.6974269857277,590.4,72,14.4,06:40:23,3.3333,4.51666666666667,43.2140936523944,31.892001115467,31.892001115467,2,0,45
10541900,215,02/04/2021 00:00:00,02-Apr-2021 07:41:37,02-Apr-2021 14:22:00,38.6974269857277,590.4,72,14.4,06:40:23,3.3333,4.51666666666667,43.2140936523944,31.892001115467,31.892001115467,3,0,45
10541907,215,02/04/2021 00:00:00,02-Apr-2021 07:46:12,02-Apr-2021 14:26:36,38.6974269857277,590.4,72,14.4,06:40:23,3.3333,4.51666666666667,43.2140936523944,31.892001115467,31.892001115467,4,0,45
10541904,215,02/04/2021 00:00:00,02-Apr-2021 08:06:29,02-Apr-2021 14:46:53,38.6974269857277,590.4,72,14.4,06:40:23,3.3333,4.51666666666667,43.2140936523944,31.892001115467,31.892001115467,5,0,45
10541902,215,02/04/2021 00:00:00,02-Apr-2021 08:08:12,02-Apr-2021 14:48:36,38.6974269857277,590.4,72,14.4,06:40:23,3.3333,4.51666666666667,43.2140936523944,31.892001115467,31.892001115467,6,0,45
10541901,215,02/04/2021 00:00:00,02-Apr-2021 08:22:34,02-Apr-2021 15:02:58,38.6974269857277,590.4,72,14.4,06:40:23,3.3333,4.51666666666667,43.2140936523944,31.892001115467,31.892001115467,7,0,45
10541903,215,02/04/2021 00:00:00,02-Apr-2021 09:02:36,02-Apr-2021 15:43:00,38.6974269857277,590.4,72,14.4,06:40:23,3.3333,4.51666666666667,43.2140936523944,31.892001115467,31.892001115467,8,0,45
10541913,215,03/04/2021 00:00:00,03-Apr-2021 06:58:43,03-Apr-2021 13:39:06,38.6974269857277,590.4,72,14.4,06:40:23,3.3333,4.51666666666667,43.2140936523944,31.892001115467,31.892001115467,1,0,45
10541914,215,03/04/2021 00:00:00,03-Apr-2021 06:59:04,03-Apr-2021 13:39:27,38.6974269857277,590.4,72,14.4,06:40:23,3.3333,4.51666666666667,43.2140936523944,31.892001115467,31.892001115467,2,0,45
10541912,215,03/04/2021 00:00:00,03-Apr-2021 07:45:49,03-Apr-2021 14:26:12,38.6974269857277,590.4,72,14.4,06:40:23,3.3333,4.51666666666667,43.2140936523944,31.892001115467,31.892001115467,3,0,45
10541910,215,03/04/2021 00:00:00,03-Apr-2021 07:50:02,03-Apr-2021 14:30:25,38.6974269857277,590.4,72,14.4,06:40:23,3.3333,4.51666666666667,43.2140936523944,31.892001115467,31.892001115467,4,0,45
10541911,215,03/04/2021 00:00:00,03-Apr-2021 07:56:25,03-Apr-2021 14:36:47,38.6974269857277,590.4,72,14.4,06:40:23,3.3333,4.51666666666667,43.2140936523944,31.892001115467,31.892001115467,5,0,45
10541908,215,03/04/2021 00:00:00,03-Apr-2021 08:22:59,03-Apr-2021 15:03:21,38.6974269857277,590.4,72,14.4,06:40:23,3.3333,4.51666666666667,43.2140936523944,31.892001115467,31.892001115467,6,0,45
10541909,215,03/04/2021 00:00:00,03-Apr-2021 08:48:59,03-Apr-2021 15:29:22,38.6974269857277,590.4,72,14.4,06:40:23,3.3333,4.51666666666667,43.2140936523944,31.892001115467,31.892001115467,7,0,45
10541916,215,04/04/2021 00:00:00,04-Apr-2021 06:32:56,04-Apr-2021 13:13:19,38.6974269857277,590.4,72,14.4,06:40:23,3.3333,4.51666666666667,43.2140936523944,31.892001115467,31.892001115467,1,0,45
10541922,215,04/04/2021 00:00:00,04-Apr-2021 06:55:34,04-Apr-2021 13:35:56,38.6974269857277,590.4,72,14.4,06:40:23,3.3333,4.51666666666667,43.2140936523944,31.892001115467,31.892001115467,2,0,45
10541921,215,04/04/2021 00:00:00,04-Apr-2021 07:09:11,04-Apr-2021 13:49:33,38.6974269857277,590.4,72,14.4,06:40:23,3.3333,4.51666666666667,43.2140936523944,31.892001115467,31.892001115467,3,0,45
10541920,215,04/04/2021 00:00:00,04-Apr-2021 07:21:31,04-Apr-2021 14:01:54,38.6974269857277,590.4,72,14.4,06:40:23,3.3333,4.51666666666667,43.2140936523944,31.892001115467,31.892001115467,4,0,45
10541919,215,04/04/2021 00:00:00,04-Apr-2021 08:14:29,04-Apr-2021 14:54:52,38.6974269857277,590.4,72,14.4,06:40:23,3.3333,4.51666666666667,43.2140936523944,31.892001115467,31.892001115467,5,0,45
10541917,215,04/04/2021 00:00:00,04-Apr-2021 08:30:16,04-Apr-2021 15:10:38,38.6974269857277,590.4,72,14.4,06:40:23,3.3333,4.51666666666667,43.2140936523944,31.892001115467,31.892001115467,6,0,45
10541918,215,04/04/2021 00:00:00,04-Apr-2021 09:15:35,04-Apr-2021 15:55:59,38.6974269857277,590.4,72,14.4,06:40:23,3.3333,4.51666666666667,43.2140936523944,31.892001115467,31.892001115467,7,0,45
10541915,215,04/04/2021 00:00:00,04-Apr-2021 09:16:13,04-Apr-2021 15:56:37,38.6974269857277,590.4,72,14.4,06:40:23,3.3333,4.51666666666667,43.2140936523944,31.892001115467,31.892001115467,8,0,45
10541926,215,05/04/2021 00:00:00,05-Apr-2021 06:30:41,05-Apr-2021 13:11:05,38.6974269857277,590.4,72,14.4,06:40:23,3.3333,4.51666666666667,43.2140936523944,31.892001115467,31.892001115467,1,0,45
10541923,215,05/04/2021 00:00:00,05-Apr-2021 06:34:25,05-Apr-2021 13:14:48,38.6974269857277,590.4,72,14.4,06:40:23,3.3333,4.51666666666667,43.2140936523944,31.892001115467,31.892001115467,2,0,45
10541927,215,05/04/2021 00:00:00,05-Apr-2021 07:07:45,05-Apr-2021 13:48:09,38.6974269857277,590.4,72,14.4,06:40:23,3.3333,4.51666666666667,43.2140936523944,31.892001115467,31.892001115467,3,0,45
10541928,215,05/04/2021 00:00:00,05-Apr-2021 07:13:57,05-Apr-2021 13:54:21,38.6974269857277,590.4,72,14.4,06:40:23,3.3333,4.51666666666667,43.2140936523944,31.892001115467,31.892001115467,4,0,45
10541924,215,05/04/2021 00:00:00,05-Apr-2021 07:30:59,05-Apr-2021 14:11:22,38.6974269857277,590.4,72,14.4,06:40:23,3.3333,4.51666666666667,43.2140936523944,31.892001115467,31.892001115467,5,0,45
10541931,215,05/04/2021 00:00:00,05-Apr-2021 07:42:44,05-Apr-2021 14:23:08,38.6974269857277,590.4,72,14.4,06:40:23,3.3333,4.51666666666667,43.2140936523944,31.892001115467,31.892001115467,6,0,45
10541930,215,05/04/2021 00:00:00,05-Apr-2021 08:05:15,05-Apr-2021 14:45:39,38.6974269857277,590.4,72,14.4,06:40:23,3.3333,4.51666666666667,43.2140936523944,31.892001115467,31.892001115467,7,0,45
10541929,215,05/04/2021 00:00:00,05-Apr-2021 08:14:02,05-Apr-2021 14:54:26,38.6974269857277,590.4,72,14.4,06:40:23,3.3333,4.51666666666667,43.2140936523944,31.892001115467,31.892001115467,8,0,45
10541925,215,05/04/2021 00:00:00,05-Apr-2021 08:23:54,05-Apr-2021 15:04:17,38.6974269857277,590.4,72,14.4,06:40:22,3.3333,4.51666666666667,43.2140936523944,31.892001115467,31.892001115467,9,0,45
10541933,215,05/04/2021 00:00:00,05-Apr-2021 15:15:46,05-Apr-2021 21:56:08,38.6974269857277,590.4,72,14.4,06:40:23,3.3333,4.51666666666667,43.2140936523944,31.892001115467,31.892001115467,1,0,45
10541932,215,05/04/2021 00:00:00,05-Apr-2021 15:49:01,05-Apr-2021 22:29:23,38.6974269857277,590.4,72,14.4,06:40:23,3.3333,4.51666666666667,43.2140936523944,31.892001115467,31.892001115467,2,0,45
10541937,215,06/04/2021 00:00:00,06-Apr-2021 06:51:02,06-Apr-2021 13:31:25,38.6974269857277,590.4,72,14.4,06:40:23,3.3333,4.51666666666667,43.2140936523944,31.892001115467,31.892001115467,1,0,45
10541934,215,06/04/2021 00:00:00,06-Apr-2021 06:53:43,06-Apr-2021 13:34:05,38.6974269857277,590.4,72,14.4,06:40:23,3.3333,4.51666666666667,43.2140936523944,31.892001115467,31.892001115467,2,0,45
10541939,215,06/04/2021 00:00:00,06-Apr-2021 07:06:38,06-Apr-2021 13:47:01,38.6974269857277,590.4,72,14.4,06:40:23,3.3333,4.51666666666667,43.2140936523944,31.892001115467,31.892001115467,3,0,45
10541941,215,06/04/2021 00:00:00,06-Apr-2021 07:18:22,06-Apr-2021 13:58:45,38.6974269857277,590.4,72,14.4,06:40:23,3.3333,4.51666666666667,43.2140936523944,31.892001115467,31.892001115467,4,0,45
10541940,215,06/04/2021 00:00:00,06-Apr-2021 07:19:20,06-Apr-2021 13:59:42,38.6974269857277,590.4,72,14.4,06:40:23,3.3333,4.51666666666667,43.2140936523944,31.892001115467,31.892001115467,5,0,45
10541942,215,06/04/2021 00:00:00,06-Apr-2021 07:22:04,06-Apr-2021 14:02:27,38.6974269857277,590.4,72,14.4,06:40:23,3.3333,4.51666666666667,43.2140936523944,31.892001115467,31.892001115467,6,0,45
10541935,215,06/04/2021 00:00:00,06-Apr-2021 07:29:45,06-Apr-2021 14:10:08,38.6974269857277,590.4,72,14.4,06:40:23,3.3333,4.51666666666667,43.2140936523944,31.892001115467,31.892001115467,7,0,45
10541936,215,06/04/2021 00:00:00,06-Apr-2021 07:36:02,06-Apr-2021 14:16:25,38.6974269857277,590.4,72,14.4,06:40:23,3.3333,4.51666666666667,43.2140936523944,31.892001115467,31.892001115467,8,0,45
10541938,215,06/04/2021 00:00:00,06-Apr-2021 07:37:21,06-Apr-2021 14:17:44,38.6974269857277,590.4,72,14.4,06:40:23,3.3333,4.51666666666667,43.2140936523944,31.892001115467,31.892001115467,9,0,45
10541943,215,06/04/2021 00:00:00,06-Apr-2021 14:33:18,06-Apr-2021 21:13:42,38.6974269857277,590.4,72,14.4,06:40:23,3.3333,4.51666666666667,43.2140936523944,31.892001115467,31.892001115467,1,0,45
10541950,215,07/04/2021 00:00:00,07-Apr-2021 07:59:00,07-Apr-2021 14:39:22,38.6974269857277,590.4,72,14.4,06:40:23,3.3333,4.51666666666667,43.2140936523944,31.892001115467,31.892001115467,1,0,45
10541948,215,07/04/2021 00:00:00,07-Apr-2021 08:14:32,07-Apr-2021 14:54:56,38.6974269857277,590.4,72,14.4,06:40:23,3.3333,4.51666666666667,43.2140936523944,31.892001115467,31.892001115467,2,0,45
10541944,215,07/04/2021 00:00:00,07-Apr-2021 08:22:56,07-Apr-2021 15:03:20,38.6974269857277,590.4,72,14.4,06:40:23,3.3333,4.51666666666667,43.2140936523944,31.892001115467,31.892001115467,3,0,45
10541949,215,07/04/2021 00:00:00,07-Apr-2021 08:26:38,07-Apr-2021 15:07:01,38.6974269857277,590.4,72,14.4,06:40:23,3.3333,4.51666666666667,43.2140936523944,31.892001115467,31.892001115467,4,0,45
10541947,215,07/04/2021 00:00:00,07-Apr-2021 08:44:21,07-Apr-2021 15:24:44,38.6974269857277,590.4,72,14.4,06:40:23,3.3333,4.51666666666667,43.2140936523944,31.892001115467,31.892001115467,5,0,45
10541951,215,07/04/2021 00:00:00,07-Apr-2021 09:04:13,07-Apr-2021 15:44:35,38.6974269857277,590.4,72,14.4,06:40:22,3.3333,4.51666666666667,43.2140936523944,31.892001115467,31.892001115467,6,0,45
10541946,215,07/04/2021 00:00:00,07-Apr-2021 09:19:00,07-Apr-2021 15:59:22,38.6974269857277,590.4,72,14.4,06:40:23,3.3333,4.51666666666667,43.2140936523944,31.892001115467,31.892001115467,7,0,45
10541945,215,07/04/2021 00:00:00,07-Apr-2021 09:20:51,07-Apr-2021 16:01:13,38.6974269857277,590.4,72,14.4,06:40:23,3.3333,4.51666666666667,43.2140936523944,31.892001115467,31.892001115467,8,0,45
10541954,215,08/04/2021 00:00:00,08-Apr-2021 06:31:03,08-Apr-2021 13:11:26,38.6974269857277,590.4,72,14.4,06:40:22,3.3333,4.51666666666667,43.2140936523944,31.892001115467,31.892001115467,1,0,45
10541956,215,08/04/2021 00:00:00,08-Apr-2021 06:32:19,08-Apr-2021 13:12:42,38.6974269857277,590.4,72,14.4,06:40:23,3.3333,4.51666666666667,43.2140936523944,31.892001115467,31.892001115467,2,0,45
10541953,215,08/04/2021 00:00:00,08-Apr-2021 06:40:57,08-Apr-2021 13:21:21,38.6974269857277,590.4,72,14.4,06:40:23,3.3333,4.51666666666667,43.2140936523944,31.892001115467,31.892001115467,3,0,45
10541959,215,08/04/2021 00:00:00,08-Apr-2021 06:51:31,08-Apr-2021 13:31:53,38.6974269857277,590.4,72,14.4,06:40:23,3.3333,4.51666666666667,43.2140936523944,31.892001115467,31.892001115467,4,0,45
10541952,215,08/04/2021 00:00:00,08-Apr-2021 07:30:55,08-Apr-2021 14:11:18,38.6974269857277,590.4,72,14.4,06:40:23,3.3333,4.51666666666667,43.2140936523944,31.892001115467,31.892001115467,5,0,45
10541960,215,08/04/2021 00:00:00,08-Apr-2021 07:40:54,08-Apr-2021 14:21:18,38.6974269857277,590.4,72,14.4,06:40:23,3.3333,4.51666666666667,43.2140936523944,31.892001115467,31.892001115467,6,0,45
10541958,215,08/04/2021 00:00:00,08-Apr-2021 08:07:11,08-Apr-2021 14:47:34,38.6974269857277,590.4,72,14.4,06:40:23,3.3333,4.51666666666667,43.2140936523944,31.892001115467,31.892001115467,7,0,45
10541955,215,08/04/2021 00:00:00,08-Apr-2021 08:12:47,08-Apr-2021 14:53:11,38.6974269857277,590.4,72,14.4,06:40:23,3.3333,4.51666666666667,43.2140936523944,31.892001115467,31.892001115467,8,0,45
10541957,215,08/04/2021 00:00:00,08-Apr-2021 08:25:32,08-Apr-2021 15:05:56,38.6974269857277,590.4,72,14.4,06:40:23,3.3333,4.51666666666667,43.2140936523944,31.892001115467,31.892001115467,9,0,45
10541962,215,09/04/2021 00:00:00,09-Apr-2021 06:56:20,09-Apr-2021 13:38:44,41.2108654938382,590.4,72,14.4,06:42:24,3.35,4.53929539295393,45.7501608867921,33.7636187344526,33.7636187344526,1,0,45
10541961,215,09/04/2021 00:00:00,09-Apr-2021 07:13:26,09-Apr-2021 13:55:51,41.2108654938382,590.4,72,14.4,06:42:24,3.35,4.53929539295393,45.7501608867921,33.7636187344526,33.7636187344526,2,0,45
10541963,215,09/04/2021 00:00:00,09-Apr-2021 07:17:36,09-Apr-2021 14:00:00,41.2108654938382,590.4,72,14.4,06:42:24,3.35,4.53929539295393,45.7501608867921,33.7636187344526,33.7636187344526,3,0,45
10541965,215,09/04/2021 00:00:00,09-Apr-2021 07:35:25,09-Apr-2021 14:17:49,41.2108654938382,590.4,72,14.4,06:42:24,3.35,4.53929539295393,45.7501608867921,33.7636187344526,33.7636187344526,4,0,45
10541966,215,09/04/2021 00:00:00,09-Apr-2021 08:05:44,09-Apr-2021 14:48:07,41.2108654938382,590.4,72,14.4,06:42:23,3.35,4.53929539295393,45.7501608867921,33.7636187344526,33.7636187344526,5,0,45
10541967,215,09/04/2021 00:00:00,09-Apr-2021 08:51:05,09-Apr-2021 15:33:28,41.2108654938382,590.4,72,14.4,06:42:23,3.35,4.53929539295393,45.7501608867921,33.7636187344526,33.7636187344526,6,0,45
10541964,215,09/04/2021 00:00:00,09-Apr-2021 09:14:33,09-Apr-2021 15:56:57,41.2108654938382,590.4,72,14.4,06:42:24,3.35,4.53929539295393,45.7501608867921,33.7636187344526,33.7636187344526,7,0,45
10541968,215,10/04/2021 00:00:00,10-Apr-2021 06:36:50,10-Apr-2021 13:19:13,41.2108654938382,590.4,72,14.4,06:42:23,3.35,4.53929539295393,45.7501608867921,33.7636187344526,33.7636187344526,1,0,45
10541972,215,10/04/2021 00:00:00,10-Apr-2021 07:13:15,10-Apr-2021 13:55:39,41.2108654938382,590.4,72,14.4,06:42:24,3.35,4.53929539295393,45.7501608867921,33.7636187344526,33.7636187344526,2,0,45
10541971,215,10/04/2021 00:00:00,10-Apr-2021 07:52:35,10-Apr-2021 14:34:59,41.2108654938382,590.4,72,14.4,06:42:24,3.35,4.53929539295393,45.7501608867921,33.7636187344526,33.7636187344526,3,0,45
10541973,215,10/04/2021 00:00:00,10-Apr-2021 09:03:54,10-Apr-2021 15:46:18,41.2108654938382,590.4,72,14.4,06:42:24,3.35,4.53929539295393,45.7501608867921,33.7636187344526,33.7636187344526,4,0,45
10541969,215,10/04/2021 00:00:00,10-Apr-2021 09:12:10,10-Apr-2021 15:54:34,41.2108654938382,590.4,72,14.4,06:42:24,3.35,4.53929539295393,45.7501608867921,33.7636187344526,33.7636187344526,5,0,45
10541970,215,10/04/2021 00:00:00,10-Apr-2021 09:15:49,10-Apr-2021 15:58:13,41.2108654938382,590.4,72,14.4,06:42:24,3.35,4.53929539295393,45.7501608867921,33.7636187344526,33.7636187344526,6,0,45
10541979,215,11/04/2021 00:00:00,11-Apr-2021 07:05:02,11-Apr-2021 13:47:26,41.2108654938382,590.4,72,14.4,06:42:24,3.35,4.53929539295393,45.7501608867921,33.7636187344526,33.7636187344526,1,0,45
10541980,215,11/04/2021 00:00:00,11-Apr-2021 07:19:58,11-Apr-2021 14:02:21,41.2108654938382,590.4,72,14.4,06:42:23,3.35,4.53929539295393,45.7501608867921,33.7636187344526,33.7636187344526,2,0,45
10541976,215,11/04/2021 00:00:00,11-Apr-2021 07:26:54,11-Apr-2021 14:09:18,41.2108654938382,590.4,72,14.4,06:42:24,3.35,4.53929539295393,45.7501608867921,33.7636187344526,33.7636187344526,3,0,45
10541978,215,11/04/2021 00:00:00,11-Apr-2021 07:37:53,11-Apr-2021 14:20:17,41.2108654938382,590.4,72,14.4,06:42:24,3.35,4.53929539295393,45.7501608867921,33.7636187344526,33.7636187344526,4,0,45
10541975,215,11/04/2021 00:00:00,11-Apr-2021 07:48:53,11-Apr-2021 14:31:16,41.2108654938382,590.4,72,14.4,06:42:23,3.35,4.53929539295393,45.7501608867921,33.7636187344526,33.7636187344526,5,0,45
10541977,215,11/04/2021 00:00:00,11-Apr-2021 08:22:23,11-Apr-2021 15:04:47,41.2108654938382,590.4,72,14.4,06:42:24,3.35,4.53929539295393,45.7501608867921,33.7636187344526,33.7636187344526,6,0,45
10541974,215,11/04/2021 00:00:00,11-Apr-2021 09:00:14,11-Apr-2021 15:42:38,41.2108654938382,590.4,72,14.4,06:42:24,3.35,4.53929539295393,45.7501608867921,33.7636187344526,33.7636187344526,7,0,45
10541982,215,12/04/2021 00:00:00,12-Apr-2021 06:32:38,12-Apr-2021 13:15:02,41.2108654938382,590.4,72,14.4,06:42:24,3.35,4.53929539295393,45.7501608867921,33.7636187344526,33.7636187344526,1,0,45
10541989,215,12/04/2021 00:00:00,12-Apr-2021 06:32:43,12-Apr-2021 13:15:07,41.2108654938382,590.4,72,14.4,06:42:24,3.35,4.53929539295393,45.7501608867921,33.7636187344526,33.7636187344526,2,0,45
10541983,215,12/04/2021 00:00:00,12-Apr-2021 06:41:38,12-Apr-2021 13:24:02,41.2108654938382,590.4,72,14.4,06:42:24,3.35,4.53929539295393,45.7501608867921,33.7636187344526,33.7636187344526,3,0,45
10541987,215,12/04/2021 00:00:00,12-Apr-2021 06:52:00,12-Apr-2021 13:34:24,41.2108654938382,590.4,72,14.4,06:42:24,3.35,4.53929539295393,45.7501608867921,33.7636187344526,33.7636187344526,4,0,45
10541981,215,12/04/2021 00:00:00,12-Apr-2021 07:01:57,12-Apr-2021 13:44:21,41.2108654938382,590.4,72,14.4,06:42:24,3.35,4.53929539295393,45.7501608867921,33.7636187344526,33.7636187344526,5,0,45
10541986,215,12/04/2021 00:00:00,12-Apr-2021 07:29:23,12-Apr-2021 14:11:47,41.2108654938382,590.4,72,14.4,06:42:24,3.35,4.53929539295393,45.7501608867921,33.7636187344526,33.7636187344526,6,0,45
10541988,215,12/04/2021 00:00:00,12-Apr-2021 07:52:31,12-Apr-2021 14:34:55,41.2108654938382,590.4,72,14.4,06:42:24,3.35,4.53929539295393,45.7501608867921,33.7636187344526,33.7636187344526,7,0,45
10541985,215,12/04/2021 00:00:00,12-Apr-2021 07:58:47,12-Apr-2021 14:41:11,41.2108654938382,590.4,72,14.4,06:42:24,3.35,4.53929539295393,45.7501608867921,33.7636187344526,33.7636187344526,8,0,45
10541984,215,12/04/2021 00:00:00,12-Apr-2021 08:28:39,12-Apr-2021 15:11:03,41.2108654938382,590.4,72,14.4,06:42:24,3.35,4.53929539295393,45.7501608867921,33.7636187344526,33.7636187344526,9,0,45
10541990,215,12/04/2021 00:00:00,12-Apr-2021 14:43:45,12-Apr-2021 21:26:09,41.2108654938382,590.4,72,14.4,06:42:24,3.35,4.53929539295393,45.7501608867921,33.7636187344526,33.7636187344526,1,0,45
10541997,215,13/04/2021 00:00:00,13-Apr-2021 06:32:31,13-Apr-2021 13:14:55,41.2108654938382,590.4,72,14.4,06:42:24,3.35,4.53929539295393,45.7501608867921,33.7636187344526,33.7636187344526,1,0,45
10541993,215,13/04/2021 00:00:00,13-Apr-2021 07:01:50,13-Apr-2021 13:44:13,41.2108654938382,590.4,72,14.4,06:42:23,3.35,4.53929539295393,45.7501608867921,33.7636187344526,33.7636187344526,2,0,45
10541991,215,13/04/2021 00:00:00,13-Apr-2021 07:12:42,13-Apr-2021 13:55:06,41.2108654938382,590.4,72,14.4,06:42:24,3.35,4.53929539295393,45.7501608867921,33.7636187344526,33.7636187344526,3,0,45
10541995,215,13/04/2021 00:00:00,13-Apr-2021 07:35:00,13-Apr-2021 14:17:24,41.2108654938382,590.4,72,14.4,06:42:24,3.35,4.53929539295393,45.7501608867921,33.7636187344526,33.7636187344526,4,0,45
10541999,215,13/04/2021 00:00:00,13-Apr-2021 08:06:20,13-Apr-2021 14:48:43,41.2108654938382,590.4,72,14.4,06:42:23,3.35,4.53929539295393,45.7501608867921,33.7636187344526,33.7636187344526,5,0,45
10541998,215,13/04/2021 00:00:00,13-Apr-2021 08:07:46,13-Apr-2021 14:50:08,41.2108654938382,590.4,72,14.4,06:42:23,3.35,4.53929539295393,45.7501608867921,33.7636187344526,33.7636187344526,6,0,45
10541994,215,13/04/2021 00:00:00,13-Apr-2021 08:09:47,13-Apr-2021 14:52:11,41.2108654938382,590.4,72,14.4,06:42:24,3.35,4.53929539295393,45.7501608867921,33.7636187344526,33.7636187344526,7,0,45
10541992,215,13/04/2021 00:00:00,13-Apr-2021 08:28:24,13-Apr-2021 15:10:47,41.2108654938382,590.4,72,14.4,06:42:24,3.35,4.53929539295393,45.7501608867921,33.7636187344526,33.7636187344526,8,0,45
10541996,215,13/04/2021 00:00:00,13-Apr-2021 08:28:43,13-Apr-2021 15:11:07,41.2108654938382,590.4,72,14.4,06:42:24,3.35,4.53929539295393,45.7501608867921,33.7636187344526,33.7636187344526,9,0,45
10542000,215,13/04/2021 00:00:00,13-Apr-2021 16:21:43,13-Apr-2021 23:04:07,41.2108654938382,590.4,72,14.4,06:42:23,3.35,4.53929539295393,45.7501608867921,33.7636187344526,33.7636187344526,1,0,45
10542008,215,14/04/2021 00:00:00,14-Apr-2021 06:45:23,14-Apr-2021 13:27:46,41.2108654938382,590.4,72,14.4,06:42:23,3.35,4.53929539295393,45.7501608867921,33.7636187344526,33.7636187344526,1,0,45
10542004,215,14/04/2021 00:00:00,14-Apr-2021 07:16:59,14-Apr-2021 13:59:23,41.2108654938382,590.4,72,14.4,06:42:24,3.35,4.53929539295393,45.7501608867921,33.7636187344526,33.7636187344526,2,0,45
10542001,215,14/04/2021 00:00:00,14-Apr-2021 08:25:15,14-Apr-2021 15:07:39,41.2108654938382,590.4,72,14.4,06:42:24,3.35,4.53929539295393,45.7501608867921,33.7636187344526,33.7636187344526,3,0,45
10542002,215,14/04/2021 00:00:00,14-Apr-2021 08:30:53,14-Apr-2021 15:13:17,41.2108654938382,590.4,72,14.4,06:42:24,3.35,4.53929539295393,45.7501608867921,33.7636187344526,33.7636187344526,4,0,45
10542005,215,14/04/2021 00:00:00,14-Apr-2021 08:32:49,14-Apr-2021 15:15:12,41.2108654938382,590.4,72,14.4,06:42:23,3.35,4.53929539295393,45.7501608867921,33.7636187344526,33.7636187344526,5,0,45
10542007,215,14/04/2021 00:00:00,14-Apr-2021 08:36:31,14-Apr-2021 15:18:55,41.2108654938382,590.4,72,14.4,06:42:23,3.35,4.53929539295393,45.7501608867921,33.7636187344526,33.7636187344526,6,0,45
10542006,215,14/04/2021 00:00:00,14-Apr-2021 08:57:18,14-Apr-2021 15:39:42,41.2108654938382,590.4,72,14.4,06:42:24,3.35,4.53929539295393,45.7501608867921,33.7636187344526,33.7636187344526,7,0,45
10542003,215,14/04/2021 00:00:00,14-Apr-2021 09:02:57,14-Apr-2021 15:45:21,41.2108654938382,590.4,72,14.4,06:42:24,3.35,4.53929539295393,45.7501608867921,33.7636187344526,33.7636187344526,8,0,45
10542011,215,15/04/2021 00:00:00,15-Apr-2021 06:31:06,15-Apr-2021 13:13:29,41.2108654938382,590.4,72,14.4,06:42:23,3.35,4.53929539295393,45.7501608867921,33.7636187344526,33.7636187344526,1,0,45
10542009,215,15/04/2021 00:00:00,15-Apr-2021 06:31:44,15-Apr-2021 13:14:08,41.2108654938382,590.4,72,14.4,06:42:24,3.35,4.53929539295393,45.7501608867921,33.7636187344526,33.7636187344526,2,0,45
10542014,215,15/04/2021 00:00:00,15-Apr-2021 07:11:39,15-Apr-2021 13:54:02,41.2108654938382,590.4,72,14.4,06:42:23,3.35,4.53929539295393,45.7501608867921,33.7636187344526,33.7636187344526,3,0,45
10542016,215,15/04/2021 00:00:00,15-Apr-2021 07:28:09,15-Apr-2021 14:10:33,41.2108654938382,590.4,72,14.4,06:42:23,3.35,4.53929539295393,45.7501608867921,33.7636187344526,33.7636187344526,4,0,45
10542010,215,15/04/2021 00:00:00,15-Apr-2021 07:39:32,15-Apr-2021 14:21:56,41.2108654938382,590.4,72,14.4,06:42:23,3.35,4.53929539295393,45.7501608867921,33.7636187344526,33.7636187344526,5,0,45
10542012,215,15/04/2021 00:00:00,15-Apr-2021 07:47:27,15-Apr-2021 14:29:51,41.2108654938382,590.4,72,14.4,06:42:24,3.35,4.53929539295393,45.7501608867921,33.7636187344526,33.7636187344526,6,0,45
10542015,215,15/04/2021 00:00:00,15-Apr-2021 08:35:22,15-Apr-2021 15:17:46,41.2108654938382,590.4,72,14.4,06:42:24,3.35,4.53929539295393,45.7501608867921,33.7636187344526,33.7636187344526,7,0,45
10542013,215,15/04/2021 00:00:00,15-Apr-2021 08:59:21,15-Apr-2021 15:41:45,41.2108654938382,590.4,72,14.4,06:42:24,3.35,4.53929539295393,45.7501608867921,33.7636187344526,33.7636187344526,8,0,45
10542020,215,16/04/2021 00:00:00,16-Apr-2021 06:34:33,16-Apr-2021 13:23:25,38.6631916510386,590.4,72,14.4,06:48:52,3.4,4.6070460704607,43.2702377214993,31.9334354384665,31.9334354384665,1,0,45
10542017,215,16/04/2021 00:00:00,16-Apr-2021 06:54:30,16-Apr-2021 13:43:22,38.6631916510386,590.4,72,14.4,06:48:52,3.4,4.6070460704607,43.2702377214993,31.9334354384665,31.9334354384665,2,0,45
10542024,215,16/04/2021 00:00:00,16-Apr-2021 06:56:01,16-Apr-2021 13:44:53,38.6631916510386,590.4,72,14.4,06:48:52,3.4,4.6070460704607,43.2702377214993,31.9334354384665,31.9334354384665,3,0,45
10542022,215,16/04/2021 00:00:00,16-Apr-2021 07:08:03,16-Apr-2021 13:56:55,38.6631916510386,590.4,72,14.4,06:48:52,3.4,4.6070460704607,43.2702377214993,31.9334354384665,31.9334354384665,4,0,45
10542018,215,16/04/2021 00:00:00,16-Apr-2021 07:12:46,16-Apr-2021 14:01:38,38.6631916510386,590.4,72,14.4,06:48:52,3.4,4.6070460704607,43.2702377214993,31.9334354384665,31.9334354384665,5,0,45
10542023,215,16/04/2021 00:00:00,16-Apr-2021 07:51:46,16-Apr-2021 14:40:39,38.6631916510386,590.4,72,14.4,06:48:52,3.4,4.6070460704607,43.2702377214993,31.9334354384665,31.9334354384665,6,0,45
10542021,215,16/04/2021 00:00:00,16-Apr-2021 08:03:00,16-Apr-2021 14:51:51,38.6631916510386,590.4,72,14.4,06:48:52,3.4,4.6070460704607,43.2702377214993,31.9334354384665,31.9334354384665,7,0,45
10542019,215,16/04/2021 00:00:00,16-Apr-2021 08:13:20,16-Apr-2021 15:02:12,38.6631916510386,590.4,72,14.4,06:48:52,3.4,4.6070460704607,43.2702377214993,31.9334354384665,31.9334354384665,8,0,45
10542029,215,17/04/2021 00:00:00,17-Apr-2021 06:44:38,17-Apr-2021 13:33:29,38.6631916510386,590.4,72,14.4,06:48:52,3.4,4.6070460704607,43.2702377214993,31.9334354384665,31.9334354384665,1,0,45
10542026,215,17/04/2021 00:00:00,17-Apr-2021 08:02:27,17-Apr-2021 14:51:19,38.6631916510386,590.4,72,14.4,06:48:52,3.4,4.6070460704607,43.2702377214993,31.9334354384665,31.9334354384665,2,0,45
10542027,215,17/04/2021 00:00:00,17-Apr-2021 08:14:52,17-Apr-2021 15:03:43,38.6631916510386,590.4,72,14.4,06:48:52,3.4,4.6070460704607,43.2702377214993,31.9334354384665,31.9334354384665,3,0,45
10542031,215,17/04/2021 00:00:00,17-Apr-2021 08:36:59,17-Apr-2021 15:25:51,38.6631916510386,590.4,72,14.4,06:48:52,3.4,4.6070460704607,43.2702377214993,31.9334354384665,31.9334354384665,4,0,45
10542030,215,17/04/2021 00:00:00,17-Apr-2021 08:47:45,17-Apr-2021 15:36:36,38.6631916510386,590.4,72,14.4,06:48:52,3.4,4.6070460704607,43.2702377214993,31.9334354384665,31.9334354384665,5,0,45
10542025,215,17/04/2021 00:00:00,17-Apr-2021 08:56:41,17-Apr-2021 15:45:34,38.6631916510386,590.4,72,14.4,06:48:52,3.4,4.6070460704607,43.2702377214993,31.9334354384665,31.9334354384665,6,0,45
10542028,215,17/04/2021 00:00:00,17-Apr-2021 09:02:20,17-Apr-2021 15:51:11,38.6631916510386,590.4,72,14.4,06:48:52,3.4,4.6070460704607,43.2702377214993,31.9334354384665,31.9334354384665,7,0,45
10542038,215,18/04/2021 00:00:00,18-Apr-2021 06:35:47,18-Apr-2021 13:24:39,38.6631916510386,590.4,72,14.4,06:48:52,3.4,4.6070460704607,43.2702377214993,31.9334354384665,31.9334354384665,1,0,45
10542039,215,18/04/2021 00:00:00,18-Apr-2021 07:25:44,18-Apr-2021 14:14:36,38.6631916510386,590.4,72,14.4,06:48:52,3.4,4.6070460704607,43.2702377214993,31.9334354384665,31.9334354384665,2,0,45
10542032,215,18/04/2021 00:00:00,18-Apr-2021 07:37:25,18-Apr-2021 14:26:18,38.6631916510386,590.4,72,14.4,06:48:52,3.4,4.6070460704607,43.2702377214993,31.9334354384665,31.9334354384665,3,0,45
10542036,215,18/04/2021 00:00:00,18-Apr-2021 07:37:25,18-Apr-2021 14:26:18,38.6631916510386,590.4,72,14.4,06:48:52,3.4,4.6070460704607,43.2702377214993,31.9334354384665,31.9334354384665,4,0,45
10542033,215,18/04/2021 00:00:00,18-Apr-2021 08:15:03,18-Apr-2021 15:03:55,38.6631916510386,590.4,72,14.4,06:48:52,3.4,4.6070460704607,43.2702377214993,31.9334354384665,31.9334354384665,5,0,45
10542034,215,18/04/2021 00:00:00,18-Apr-2021 08:34:36,18-Apr-2021 15:23:28,38.6631916510386,590.4,72,14.4,06:48:52,3.4,4.6070460704607,43.2702377214993,31.9334354384665,31.9334354384665,6,0,45
10542035,215,18/04/2021 00:00:00,18-Apr-2021 08:44:41,18-Apr-2021 15:33:31,38.6631916510386,590.4,72,14.4,06:48:51,3.4,4.6070460704607,43.2702377214993,31.9334354384665,31.9334354384665,7,0,45
10542037,215,18/04/2021 00:00:00,18-Apr-2021 09:15:57,18-Apr-2021 16:04:48,38.6631916510386,590.4,72,14.4,06:48:51,3.4,4.6070460704607,43.2702377214993,31.9334354384665,31.9334354384665,8,0,45
10542040,215,19/04/2021 00:00:00,19-Apr-2021 06:45:48,19-Apr-2021 13:34:40,38.6631916510386,590.4,72,14.4,06:48:52,3.4,4.6070460704607,43.2702377214993,31.9334354384665,31.9334354384665,1,0,45
10542045,215,19/04/2021 00:00:00,19-Apr-2021 06:51:04,19-Apr-2021 13:39:57,38.6631916510386,590.4,72,14.4,06:48:52,3.4,4.6070460704607,43.2702377214993,31.9334354384665,31.9334354384665,2,0,45
10542042,215,19/04/2021 00:00:00,19-Apr-2021 07:03:19,19-Apr-2021 13:52:12,38.6631916510386,590.4,72,14.4,06:48:52,3.4,4.6070460704607,43.2702377214993,31.9334354384665,31.9334354384665,3,0,45
10542044,215,19/04/2021 00:00:00,19-Apr-2021 07:03:31,19-Apr-2021 13:52:23,38.6631916510386,590.4,72,14.4,06:48:52,3.4,4.6070460704607,43.2702377214993,31.9334354384665,31.9334354384665,4,0,45
10542046,215,19/04/2021 00:00:00,19-Apr-2021 07:24:33,19-Apr-2021 14:13:24,38.6631916510386,590.4,72,14.4,06:48:52,3.4,4.6070460704607,43.2702377214993,31.9334354384665,31.9334354384665,5,0,45
10542043,215,19/04/2021 00:00:00,19-Apr-2021 07:55:09,19-Apr-2021 14:44:00,38.6631916510386,590.4,72,14.4,06:48:51,3.4,4.6070460704607,43.2702377214993,31.9334354384665,31.9334354384665,6,0,45
10542048,215,19/04/2021 00:00:00,19-Apr-2021 07:58:31,19-Apr-2021 14:47:23,38.6631916510386,590.4,72,14.4,06:48:52,3.4,4.6070460704607,43.2702377214993,31.9334354384665,31.9334354384665,7,0,45
10542047,215,19/04/2021 00:00:00,19-Apr-2021 08:07:32,19-Apr-2021 14:56:24,38.6631916510386,590.4,72,14.4,06:48:52,3.4,4.6070460704607,43.2702377214993,31.9334354384665,31.9334354384665,8,0,45
10542041,215,19/04/2021 00:00:00,19-Apr-2021 08:17:17,19-Apr-2021 15:06:09,38.6631916510386,590.4,72,14.4,06:48:52,3.4,4.6070460704607,43.2702377214993,31.9334354384665,31.9334354384665,9,0,45
10542049,215,19/04/2021 00:00:00,19-Apr-2021 15:27:23,19-Apr-2021 22:16:15,38.6631916510386,590.4,72,14.4,06:48:52,3.4,4.6070460704607,43.2702377214993,31.9334354384665,31.9334354384665,1,0,45
10542050,215,19/04/2021 00:00:00,19-Apr-2021 16:02:56,19-Apr-2021 22:51:47,38.6631916510386,590.4,72,14.4,06:48:52,3.4,4.6070460704607,43.2702377214993,31.9334354384665,31.9334354384665,2,0,45
10542053,215,20/04/2021 00:00:00,20-Apr-2021 06:40:02,20-Apr-2021 13:28:54,38.6631916510386,590.4,72,14.4,06:48:52,3.4,4.6070460704607,43.2702377214993,31.9334354384665,31.9334354384665,1,0,45
10542051,215,20/04/2021 00:00:00,20-Apr-2021 06:41:31,20-Apr-2021 13:30:23,38.6631916510386,590.4,72,14.4,06:48:52,3.4,4.6070460704607,43.2702377214993,31.9334354384665,31.9334354384665,2,0,45
10542054,215,20/04/2021 00:00:00,20-Apr-2021 06:45:37,20-Apr-2021 13:34:28,38.6631916510386,590.4,72,14.4,06:48:52,3.4,4.6070460704607,43.2702377214993,31.9334354384665,31.9334354384665,3,0,45
10542059,215,20/04/2021 00:00:00,20-Apr-2021 07:00:32,20-Apr-2021 13:49:24,38.6631916510386,590.4,72,14.4,06:48:52,3.4,4.6070460704607,43.2702377214993,31.9334354384665,31.9334354384665,4,0,45
10542058,215,20/04/2021 00:00:00,20-Apr-2021 07:17:09,20-Apr-2021 14:06:02,38.6631916510386,590.4,72,14.4,06:48:52,3.4,4.6070460704607,43.2702377214993,31.9334354384665,31.9334354384665,5,0,45
10542057,215,20/04/2021 00:00:00,20-Apr-2021 07:21:14,20-Apr-2021 14:10:07,38.6631916510386,590.4,72,14.4,06:48:52,3.4,4.6070460704607,43.2702377214993,31.9334354384665,31.9334354384665,6,0,45
10542052,215,20/04/2021 00:00:00,20-Apr-2021 07:28:59,20-Apr-2021 14:17:51,38.6631916510386,590.4,72,14.4,06:48:52,3.4,4.6070460704607,43.2702377214993,31.9334354384665,31.9334354384665,7,0,45
10542056,215,20/04/2021 00:00:00,20-Apr-2021 07:31:56,20-Apr-2021 14:20:48,38.6631916510386,590.4,72,14.4,06:48:52,3.4,4.6070460704607,43.2702377214993,31.9334354384665,31.9334354384665,8,0,45
10542055,215,20/04/2021 00:00:00,20-Apr-2021 08:16:11,20-Apr-2021 15:05:03,38.6631916510386,590.4,72,14.4,06:48:52,3.4,4.6070460704607,43.2702377214993,31.9334354384665,31.9334354384665,9,0,45
10542060,215,20/04/2021 00:00:00,20-Apr-2021 14:53:18,20-Apr-2021 21:42:10,38.6631916510386,590.4,72,14.4,06:48:52,3.4,4.6070460704607,43.2702377214993,31.9334354384665,31.9334354384665,1,0,45
10542061,215,21/04/2021 00:00:00,21-Apr-2021 07:02:11,21-Apr-2021 13:51:04,38.6631916510386,590.4,72,14.4,06:48:52,3.4,4.6070460704607,43.2702377214993,31.9334354384665,31.9334354384665,1,0,45
10542068,215,21/04/2021 00:00:00,21-Apr-2021 07:03:45,21-Apr-2021 13:52:37,38.6631916510386,590.4,72,14.4,06:48:52,3.4,4.6070460704607,43.2702377214993,31.9334354384665,31.9334354384665,2,0,45
10542063,215,21/04/2021 00:00:00,21-Apr-2021 07:29:53,21-Apr-2021 14:18:44,38.6631916510386,590.4,72,14.4,06:48:52,3.4,4.6070460704607,43.2702377214993,31.9334354384665,31.9334354384665,3,0,45
10542062,215,21/04/2021 00:00:00,21-Apr-2021 07:50:13,21-Apr-2021 14:39:05,38.6631916510386,590.4,72,14.4,06:48:52,3.4,4.6070460704607,43.2702377214993,31.9334354384665,31.9334354384665,4,0,45
10542064,215,21/04/2021 00:00:00,21-Apr-2021 07:58:10,21-Apr-2021 14:47:02,38.6631916510386,590.4,72,14.4,06:48:52,3.4,4.6070460704607,43.2702377214993,31.9334354384665,31.9334354384665,5,0,45
10542067,215,21/04/2021 00:00:00,21-Apr-2021 08:55:21,21-Apr-2021 15:44:13,38.6631916510386,590.4,72,14.4,06:48:52,3.4,4.6070460704607,43.2702377214993,31.9334354384665,31.9334354384665,6,0,45
10542066,215,21/04/2021 00:00:00,21-Apr-2021 09:07:48,21-Apr-2021 15:56:39,38.6631916510386,590.4,72,14.4,06:48:52,3.4,4.6070460704607,43.2702377214993,31.9334354384665,31.9334354384665,7,0,45
10542065,215,21/04/2021 00:00:00,21-Apr-2021 09:26:36,21-Apr-2021 16:15:29,38.6631916510386,590.4,72,14.4,06:48:52,3.4,4.6070460704607,43.2702377214993,31.9334354384665,31.9334354384665,8,0,45
10542077,215,22/04/2021 00:00:00,22-Apr-2021 07:02:53,22-Apr-2021 13:51:45,38.6631916510386,590.4,72,14.4,06:48:52,3.4,4.6070460704607,43.2702377214993,31.9334354384665,31.9334354384665,1,0,45
10542071,215,22/04/2021 00:00:00,22-Apr-2021 07:13:34,22-Apr-2021 14:02:25,38.6631916510386,590.4,72,14.4,06:48:52,3.4,4.6070460704607,43.2702377214993,31.9334354384665,31.9334354384665,2,0,45
10542074,215,22/04/2021 00:00:00,22-Apr-2021 07:27:06,22-Apr-2021 14:15:58,38.6631916510386,590.4,72,14.4,06:48:52,3.4,4.6070460704607,43.2702377214993,31.9334354384665,31.9334354384665,3,0,45
10542072,215,22/04/2021 00:00:00,22-Apr-2021 07:29:16,22-Apr-2021 14:18:09,38.6631916510386,590.4,72,14.4,06:48:52,3.4,4.6070460704607,43.2702377214993,31.9334354384665,31.9334354384665,4,0,45
10542076,215,22/04/2021 00:00:00,22-Apr-2021 07:37:34,22-Apr-2021 14:26:27,38.6631916510386,590.4,72,14.4,06:48:52,3.4,4.6070460704607,43.2702377214993,31.9334354384665,31.9334354384665,5,0,45
10542073,215,22/04/2021 00:00:00,22-Apr-2021 07:44:02,22-Apr-2021 14:32:54,38.6631916510386,590.4,72,14.4,06:48:52,3.4,4.6070460704607,43.2702377214993,31.9334354384665,31.9334354384665,6,0,45
10542070,215,22/04/2021 00:00:00,22-Apr-2021 07:58:52,22-Apr-2021 14:47:44,38.6631916510386,590.4,72,14.4,06:48:52,3.4,4.6070460704607,43.2702377214993,31.9334354384665,31.9334354384665,7,0,45
10542069,215,22/04/2021 00:00:00,22-Apr-2021 08:10:26,22-Apr-2021 14:59:17,38.6631916510386,590.4,72,14.4,06:48:52,3.4,4.6070460704607,43.2702377214993,31.9334354384665,31.9334354384665,8,0,45
10542075,215,22/04/2021 00:00:00,22-Apr-2021 08:24:50,22-Apr-2021 15:13:42,38.6631916510386,590.4,72,14.4,06:48:52,3.4,4.6070460704607,43.2702377214993,31.9334354384665,31.9334354384665,9,0,45
10542082,215,23/04/2021 00:00:00,23-Apr-2021 06:36:05,23-Apr-2021 13:48:23,42.7024780537778,590.4,72,14.4,07:12:18,3.6,4.8780487804878,47.5805268342656,35.114428803688,35.114428803688,1,0,45
10542078,215,23/04/2021 00:00:00,23-Apr-2021 06:53:07,23-Apr-2021 14:05:23,42.7024780537778,590.4,72,14.4,07:12:17,3.6,4.8780487804878,47.5805268342656,35.114428803688,35.114428803688,2,0,45
10542080,215,23/04/2021 00:00:00,23-Apr-2021 06:54:37,23-Apr-2021 14:06:55,42.7024780537778,590.4,72,14.4,07:12:18,3.6,4.8780487804878,47.5805268342656,35.114428803688,35.114428803688,3,0,45
10542079,215,23/04/2021 00:00:00,23-Apr-2021 06:55:34,23-Apr-2021 14:07:51,42.7024780537778,590.4,72,14.4,07:12:18,3.6,4.8780487804878,47.5805268342656,35.114428803688,35.114428803688,4,0,45
10542083,215,23/04/2021 00:00:00,23-Apr-2021 06:57:58,23-Apr-2021 14:10:15,42.7024780537778,590.4,72,14.4,07:12:17,3.6,4.8780487804878,47.5805268342656,35.114428803688,35.114428803688,5,0,45
10542084,215,23/04/2021 00:00:00,23-Apr-2021 07:27:17,23-Apr-2021 14:39:36,42.7024780537778,590.4,72,14.4,07:12:18,3.6,4.8780487804878,47.5805268342656,35.114428803688,35.114428803688,6,0,45
10542081,215,23/04/2021 00:00:00,23-Apr-2021 08:36:07,23-Apr-2021 15:48:25,42.7024780537778,590.4,72,14.4,07:12:18,3.6,4.8780487804878,47.5805268342656,35.114428803688,35.114428803688,7,0,45
10542090,215,24/04/2021 00:00:00,24-Apr-2021 06:40:09,24-Apr-2021 13:52:27,42.7024780537778,590.4,72,14.4,07:12:18,3.6,4.8780487804878,47.5805268342656,35.114428803688,35.114428803688,1,0,45
10542085,215,24/04/2021 00:00:00,24-Apr-2021 06:44:43,24-Apr-2021 13:57:00,42.7024780537778,590.4,72,14.4,07:12:17,3.6,4.8780487804878,47.5805268342656,35.114428803688,35.114428803688,2,0,45
10542089,215,24/04/2021 00:00:00,24-Apr-2021 07:06:30,24-Apr-2021 14:18:48,42.7024780537778,590.4,72,14.4,07:12:18,3.6,4.8780487804878,47.5805268342656,35.114428803688,35.114428803688,3,0,45
10542087,215,24/04/2021 00:00:00,24-Apr-2021 07:19:29,24-Apr-2021 14:31:47,42.7024780537778,590.4,72,14.4,07:12:18,3.6,4.8780487804878,47.5805268342656,35.114428803688,35.114428803688,4,0,45
10542088,215,24/04/2021 00:00:00,24-Apr-2021 08:32:52,24-Apr-2021 15:45:09,42.7024780537778,590.4,72,14.4,07:12:18,3.6,4.8780487804878,47.5805268342656,35.114428803688,35.114428803688,5,0,45
10542086,215,24/04/2021 00:00:00,24-Apr-2021 08:45:09,24-Apr-2021 15:57:27,42.7024780537778,590.4,72,14.4,07:12:18,3.6,4.8780487804878,47.5805268342656,35.114428803688,35.114428803688,6,0,45
10542096,215,25/04/2021 00:00:00,25-Apr-2021 06:42:37,25-Apr-2021 13:54:55,42.7024780537778,590.4,72,14.4,07:12:18,3.6,4.8780487804878,47.5805268342656,35.114428803688,35.114428803688,1,0,45
10542093,215,25/04/2021 00:00:00,25-Apr-2021 07:03:58,25-Apr-2021 14:16:15,42.7024780537778,590.4,72,14.4,07:12:18,3.6,4.8780487804878,47.5805268342656,35.114428803688,35.114428803688,2,0,45
10542092,215,25/04/2021 00:00:00,25-Apr-2021 07:22:51,25-Apr-2021 14:35:09,42.7024780537778,590.4,72,14.4,07:12:18,3.6,4.8780487804878,47.5805268342656,35.114428803688,35.114428803688,3,0,45
10542091,215,25/04/2021 00:00:00,25-Apr-2021 07:42:48,25-Apr-2021 14:55:05,42.7024780537778,590.4,72,14.4,07:12:18,3.6,4.8780487804878,47.5805268342656,35.114428803688,35.114428803688,4,0,45
10542095,215,25/04/2021 00:00:00,25-Apr-2021 08:17:15,25-Apr-2021 15:29:33,42.7024780537778,590.4,72,14.4,07:12:18,3.6,4.8780487804878,47.5805268342656,35.114428803688,35.114428803688,5,0,45
10542097,215,25/04/2021 00:00:00,25-Apr-2021 08:53:48,25-Apr-2021 16:06:06,42.7024780537778,590.4,72,14.4,07:12:18,3.6,4.8780487804878,47.5805268342656,35.114428803688,35.114428803688,6,0,45
10542094,215,25/04/2021 00:00:00,25-Apr-2021 09:01:58,25-Apr-2021 16:14:15,42.7024780537778,590.4,72,14.4,07:12:17,3.6,4.8780487804878,47.5805268342656,35.114428803688,35.114428803688,7,0,45
10542105,215,26/04/2021 00:00:00,26-Apr-2021 06:31:50,26-Apr-2021 13:44:06,42.7024780537778,590.4,72,14.4,07:12:17,3.6,4.8780487804878,47.5805268342656,35.114428803688,35.114428803688,1,0,45
10542104,215,26/04/2021 00:00:00,26-Apr-2021 06:39:31,26-Apr-2021 13:51:49,42.7024780537778,590.4,72,14.4,07:12:18,3.6,4.8780487804878,47.5805268342656,35.114428803688,35.114428803688,2,0,45
10542103,215,26/04/2021 00:00:00,26-Apr-2021 06:45:08,26-Apr-2021 13:57:25,42.7024780537778,590.4,72,14.4,07:12:17,3.6,4.8780487804878,47.5805268342656,35.114428803688,35.114428803688,3,0,45
10542099,215,26/04/2021 00:00:00,26-Apr-2021 07:02:01,26-Apr-2021 14:14:17,42.7024780537778,590.4,72,14.4,07:12:17,3.6,4.8780487804878,47.5805268342656,35.114428803688,35.114428803688,4,0,45
10542102,215,26/04/2021 00:00:00,26-Apr-2021 07:09:30,26-Apr-2021 14:21:48,42.7024780537778,590.4,72,14.4,07:12:18,3.6,4.8780487804878,47.5805268342656,35.114428803688,35.114428803688,5,0,45
10542098,215,26/04/2021 00:00:00,26-Apr-2021 07:21:56,26-Apr-2021 14:34:14,42.7024780537778,590.4,72,14.4,07:12:18,3.6,4.8780487804878,47.5805268342656,35.114428803688,35.114428803688,6,0,45
10542101,215,26/04/2021 00:00:00,26-Apr-2021 07:49:30,26-Apr-2021 15:01:47,42.7024780537778,590.4,72,14.4,07:12:17,3.6,4.8780487804878,47.5805268342656,35.114428803688,35.114428803688,7,0,45
10542106,215,26/04/2021 00:00:00,26-Apr-2021 08:02:16,26-Apr-2021 15:14:35,42.7024780537778,590.4,72,14.4,07:12:18,3.6,4.8780487804878,47.5805268342656,35.114428803688,35.114428803688,8,0,45
10542100,215,26/04/2021 00:00:00,26-Apr-2021 08:03:16,26-Apr-2021 15:15:34,42.7024780537778,590.4,72,14.4,07:12:18,3.6,4.8780487804878,47.5805268342656,35.114428803688,35.114428803688,9,0,45
10542107,215,26/04/2021 00:00:00,26-Apr-2021 15:52:37,26-Apr-2021 23:04:55,42.7024780537778,590.4,72,14.4,07:12:18,3.6,4.8780487804878,47.5805268342656,35.114428803688,35.114428803688,1,0,45
10542116,215,27/04/2021 00:00:00,27-Apr-2021 06:37:09,27-Apr-2021 13:49:26,42.7024780537778,590.4,72,14.4,07:12:18,3.6,4.8780487804878,47.5805268342656,35.114428803688,35.114428803688,1,0,45
10542112,215,27/04/2021 00:00:00,27-Apr-2021 06:47:56,27-Apr-2021 14:00:13,42.7024780537778,590.4,72,14.4,07:12:17,3.6,4.8780487804878,47.5805268342656,35.114428803688,35.114428803688,2,0,45
10542113,215,27/04/2021 00:00:00,27-Apr-2021 07:11:21,27-Apr-2021 14:23:40,42.7024780537778,590.4,72,14.4,07:12:18,3.6,4.8780487804878,47.5805268342656,35.114428803688,35.114428803688,3,0,45
10542115,215,27/04/2021 00:00:00,27-Apr-2021 07:38:25,27-Apr-2021 14:50:42,42.7024780537778,590.4,72,14.4,07:12:17,3.6,4.8780487804878,47.5805268342656,35.114428803688,35.114428803688,4,0,45
10542111,215,27/04/2021 00:00:00,27-Apr-2021 07:54:45,27-Apr-2021 15:07:03,42.7024780537778,590.4,72,14.4,07:12:17,3.6,4.8780487804878,47.5805268342656,35.114428803688,35.114428803688,5,0,45
10542114,215,27/04/2021 00:00:00,27-Apr-2021 07:59:48,27-Apr-2021 15:12:06,42.7024780537778,590.4,72,14.4,07:12:18,3.6,4.8780487804878,47.5805268342656,35.114428803688,35.114428803688,6,0,45
10542110,215,27/04/2021 00:00:00,27-Apr-2021 08:02:02,27-Apr-2021 15:14:20,42.7024780537778,590.4,72,14.4,07:12:18,3.6,4.8780487804878,47.5805268342656,35.114428803688,35.114428803688,7,0,45
10542109,215,27/04/2021 00:00:00,27-Apr-2021 08:09:17,27-Apr-2021 15:21:35,42.7024780537778,590.4,72,14.4,07:12:18,3.6,4.8780487804878,47.5805268342656,35.114428803688,35.114428803688,8,0,45
10542108,215,27/04/2021 00:00:00,27-Apr-2021 08:14:34,27-Apr-2021 15:26:51,42.7024780537778,590.4,72,14.4,07:12:18,3.6,4.8780487804878,47.5805268342656,35.114428803688,35.114428803688,9,0,45
10542122,215,28/04/2021 00:00:00,28-Apr-2021 06:32:53,28-Apr-2021 13:45:11,42.7024780537778,590.4,72,14.4,07:12:18,3.6,4.8780487804878,47.5805268342656,35.114428803688,35.114428803688,1,0,45
10542121,215,28/04/2021 00:00:00,28-Apr-2021 06:47:29,28-Apr-2021 13:59:46,42.7024780537778,590.4,72,14.4,07:12:17,3.6,4.8780487804878,47.5805268342656,35.114428803688,35.114428803688,2,0,45
10542118,215,28/04/2021 00:00:00,28-Apr-2021 07:28:00,28-Apr-2021 14:40:18,42.7024780537778,590.4,72,14.4,07:12:18,3.6,4.8780487804878,47.5805268342656,35.114428803688,35.114428803688,3,0,45
10542117,215,28/04/2021 00:00:00,28-Apr-2021 07:57:54,28-Apr-2021 15:10:10,42.7024780537778,590.4,72,14.4,07:12:17,3.6,4.8780487804878,47.5805268342656,35.114428803688,35.114428803688,4,0,45
10542119,215,28/04/2021 00:00:00,28-Apr-2021 08:42:02,28-Apr-2021 15:54:18,42.7024780537778,590.4,72,14.4,07:12:17,3.6,4.8780487804878,47.5805268342656,35.114428803688,35.114428803688,5,0,45
10542124,215,28/04/2021 00:00:00,28-Apr-2021 08:54:30,28-Apr-2021 16:06:47,42.7024780537778,590.4,72,14.4,07:12:18,3.6,4.8780487804878,47.5805268342656,35.114428803688,35.114428803688,6,0,45
10542120,215,28/04/2021 00:00:00,28-Apr-2021 09:03:36,28-Apr-2021 16:15:54,42.7024780537778,590.4,72,14.4,07:12:17,3.6,4.8780487804878,47.5805268342656,35.114428803688,35.114428803688,7,0,45
10542123,215,28/04/2021 00:00:00,28-Apr-2021 09:27:53,28-Apr-2021 16:40:10,42.7024780537778,590.4,72,14.4,07:12:18,3.6,4.8780487804878,47.5805268342656,35.114428803688,35.114428803688,8,0,45
10542126,215,29/04/2021 00:00:00,29-Apr-2021 07:34:16,29-Apr-2021 14:46:33,42.7024780537778,590.4,72,14.4,07:12:18,3.6,4.8780487804878,47.5805268342656,35.114428803688,35.114428803688,1,0,45
10542129,215,29/04/2021 00:00:00,29-Apr-2021 08:06:52,29-Apr-2021 15:19:10,42.7024780537778,590.4,72,14.4,07:12:18,3.6,4.8780487804878,47.5805268342656,35.114428803688,35.114428803688,2,0,45
10542131,215,29/04/2021 00:00:00,29-Apr-2021 08:28:19,29-Apr-2021 15:40:37,42.7024780537778,590.4,72,14.4,07:12:18,3.6,4.8780487804878,47.5805268342656,35.114428803688,35.114428803688,3,0,45
10542130,215,29/04/2021 00:00:00,29-Apr-2021 08:42:28,29-Apr-2021 15:54:46,42.7024780537778,590.4,72,14.4,07:12:17,3.6,4.8780487804878,47.5805268342656,35.114428803688,35.114428803688,4,0,45
10542127,215,29/04/2021 00:00:00,29-Apr-2021 08:42:53,29-Apr-2021 15:55:10,42.7024780537778,590.4,72,14.4,07:12:18,3.6,4.8780487804878,47.5805268342656,35.114428803688,35.114428803688,5,0,45
10542128,215,29/04/2021 00:00:00,29-Apr-2021 08:47:05,29-Apr-2021 15:59:22,42.7024780537778,590.4,72,14.4,07:12:18,3.6,4.8780487804878,47.5805268342656,35.114428803688,35.114428803688,6,0,45
10542125,215,29/04/2021 00:00:00,29-Apr-2021 08:50:37,29-Apr-2021 16:02:56,42.7024780537778,590.4,72,14.4,07:12:18,3.6,4.8780487804878,47.5805268342656,35.114428803688,35.114428803688,7,0,45
10542132,215,29/04/2021 00:00:00,29-Apr-2021 09:02:51,29-Apr-2021 16:15:09,42.7024780537778,590.4,72,14.4,07:12:17,3.6,4.8780487804878,47.5805268342656,35.114428803688,35.114428803688,8,0,45
10542134,215,30/04/2021 00:00:00,30-Apr-2021 06:51:20,30-Apr-2021 13:45:57,39.5813115573143,590.4,72,14.4,06:54:37,3.45,4.67479674796748,44.2561083052818,32.661007929298,32.661007929298,1,0,45
10542139,215,30/04/2021 00:00:00,30-Apr-2021 07:24:53,30-Apr-2021 14:19:28,39.5813115573143,590.4,72,14.4,06:54:36,3.45,4.67479674796748,44.2561083052818,32.661007929298,32.661007929298,2,0,45
10542140,215,30/04/2021 00:00:00,30-Apr-2021 07:36:48,30-Apr-2021 14:31:24,39.5813115573143,590.4,72,14.4,06:54:36,3.45,4.67479674796748,44.2561083052818,32.661007929298,32.661007929298,3,0,45
10542133,215,30/04/2021 00:00:00,30-Apr-2021 08:17:33,30-Apr-2021 15:12:08,39.5813115573143,590.4,72,14.4,06:54:36,3.45,4.67479674796748,44.2561083052818,32.661007929298,32.661007929298,4,0,45
10542135,215,30/04/2021 00:00:00,30-Apr-2021 08:24:24,30-Apr-2021 15:19:02,39.5813115573143,590.4,72,14.4,06:54:37,3.45,4.67479674796748,44.2561083052818,32.661007929298,32.661007929298,5,0,45
10542137,215,30/04/2021 00:00:00,30-Apr-2021 08:36:15,30-Apr-2021 15:30:51,39.5813115573143,590.4,72,14.4,06:54:36,3.45,4.67479674796748,44.2561083052818,32.661007929298,32.661007929298,6,0,45
10542136,215,30/04/2021 00:00:00,30-Apr-2021 09:12:55,30-Apr-2021 16:07:30,39.5813115573143,590.4,72,14.4,06:54:36,3.45,4.67479674796748,44.2561083052818,32.661007929298,32.661007929298,7,0,45
10542138,215,30/04/2021 00:00:00,30-Apr-2021 09:25:39,30-Apr-2021 16:20:14,39.5813115573143,590.4,72,14.4,06:54:36,3.45,4.67479674796748,44.2561083052818,32.661007929298,32.661007929298,8,0,45
10542146,215,01/05/2021 00:00:00,01-May-2021 06:39:13,01-May-2021 13:33:50,39.5813115573143,590.4,72,14.4,06:54:37,3.45,4.67479674796748,44.2561083052818,32.661007929298,32.661007929298,1,0,45
10542147,215,01/05/2021 00:00:00,01-May-2021 07:58:48,01-May-2021 14:53:24,39.5813115573143,590.4,72,14.4,06:54:36,3.45,4.67479674796748,44.2561083052818,32.661007929298,32.661007929298,2,0,45
10542145,215,01/05/2021 00:00:00,01-May-2021 07:59:25,01-May-2021 14:54:02,39.5813115573143,590.4,72,14.4,06:54:37,3.45,4.67479674796748,44.2561083052818,32.661007929298,32.661007929298,3,0,45
10542141,215,01/05/2021 00:00:00,01-May-2021 08:02:34,01-May-2021 14:57:10,39.5813115573143,590.4,72,14.4,06:54:36,3.45,4.67479674796748,44.2561083052818,32.661007929298,32.661007929298,4,0,45
10542144,215,01/05/2021 00:00:00,01-May-2021 08:41:08,01-May-2021 15:35:44,39.5813115573143,590.4,72,14.4,06:54:36,3.45,4.67479674796748,44.2561083052818,32.661007929298,32.661007929298,5,0,45
10542142,215,01/05/2021 00:00:00,01-May-2021 08:59:29,01-May-2021 15:54:06,39.5813115573143,590.4,72,14.4,06:54:37,3.45,4.67479674796748,44.2561083052818,32.661007929298,32.661007929298,6,0,45
10542143,215,01/05/2021 00:00:00,01-May-2021 09:11:55,01-May-2021 16:06:31,39.5813115573143,590.4,72,14.4,06:54:37,3.45,4.67479674796748,44.2561083052818,32.661007929298,32.661007929298,7,0,45
10542148,215,02/05/2021 00:00:00,02-May-2021 06:32:57,02-May-2021 13:27:32,39.5813115573143,590.4,72,14.4,06:54:36,3.45,4.67479674796748,44.2561083052818,32.661007929298,32.661007929298,1,0,45
10542150,215,02/05/2021 00:00:00,02-May-2021 07:01:49,02-May-2021 13:56:27,39.5813115573143,590.4,72,14.4,06:54:37,3.45,4.67479674796748,44.2561083052818,32.661007929298,32.661007929298,2,0,45
10542155,215,02/05/2021 00:00:00,02-May-2021 07:28:37,02-May-2021 14:23:13,39.5813115573143,590.4,72,14.4,06:54:36,3.45,4.67479674796748,44.2561083052818,32.661007929298,32.661007929298,3,0,45
10542154,215,02/05/2021 00:00:00,02-May-2021 07:49:28,02-May-2021 14:44:04,39.5813115573143,590.4,72,14.4,06:54:36,3.45,4.67479674796748,44.2561083052818,32.661007929298,32.661007929298,4,0,45
10542153,215,02/05/2021 00:00:00,02-May-2021 08:17:29,02-May-2021 15:12:07,39.5813115573143,590.4,72,14.4,06:54:37,3.45,4.67479674796748,44.2561083052818,32.661007929298,32.661007929298,5,0,45
10542149,215,02/05/2021 00:00:00,02-May-2021 08:26:55,02-May-2021 15:21:31,39.5813115573143,590.4,72,14.4,06:54:37,3.45,4.67479674796748,44.2561083052818,32.661007929298,32.661007929298,6,0,45
10542152,215,02/05/2021 00:00:00,02-May-2021 08:39:47,02-May-2021 15:34:23,39.5813115573143,590.4,72,14.4,06:54:36,3.45,4.67479674796748,44.2561083052818,32.661007929298,32.661007929298,7,0,45
10542151,215,02/05/2021 00:00:00,02-May-2021 09:28:49,02-May-2021 16:23:25,39.5813115573143,590.4,72,14.4,06:54:36,3.45,4.67479674796748,44.2561083052818,32.661007929298,32.661007929298,8,0,45
10542163,215,03/05/2021 00:00:00,03-May-2021 06:33:23,03-May-2021 13:28:00,39.5813115573143,590.4,72,14.4,06:54:36,3.45,4.67479674796748,44.2561083052818,32.661007929298,32.661007929298,1,0,45
10542162,215,03/05/2021 00:00:00,03-May-2021 06:33:30,03-May-2021 13:28:06,39.5813115573143,590.4,72,14.4,06:54:36,3.45,4.67479674796748,44.2561083052818,32.661007929298,32.661007929298,2,0,45
10542161,215,03/05/2021 00:00:00,03-May-2021 07:03:43,03-May-2021 13:58:19,39.5813115573143,590.4,72,14.4,06:54:37,3.45,4.67479674796748,44.2561083052818,32.661007929298,32.661007929298,3,0,45
10542158,215,03/05/2021 00:00:00,03-May-2021 07:06:51,03-May-2021 14:01:27,39.5813115573143,590.4,72,14.4,06:54:36,3.45,4.67479674796748,44.2561083052818,32.661007929298,32.661007929298,4,0,45
10542157,215,03/05/2021 00:00:00,03-May-2021 07:10:56,03-May-2021 14:05:33,39.5813115573143,590.4,72,14.4,06:54:37,3.45,4.67479674796748,44.2561083052818,32.661007929298,32.661007929298,5,0,45
10542160,215,03/05/2021 00:00:00,03-May-2021 07:21:09,03-May-2021 14:15:45,39.5813115573143,590.4,72,14.4,06:54:37,3.45,4.67479674796748,44.2561083052818,32.661007929298,32.661007929298,6,0,45
10542164,215,03/05/2021 00:00:00,03-May-2021 07:24:15,03-May-2021 14:18:50,39.5813115573143,590.4,72,14.4,06:54:36,3.45,4.67479674796748,44.2561083052818,32.661007929298,32.661007929298,7,0,45
10542159,215,03/05/2021 00:00:00,03-May-2021 07:39:15,03-May-2021 14:33:51,39.5813115573143,590.4,72,14.4,06:54:36,3.45,4.67479674796748,44.2561083052818,32.661007929298,32.661007929298,8,0,45
10542156,215,03/05/2021 00:00:00,03-May-2021 07:44:28,03-May-2021 14:39:05,39.5813115573143,590.4,72,14.4,06:54:36,3.45,4.67479674796748,44.2561083052818,32.661007929298,32.661007929298,9,0,45
10542167,215,03/05/2021 00:00:00,03-May-2021 14:46:31,03-May-2021 21:41:07,39.5813115573143,590.4,72,14.4,06:54:36,3.45,4.67479674796748,44.2561083052818,32.661007929298,32.661007929298,1,0,45
10542166,215,03/05/2021 00:00:00,03-May-2021 15:18:52,03-May-2021 22:13:29,39.5813115573143,590.4,72,14.4,06:54:37,3.45,4.67479674796748,44.2561083052818,32.661007929298,32.661007929298,2,0,45
10542165,215,03/05/2021 00:00:00,03-May-2021 15:45:26,03-May-2021 22:40:01,39.5813115573143,590.4,72,14.4,06:54:36,3.45,4.67479674796748,44.2561083052818,32.661007929298,32.661007929298,3,0,45
10542168,215,04/05/2021 00:00:00,04-May-2021 06:33:41,04-May-2021 13:28:17,39.5813115573143,590.4,72,14.4,06:54:37,3.45,4.67479674796748,44.2561083052818,32.661007929298,32.661007929298,1,0,45
10542173,215,04/05/2021 00:00:00,04-May-2021 06:52:02,04-May-2021 13:46:38,39.5813115573143,590.4,72,14.4,06:54:36,3.45,4.67479674796748,44.2561083052818,32.661007929298,32.661007929298,2,0,45
10542172,215,04/05/2021 00:00:00,04-May-2021 07:08:51,04-May-2021 14:03:27,39.5813115573143,590.4,72,14.4,06:54:36,3.45,4.67479674796748,44.2561083052818,32.661007929298,32.661007929298,3,0,45
10542170,215,04/05/2021 00:00:00,04-May-2021 07:11:27,04-May-2021 14:06:03,39.5813115573143,590.4,72,14.4,06:54:36,3.45,4.67479674796748,44.2561083052818,32.661007929298,32.661007929298,4,0,45
10542174,215,04/05/2021 00:00:00,04-May-2021 07:17:01,04-May-2021 14:11:37,39.5813115573143,590.4,72,14.4,06:54:36,3.45,4.67479674796748,44.2561083052818,32.661007929298,32.661007929298,5,0,45
10542171,215,04/05/2021 00:00:00,04-May-2021 07:30:29,04-May-2021 14:25:05,39.5813115573143,590.4,72,14.4,06:54:36,3.45,4.67479674796748,44.2561083052818,32.661007929298,32.661007929298,6,0,45
10542175,215,04/05/2021 00:00:00,04-May-2021 07:44:22,04-May-2021 14:38:59,39.5813115573143,590.4,72,14.4,06:54:36,3.45,4.67479674796748,44.2561083052818,32.661007929298,32.661007929298,7,0,45
10542169,215,04/05/2021 00:00:00,04-May-2021 07:59:27,04-May-2021 14:54:04,39.5813115573143,590.4,72,14.4,06:54:37,3.45,4.67479674796748,44.2561083052818,32.661007929298,32.661007929298,8,0,45
10542176,215,04/05/2021 00:00:00,04-May-2021 08:24:35,04-May-2021 15:19:10,39.5813115573143,590.4,72,14.4,06:54:36,3.45,4.67479674796748,44.2561083052818,32.661007929298,32.661007929298,9,0,45
10542177,215,04/05/2021 00:00:00,04-May-2021 14:56:51,04-May-2021 21:51:26,39.5813115573143,590.4,72,14.4,06:54:36,3.45,4.67479674796748,44.2561083052818,32.661007929298,32.661007929298,1,0,45
10542178,215,04/05/2021 00:00:00,04-May-2021 14:58:31,04-May-2021 21:53:08,39.5813115573143,590.4,72,14.4,06:54:36,3.45,4.67479674796748,44.2561083052818,32.661007929298,32.661007929298,2,0,45
10542185,215,05/05/2021 00:00:00,05-May-2021 07:11:12,05-May-2021 14:05:48,39.5813115573143,590.4,72,14.4,06:54:36,3.45,4.67479674796748,44.2561083052818,32.661007929298,32.661007929298,1,0,45
10542181,215,05/05/2021 00:00:00,05-May-2021 07:12:38,05-May-2021 14:07:13,39.5813115573143,590.4,72,14.4,06:54:36,3.45,4.67479674796748,44.2561083052818,32.661007929298,32.661007929298,2,0,45
10542180,215,05/05/2021 00:00:00,05-May-2021 07:22:32,05-May-2021 14:17:09,39.5813115573143,590.4,72,14.4,06:54:37,3.45,4.67479674796748,44.2561083052818,32.661007929298,32.661007929298,3,0,45
10542183,215,05/05/2021 00:00:00,05-May-2021 07:44:36,05-May-2021 14:39:13,39.5813115573143,590.4,72,14.4,06:54:37,3.45,4.67479674796748,44.2561083052818,32.661007929298,32.661007929298,4,0,45
10542187,215,05/05/2021 00:00:00,05-May-2021 07:51:38,05-May-2021 14:46:14,39.5813115573143,590.4,72,14.4,06:54:36,3.45,4.67479674796748,44.2561083052818,32.661007929298,32.661007929298,5,0,45
10542182,215,05/05/2021 00:00:00,05-May-2021 07:58:57,05-May-2021 14:53:34,39.5813115573143,590.4,72,14.4,06:54:36,3.45,4.67479674796748,44.2561083052818,32.661007929298,32.661007929298,6,0,45
10542184,215,05/05/2021 00:00:00,05-May-2021 08:06:40,05-May-2021 15:01:15,39.5813115573143,590.4,72,14.4,06:54:36,3.45,4.67479674796748,44.2561083052818,32.661007929298,32.661007929298,7,0,45
10542186,215,05/05/2021 00:00:00,05-May-2021 08:11:26,05-May-2021 15:06:04,39.5813115573143,590.4,72,14.4,06:54:37,3.45,4.67479674796748,44.2561083052818,32.661007929298,32.661007929298,8,0,45
10542179,215,05/05/2021 00:00:00,05-May-2021 08:23:20,05-May-2021 15:17:56,39.5813115573143,590.4,72,14.4,06:54:36,3.45,4.67479674796748,44.2561083052818,32.661007929298,32.661007929298,9,0,45
10542194,215,06/05/2021 00:00:00,06-May-2021 06:47:00,06-May-2021 13:41:38,39.5813115573143,590.4,72,14.4,06:54:37,3.45,4.67479674796748,44.2561083052818,32.661007929298,32.661007929298,1,0,45
10542191,215,06/05/2021 00:00:00,06-May-2021 07:07:46,06-May-2021 14:02:23,39.5813115573143,590.4,72,14.4,06:54:36,3.45,4.67479674796748,44.2561083052818,32.661007929298,32.661007929298,2,0,45
10542196,215,06/05/2021 00:00:00,06-May-2021 07:16:32,06-May-2021 14:11:09,39.5813115573143,590.4,72,14.4,06:54:37,3.45,4.67479674796748,44.2561083052818,32.661007929298,32.661007929298,3,0,45
10542190,215,06/05/2021 00:00:00,06-May-2021 07:20:58,06-May-2021 14:15:34,39.5813115573143,590.4,72,14.4,06:54:36,3.45,4.67479674796748,44.2561083052818,32.661007929298,32.661007929298,4,0,45
10542195,215,06/05/2021 00:00:00,06-May-2021 07:23:50,06-May-2021 14:18:27,39.5813115573143,590.4,72,14.4,06:54:36,3.45,4.67479674796748,44.2561083052818,32.661007929298,32.661007929298,5,0,45
10542188,215,06/05/2021 00:00:00,06-May-2021 07:33:40,06-May-2021 14:28:15,39.5813115573143,590.4,72,14.4,06:54:36,3.45,4.67479674796748,44.2561083052818,32.661007929298,32.661007929298,6,0,45
10542192,215,06/05/2021 00:00:00,06-May-2021 07:51:30,06-May-2021 14:46:07,39.5813115573143,590.4,72,14.4,06:54:37,3.45,4.67479674796748,44.2561083052818,32.661007929298,32.661007929298,7,0,45
10542189,215,06/05/2021 00:00:00,06-May-2021 07:53:31,06-May-2021 14:48:08,39.5813115573143,590.4,72,14.4,06:54:36,3.45,4.67479674796748,44.2561083052818,32.661007929298,32.661007929298,8,0,45
10542193,215,06/05/2021 00:00:00,06-May-2021 08:12:46,06-May-2021 15:07:23,39.5813115573143,590.4,72,14.4,06:54:37,3.45,4.67479674796748,44.2561083052818,32.661007929298,32.661007929298,9,0,45
10542201,215,07/05/2021 00:00:00,07-May-2021 06:31:18,07-May-2021 13:33:32,41.9638215004487,590.4,72,14.4,07:02:13,3.5167,4.76517615176152,46.7289976522102,34.4860002673311,34.4860002673311,1,0,45
10542199,215,07/05/2021 00:00:00,07-May-2021 06:45:33,07-May-2021 13:47:46,41.9638215004487,590.4,72,14.4,07:02:13,3.5167,4.76517615176152,46.7289976522102,34.4860002673311,34.4860002673311,2,0,45
10542202,215,07/05/2021 00:00:00,07-May-2021 06:47:48,07-May-2021 13:50:01,41.9638215004487,590.4,72,14.4,07:02:13,3.5167,4.76517615176152,46.7289976522102,34.4860002673311,34.4860002673311,3,0,45
10542204,215,07/05/2021 00:00:00,07-May-2021 07:09:11,07-May-2021 14:11:25,41.9638215004487,590.4,72,14.4,07:02:14,3.5167,4.76517615176152,46.7289976522102,34.4860002673311,34.4860002673311,4,0,45
10542203,215,07/05/2021 00:00:00,07-May-2021 07:52:18,07-May-2021 14:54:31,41.9638215004487,590.4,72,14.4,07:02:13,3.5167,4.76517615176152,46.7289976522102,34.4860002673311,34.4860002673311,5,0,45
10542200,215,07/05/2021 00:00:00,07-May-2021 09:01:12,07-May-2021 16:03:25,41.9638215004487,590.4,72,14.4,07:02:13,3.5167,4.76517615176152,46.7289976522102,34.4860002673311,34.4860002673311,6,0,45
10542197,215,07/05/2021 00:00:00,07-May-2021 09:10:30,07-May-2021 16:12:42,41.9638215004487,590.4,72,14.4,07:02:13,3.5167,4.76517615176152,46.7289976522102,34.4860002673311,34.4860002673311,7,0,45
10542198,215,07/05/2021 00:00:00,07-May-2021 09:12:27,07-May-2021 16:14:40,41.9638215004487,590.4,72,14.4,07:02:13,3.5167,4.76517615176152,46.7289976522102,34.4860002673311,34.4860002673311,8,0,45
10542209,215,08/05/2021 00:00:00,08-May-2021 07:01:20,08-May-2021 14:03:34,41.9638215004487,590.4,72,14.4,07:02:13,3.5167,4.76517615176152,46.7289976522102,34.4860002673311,34.4860002673311,1,0,45
10542207,215,08/05/2021 00:00:00,08-May-2021 07:14:24,08-May-2021 14:16:37,41.9638215004487,590.4,72,14.4,07:02:14,3.5167,4.76517615176152,46.7289976522102,34.4860002673311,34.4860002673311,2,0,45
10542205,215,08/05/2021 00:00:00,08-May-2021 07:32:41,08-May-2021 14:34:54,41.9638215004487,590.4,72,14.4,07:02:13,3.5167,4.76517615176152,46.7289976522102,34.4860002673311,34.4860002673311,3,0,45
10542210,215,08/05/2021 00:00:00,08-May-2021 07:49:58,08-May-2021 14:52:11,41.9638215004487,590.4,72,14.4,07:02:13,3.5167,4.76517615176152,46.7289976522102,34.4860002673311,34.4860002673311,4,0,45
10542211,215,08/05/2021 00:00:00,08-May-2021 08:46:24,08-May-2021 15:48:36,41.9638215004487,590.4,72,14.4,07:02:13,3.5167,4.76517615176152,46.7289976522102,34.4860002673311,34.4860002673311,5,0,45
10542208,215,08/05/2021 00:00:00,08-May-2021 08:47:30,08-May-2021 15:49:42,41.9638215004487,590.4,72,14.4,07:02:13,3.5167,4.76517615176152,46.7289976522102,34.4860002673311,34.4860002673311,6,0,45
10542206,215,08/05/2021 00:00:00,08-May-2021 09:03:18,08-May-2021 16:05:31,41.9638215004487,590.4,72,14.4,07:02:13,3.5167,4.76517615176152,46.7289976522102,34.4860002673311,34.4860002673311,7,0,45
10542215,215,09/05/2021 00:00:00,09-May-2021 07:06:28,09-May-2021 14:08:41,41.9638215004487,590.4,72,14.4,07:02:13,3.5167,4.76517615176152,46.7289976522102,34.4860002673311,34.4860002673311,1,0,45
10542213,215,09/05/2021 00:00:00,09-May-2021 07:22:12,09-May-2021 14:24:24,41.9638215004487,590.4,72,14.4,07:02:13,3.5167,4.76517615176152,46.7289976522102,34.4860002673311,34.4860002673311,2,0,45
10542218,215,09/05/2021 00:00:00,09-May-2021 07:38:17,09-May-2021 14:40:31,41.9638215004487,590.4,72,14.4,07:02:13,3.5167,4.76517615176152,46.7289976522102,34.4860002673311,34.4860002673311,3,0,45
10542214,215,09/05/2021 00:00:00,09-May-2021 07:57:10,09-May-2021 14:59:23,41.9638215004487,590.4,72,14.4,07:02:13,3.5167,4.76517615176152,46.7289976522102,34.4860002673311,34.4860002673311,4,0,45
10542216,215,09/05/2021 00:00:00,09-May-2021 08:12:52,09-May-2021 15:15:05,41.9638215004487,590.4,72,14.4,07:02:13,3.5167,4.76517615176152,46.7289976522102,34.4860002673311,34.4860002673311,5,0,45
10542217,215,09/05/2021 00:00:00,09-May-2021 08:30:14,09-May-2021 15:32:28,41.9638215004487,590.4,72,14.4,07:02:13,3.5167,4.76517615176152,46.7289976522102,34.4860002673311,34.4860002673311,6,0,45
10542219,215,09/05/2021 00:00:00,09-May-2021 08:54:49,09-May-2021 15:57:03,41.9638215004487,590.4,72,14.4,07:02:13,3.5167,4.76517615176152,46.7289976522102,34.4860002673311,34.4860002673311,7,0,45
10542212,215,09/05/2021 00:00:00,09-May-2021 08:55:21,09-May-2021 15:57:34,41.9638215004487,590.4,72,14.4,07:02:13,3.5167,4.76517615176152,46.7289976522102,34.4860002673311,34.4860002673311,8,0,45
10542224,215,10/05/2021 00:00:00,10-May-2021 06:46:37,10-May-2021 13:48:49,41.9638215004487,590.4,72,14.4,07:02:13,3.5167,4.76517615176152,46.7289976522102,34.4860002673311,34.4860002673311,1,0,45
10542222,215,10/05/2021 00:00:00,10-May-2021 07:18:39,10-May-2021 14:20:53,41.9638215004487,590.4,72,14.4,07:02:13,3.5167,4.76517615176152,46.7289976522102,34.4860002673311,34.4860002673311,2,0,45
10542220,215,10/05/2021 00:00:00,10-May-2021 07:25:44,10-May-2021 14:27:57,41.9638215004487,590.4,72,14.4,07:02:13,3.5167,4.76517615176152,46.7289976522102,34.4860002673311,34.4860002673311,3,0,45
10542223,215,10/05/2021 00:00:00,10-May-2021 07:28:24,10-May-2021 14:30:38,41.9638215004487,590.4,72,14.4,07:02:13,3.5167,4.76517615176152,46.7289976522102,34.4860002673311,34.4860002673311,4,0,45
10542226,215,10/05/2021 00:00:00,10-May-2021 07:30:22,10-May-2021 14:32:34,41.9638215004487,590.4,72,14.4,07:02:13,3.5167,4.76517615176152,46.7289976522102,34.4860002673311,34.4860002673311,5,0,45
10542227,215,10/05/2021 00:00:00,10-May-2021 07:45:45,10-May-2021 14:47:58,41.9638215004487,590.4,72,14.4,07:02:13,3.5167,4.76517615176152,46.7289976522102,34.4860002673311,34.4860002673311,6,0,45
10542221,215,10/05/2021 00:00:00,10-May-2021 07:51:13,10-May-2021 14:53:26,41.9638215004487,590.4,72,14.4,07:02:13,3.5167,4.76517615176152,46.7289976522102,34.4860002673311,34.4860002673311,7,0,45
10542228,215,10/05/2021 00:00:00,10-May-2021 07:59:32,10-May-2021 15:01:44,41.9638215004487,590.4,72,14.4,07:02:13,3.5167,4.76517615176152,46.7289976522102,34.4860002673311,34.4860002673311,8,0,45
10542225,215,10/05/2021 00:00:00,10-May-2021 08:18:05,10-May-2021 15:20:17,41.9638215004487,590.4,72,14.4,07:02:13,3.5167,4.76517615176152,46.7289976522102,34.4860002673311,34.4860002673311,9,0,45
10542229,215,10/05/2021 00:00:00,10-May-2021 15:08:00,10-May-2021 22:10:13,41.9638215004487,590.4,72,14.4,07:02:13,3.5167,4.76517615176152,46.7289976522102,34.4860002673311,34.4860002673311,1,0,45
10542230,215,10/05/2021 00:00:00,10-May-2021 15:41:08,10-May-2021 22:43:21,41.9638215004487,590.4,72,14.4,07:02:13,3.5167,4.76517615176152,46.7289976522102,34.4860002673311,34.4860002673311,2,0,45
10542232,215,11/05/2021 00:00:00,11-May-2021 06:32:21,11-May-2021 13:34:34,41.9638215004487,590.4,72,14.4,07:02:13,3.5167,4.76517615176152,46.7289976522102,34.4860002673311,34.4860002673311,1,0,45
10542239,215,11/05/2021 00:00:00,11-May-2021 06:36:14,11-May-2021 13:38:26,41.9638215004487,590.4,72,14.4,07:02:13,3.5167,4.76517615176152,46.7289976522102,34.4860002673311,34.4860002673311,2,0,45
10542233,215,11/05/2021 00:00:00,11-May-2021 06:39:16,11-May-2021 13:41:29,41.9638215004487,590.4,72,14.4,07:02:13,3.5167,4.76517615176152,46.7289976522102,34.4860002673311,34.4860002673311,3,0,45
10542235,215,11/05/2021 00:00:00,11-May-2021 07:22:06,11-May-2021 14:24:20,41.9638215004487,590.4,72,14.4,07:02:13,3.5167,4.76517615176152,46.7289976522102,34.4860002673311,34.4860002673311,4,0,45
10542237,215,11/05/2021 00:00:00,11-May-2021 07:27:00,11-May-2021 14:29:13,41.9638215004487,590.4,72,14.4,07:02:13,3.5167,4.76517615176152,46.7289976522102,34.4860002673311,34.4860002673311,5,0,45
10542238,215,11/05/2021 00:00:00,11-May-2021 07:37:11,11-May-2021 14:39:23,41.9638215004487,590.4,72,14.4,07:02:13,3.5167,4.76517615176152,46.7289976522102,34.4860002673311,34.4860002673311,6,0,45
10542234,215,11/05/2021 00:00:00,11-May-2021 08:05:07,11-May-2021 15:07:19,41.9638215004487,590.4,72,14.4,07:02:13,3.5167,4.76517615176152,46.7289976522102,34.4860002673311,34.4860002673311,7,0,45
10542236,215,11/05/2021 00:00:00,11-May-2021 08:07:31,11-May-2021 15:09:44,41.9638215004487,590.4,72,14.4,07:02:13,3.5167,4.76517615176152,46.7289976522102,34.4860002673311,34.4860002673311,8,0,45
10542231,215,11/05/2021 00:00:00,11-May-2021 08:25:44,11-May-2021 15:27:57,41.9638215004487,590.4,72,14.4,07:02:13,3.5167,4.76517615176152,46.7289976522102,34.4860002673311,34.4860002673311,9,0,45
10542240,215,11/05/2021 00:00:00,11-May-2021 15:13:59,11-May-2021 22:16:13,41.9638215004487,590.4,72,14.4,07:02:13,3.5167,4.76517615176152,46.7289976522102,34.4860002673311,34.4860002673311,1,0,45
10542245,215,12/05/2021 00:00:00,12-May-2021 06:34:19,12-May-2021 13:36:32,41.9638215004487,590.4,72,14.4,07:02:13,3.5167,4.76517615176152,46.7289976522102,34.4860002673311,34.4860002673311,1,0,45
10542247,215,12/05/2021 00:00:00,12-May-2021 06:40:46,12-May-2021 13:42:59,41.9638215004487,590.4,72,14.4,07:02:13,3.5167,4.76517615176152,46.7289976522102,34.4860002673311,34.4860002673311,2,0,45
10542242,215,12/05/2021 00:00:00,12-May-2021 06:42:32,12-May-2021 13:44:46,41.9638215004487,590.4,72,14.4,07:02:13,3.5167,4.76517615176152,46.7289976522102,34.4860002673311,34.4860002673311,3,0,45
10542249,215,12/05/2021 00:00:00,12-May-2021 07:19:45,12-May-2021 14:21:59,41.9638215004487,590.4,72,14.4,07:02:14,3.5167,4.76517615176152,46.7289976522102,34.4860002673311,34.4860002673311,4,0,45
10542248,215,12/05/2021 00:00:00,12-May-2021 07:23:02,12-May-2021 14:25:15,41.9638215004487,590.4,72,14.4,07:02:13,3.5167,4.76517615176152,46.7289976522102,34.4860002673311,34.4860002673311,5,0,45
10542244,215,12/05/2021 00:00:00,12-May-2021 07:27:02,12-May-2021 14:29:14,41.9638215004487,590.4,72,14.4,07:02:13,3.5167,4.76517615176152,46.7289976522102,34.4860002673311,34.4860002673311,6,0,45
10542246,215,12/05/2021 00:00:00,12-May-2021 07:36:31,12-May-2021 14:38:44,41.9638215004487,590.4,72,14.4,07:02:13,3.5167,4.76517615176152,46.7289976522102,34.4860002673311,34.4860002673311,7,0,45
10542243,215,12/05/2021 00:00:00,12-May-2021 07:44:06,12-May-2021 14:46:20,41.9638215004487,590.4,72,14.4,07:02:13,3.5167,4.76517615176152,46.7289976522102,34.4860002673311,34.4860002673311,8,0,45
10542241,215,12/05/2021 00:00:00,12-May-2021 08:27:59,12-May-2021 15:30:11,41.9638215004487,590.4,72,14.4,07:02:13,3.5167,4.76517615176152,46.7289976522102,34.4860002673311,34.4860002673311,9,0,45
10542257,215,13/05/2021 00:00:00,13-May-2021 06:55:16,13-May-2021 13:57:28,41.9638215004487,590.4,72,14.4,07:02:13,3.5167,4.76517615176152,46.7289976522102,34.4860002673311,34.4860002673311,1,0,45
10542258,215,13/05/2021 00:00:00,13-May-2021 07:01:30,13-May-2021 14:03:43,41.9638215004487,590.4,72,14.4,07:02:13,3.5167,4.76517615176152,46.7289976522102,34.4860002673311,34.4860002673311,2,0,45
10542251,215,13/05/2021 00:00:00,13-May-2021 07:13:47,13-May-2021 14:16:00,41.9638215004487,590.4,72,14.4,07:02:13,3.5167,4.76517615176152,46.7289976522102,34.4860002673311,34.4860002673311,3,0,45
10542255,215,13/05/2021 00:00:00,13-May-2021 07:41:14,13-May-2021 14:43:26,41.9638215004487,590.4,72,14.4,07:02:13,3.5167,4.76517615176152,46.7289976522102,34.4860002673311,34.4860002673311,4,0,45
10542253,215,13/05/2021 00:00:00,13-May-2021 07:59:40,13-May-2021 15:01:52,41.9638215004487,590.4,72,14.4,07:02:13,3.5167,4.76517615176152,46.7289976522102,34.4860002673311,34.4860002673311,5,0,45
10542250,215,13/05/2021 00:00:00,13-May-2021 08:11:39,13-May-2021 15:13:51,41.9638215004487,590.4,72,14.4,07:02:13,3.5167,4.76517615176152,46.7289976522102,34.4860002673311,34.4860002673311,6,0,45
10542252,215,13/05/2021 00:00:00,13-May-2021 08:19:53,13-May-2021 15:22:06,41.9638215004487,590.4,72,14.4,07:02:13,3.5167,4.76517615176152,46.7289976522102,34.4860002673311,34.4860002673311,7,0,45
10542254,215,13/05/2021 00:00:00,13-May-2021 08:28:51,13-May-2021 15:31:05,41.9638215004487,590.4,72,14.4,07:02:13,3.5167,4.76517615176152,46.7289976522102,34.4860002673311,34.4860002673311,8,0,45
10542256,215,13/05/2021 00:00:00,13-May-2021 08:29:04,13-May-2021 15:31:17,41.9638215004487,590.4,72,14.4,07:02:13,3.5167,4.76517615176152,46.7289976522102,34.4860002673311,34.4860002673311,9,0,45
10542264,215,14/05/2021 00:00:00,14-May-2021 06:36:39,14-May-2021 13:23:53,41.197508160898,590.4,72,14.4,06:47:14,3.3917,4.59579945799458,45.7933076188926,33.7954610227427,33.7954610227427,1,0,45
10542260,215,14/05/2021 00:00:00,14-May-2021 07:08:22,14-May-2021 13:55:36,41.197508160898,590.4,72,14.4,06:47:14,3.3917,4.59579945799458,45.7933076188926,33.7954610227427,33.7954610227427,2,0,45
10542263,215,14/05/2021 00:00:00,14-May-2021 07:18:29,14-May-2021 14:05:43,41.197508160898,590.4,72,14.4,06:47:14,3.3917,4.59579945799458,45.7933076188926,33.7954610227427,33.7954610227427,3,0,45
10542261,215,14/05/2021 00:00:00,14-May-2021 08:05:59,14-May-2021 14:53:12,41.197508160898,590.4,72,14.4,06:47:13,3.3917,4.59579945799458,45.7933076188926,33.7954610227427,33.7954610227427,4,0,45
10542265,215,14/05/2021 00:00:00,14-May-2021 08:40:40,14-May-2021 15:27:54,41.197508160898,590.4,72,14.4,06:47:14,3.3917,4.59579945799458,45.7933076188926,33.7954610227427,33.7954610227427,5,0,45
10542259,215,14/05/2021 00:00:00,14-May-2021 08:45:00,14-May-2021 15:32:13,41.197508160898,590.4,72,14.4,06:47:13,3.3917,4.59579945799458,45.7933076188926,33.7954610227427,33.7954610227427,6,0,45
10542262,215,14/05/2021 00:00:00,14-May-2021 08:57:17,14-May-2021 15:44:31,41.197508160898,590.4,72,14.4,06:47:13,3.3917,4.59579945799458,45.7933076188926,33.7954610227427,33.7954610227427,7,0,45
10542271,215,15/05/2021 00:00:00,15-May-2021 06:38:20,15-May-2021 13:25:34,41.197508160898,590.4,72,14.4,06:47:14,3.3917,4.59579945799458,45.7933076188926,33.7954610227427,33.7954610227427,1,0,45
10542266,215,15/05/2021 00:00:00,15-May-2021 06:38:45,15-May-2021 13:25:57,41.197508160898,590.4,72,14.4,06:47:13,3.3917,4.59579945799458,45.7933076188926,33.7954610227427,33.7954610227427,2,0,45
10542270,215,15/05/2021 00:00:00,15-May-2021 07:19:30,15-May-2021 14:06:43,41.197508160898,590.4,72,14.4,06:47:13,3.3917,4.59579945799458,45.7933076188926,33.7954610227427,33.7954610227427,3,0,45
10542268,215,15/05/2021 00:00:00,15-May-2021 07:21:22,15-May-2021 14:08:35,41.197508160898,590.4,72,14.4,06:47:13,3.3917,4.59579945799458,45.7933076188926,33.7954610227427,33.7954610227427,4,0,45
10542269,215,15/05/2021 00:00:00,15-May-2021 07:25:08,15-May-2021 14:12:22,41.197508160898,590.4,72,14.4,06:47:14,3.3917,4.59579945799458,45.7933076188926,33.7954610227427,33.7954610227427,5,0,45
10542267,215,15/05/2021 00:00:00,15-May-2021 07:37:33,15-May-2021 14:24:46,41.197508160898,590.4,72,14.4,06:47:13,3.3917,4.59579945799458,45.7933076188926,33.7954610227427,33.7954610227427,6,0,45
10542276,215,16/05/2021 00:00:00,16-May-2021 06:33:05,16-May-2021 13:20:18,41.197508160898,590.4,72,14.4,06:47:13,3.3917,4.59579945799458,45.7933076188926,33.7954610227427,33.7954610227427,1,0,45
10542273,215,16/05/2021 00:00:00,16-May-2021 06:53:26,16-May-2021 13:40:41,41.197508160898,590.4,72,14.4,06:47:14,3.3917,4.59579945799458,45.7933076188926,33.7954610227427,33.7954610227427,2,0,45
10542275,215,16/05/2021 00:00:00,16-May-2021 06:56:56,16-May-2021 13:44:09,41.197508160898,590.4,72,14.4,06:47:13,3.3917,4.59579945799458,45.7933076188926,33.7954610227427,33.7954610227427,3,0,45
10542278,215,16/05/2021 00:00:00,16-May-2021 06:58:11,16-May-2021 13:45:25,41.197508160898,590.4,72,14.4,06:47:14,3.3917,4.59579945799458,45.7933076188926,33.7954610227427,33.7954610227427,4,0,45
10542272,215,16/05/2021 00:00:00,16-May-2021 07:14:14,16-May-2021 14:01:28,41.197508160898,590.4,72,14.4,06:47:14,3.3917,4.59579945799458,45.7933076188926,33.7954610227427,33.7954610227427,5,0,45
10542274,215,16/05/2021 00:00:00,16-May-2021 07:53:15,16-May-2021 14:40:28,41.197508160898,590.4,72,14.4,06:47:14,3.3917,4.59579945799458,45.7933076188926,33.7954610227427,33.7954610227427,6,0,45
10542277,215,16/05/2021 00:00:00,16-May-2021 09:25:28,16-May-2021 16:12:42,41.197508160898,590.4,72,14.4,06:47:13,3.3917,4.59579945799458,45.7933076188926,33.7954610227427,33.7954610227427,7,0,45
10542284,215,17/05/2021 00:00:00,17-May-2021 06:30:40,17-May-2021 13:17:53,41.197508160898,590.4,72,14.4,06:47:13,3.3917,4.59579945799458,45.7933076188926,33.7954610227427,33.7954610227427,1,0,45
10542281,215,17/05/2021 00:00:00,17-May-2021 06:46:26,17-May-2021 13:33:39,41.197508160898,590.4,72,14.4,06:47:13,3.3917,4.59579945799458,45.7933076188926,33.7954610227427,33.7954610227427,2,0,45
10542287,215,17/05/2021 00:00:00,17-May-2021 06:48:29,17-May-2021 13:35:42,41.197508160898,590.4,72,14.4,06:47:13,3.3917,4.59579945799458,45.7933076188926,33.7954610227427,33.7954610227427,3,0,45
10542286,215,17/05/2021 00:00:00,17-May-2021 06:59:55,17-May-2021 13:47:09,41.197508160898,590.4,72,14.4,06:47:14,3.3917,4.59579945799458,45.7933076188926,33.7954610227427,33.7954610227427,4,0,45
10542279,215,17/05/2021 00:00:00,17-May-2021 07:25:15,17-May-2021 14:12:28,41.197508160898,590.4,72,14.4,06:47:13,3.3917,4.59579945799458,45.7933076188926,33.7954610227427,33.7954610227427,5,0,45
10542285,215,17/05/2021 00:00:00,17-May-2021 07:43:47,17-May-2021 14:31:00,41.197508160898,590.4,72,14.4,06:47:13,3.3917,4.59579945799458,45.7933076188926,33.7954610227427,33.7954610227427,6,0,45
10542282,215,17/05/2021 00:00:00,17-May-2021 07:55:12,17-May-2021 14:42:25,41.197508160898,590.4,72,14.4,06:47:13,3.3917,4.59579945799458,45.7933076188926,33.7954610227427,33.7954610227427,7,0,45
10542283,215,17/05/2021 00:00:00,17-May-2021 08:00:08,17-May-2021 14:47:21,41.197508160898,590.4,72,14.4,06:47:13,3.3917,4.59579945799458,45.7933076188926,33.7954610227427,33.7954610227427,8,0,45
10542280,215,17/05/2021 00:00:00,17-May-2021 08:07:28,17-May-2021 14:54:41,41.197508160898,590.4,72,14.4,06:47:13,3.3917,4.59579945799458,45.7933076188926,33.7954610227427,33.7954610227427,9,0,45
10542288,215,17/05/2021 00:00:00,17-May-2021 14:55:10,17-May-2021 21:42:23,41.197508160898,590.4,72,14.4,06:47:13,3.3917,4.59579945799458,45.7933076188926,33.7954610227427,33.7954610227427,1,0,45
10542293,215,18/05/2021 00:00:00,18-May-2021 06:42:25,18-May-2021 13:29:38,41.197508160898,590.4,72,14.4,06:47:13,3.3917,4.59579945799458,45.7933076188926,33.7954610227427,33.7954610227427,1,0,45
10542292,215,18/05/2021 00:00:00,18-May-2021 06:46:12,18-May-2021 13:33:25,41.197508160898,590.4,72,14.4,06:47:13,3.3917,4.59579945799458,45.7933076188926,33.7954610227427,33.7954610227427,2,0,45
10542291,215,18/05/2021 00:00:00,18-May-2021 07:06:07,18-May-2021 13:53:21,41.197508160898,590.4,72,14.4,06:47:14,3.3917,4.59579945799458,45.7933076188926,33.7954610227427,33.7954610227427,3,0,45
10542289,215,18/05/2021 00:00:00,18-May-2021 07:15:07,18-May-2021 14:02:21,41.197508160898,590.4,72,14.4,06:47:14,3.3917,4.59579945799458,45.7933076188926,33.7954610227427,33.7954610227427,4,0,45
10542297,215,18/05/2021 00:00:00,18-May-2021 07:16:00,18-May-2021 14:03:13,41.197508160898,590.4,72,14.4,06:47:13,3.3917,4.59579945799458,45.7933076188926,33.7954610227427,33.7954610227427,5,0,45
10542296,215,18/05/2021 00:00:00,18-May-2021 07:18:49,18-May-2021 14:06:02,41.197508160898,590.4,72,14.4,06:47:13,3.3917,4.59579945799458,45.7933076188926,33.7954610227427,33.7954610227427,6,0,45
10542295,215,18/05/2021 00:00:00,18-May-2021 07:37:37,18-May-2021 14:24:51,41.197508160898,590.4,72,14.4,06:47:14,3.3917,4.59579945799458,45.7933076188926,33.7954610227427,33.7954610227427,7,0,45
10542290,215,18/05/2021 00:00:00,18-May-2021 08:09:01,18-May-2021 14:56:15,41.197508160898,590.4,72,14.4,06:47:14,3.3917,4.59579945799458,45.7933076188926,33.7954610227427,33.7954610227427,8,0,45
10542294,215,18/05/2021 00:00:00,18-May-2021 08:27:30,18-May-2021 15:14:43,41.197508160898,590.4,72,14.4,06:47:13,3.3917,4.59579945799458,45.7933076188926,33.7954610227427,33.7954610227427,9,0,45
10542303,215,19/05/2021 00:00:00,19-May-2021 07:12:08,19-May-2021 13:59:21,41.197508160898,590.4,72,14.4,06:47:13,3.3917,4.59579945799458,45.7933076188926,33.7954610227427,33.7954610227427,1,0,45
10542299,215,19/05/2021 00:00:00,19-May-2021 07:33:32,19-May-2021 14:20:45,41.197508160898,590.4,72,14.4,06:47:13,3.3917,4.59579945799458,45.7933076188926,33.7954610227427,33.7954610227427,2,0,45
10542304,215,19/05/2021 00:00:00,19-May-2021 07:39:45,19-May-2021 14:26:58,41.197508160898,590.4,72,14.4,06:47:13,3.3917,4.59579945799458,45.7933076188926,33.7954610227427,33.7954610227427,3,0,45
10542298,215,19/05/2021 00:00:00,19-May-2021 07:48:06,19-May-2021 14:35:20,41.197508160898,590.4,72,14.4,06:47:14,3.3917,4.59579945799458,45.7933076188926,33.7954610227427,33.7954610227427,4,0,45
10542300,215,19/05/2021 00:00:00,19-May-2021 07:53:55,19-May-2021 14:41:09,41.197508160898,590.4,72,14.4,06:47:14,3.3917,4.59579945799458,45.7933076188926,33.7954610227427,33.7954610227427,5,0,45
10542301,215,19/05/2021 00:00:00,19-May-2021 08:22:33,19-May-2021 15:09:46,41.197508160898,590.4,72,14.4,06:47:13,3.3917,4.59579945799458,45.7933076188926,33.7954610227427,33.7954610227427,6,0,45
10542302,215,19/05/2021 00:00:00,19-May-2021 08:33:12,19-May-2021 15:20:25,41.197508160898,590.4,72,14.4,06:47:13,3.3917,4.59579945799458,45.7933076188926,33.7954610227427,33.7954610227427,7,0,45
10542306,215,20/05/2021 00:00:00,20-May-2021 07:09:36,20-May-2021 13:56:49,41.197508160898,590.4,72,14.4,06:47:13,3.3917,4.59579945799458,45.7933076188926,33.7954610227427,33.7954610227427,1,0,45
10542312,215,20/05/2021 00:00:00,20-May-2021 07:10:31,20-May-2021 13:57:43,41.197508160898,590.4,72,14.4,06:47:13,3.3917,4.59579945799458,45.7933076188926,33.7954610227427,33.7954610227427,2,0,45
10542311,215,20/05/2021 00:00:00,20-May-2021 07:10:51,20-May-2021 13:58:04,41.197508160898,590.4,72,14.4,06:47:13,3.3917,4.59579945799458,45.7933076188926,33.7954610227427,33.7954610227427,3,0,45
10542308,215,20/05/2021 00:00:00,20-May-2021 07:53:08,20-May-2021 14:40:21,41.197508160898,590.4,72,14.4,06:47:13,3.3917,4.59579945799458,45.7933076188926,33.7954610227427,33.7954610227427,4,0,45
10542310,215,20/05/2021 00:00:00,20-May-2021 08:11:59,20-May-2021 14:59:12,41.197508160898,590.4,72,14.4,06:47:13,3.3917,4.59579945799458,45.7933076188926,33.7954610227427,33.7954610227427,5,0,45
10542305,215,20/05/2021 00:00:00,20-May-2021 08:26:38,20-May-2021 15:13:51,41.197508160898,590.4,72,14.4,06:47:13,3.3917,4.59579945799458,45.7933076188926,33.7954610227427,33.7954610227427,6,0,45
10542307,215,20/05/2021 00:00:00,20-May-2021 09:17:51,20-May-2021 16:05:05,41.197508160898,590.4,72,14.4,06:47:14,3.3917,4.59579945799458,45.7933076188926,33.7954610227427,33.7954610227427,7,0,45
10542309,215,20/05/2021 00:00:00,20-May-2021 09:24:44,20-May-2021 16:11:57,41.197508160898,590.4,72,14.4,06:47:13,3.3917,4.59579945799458,45.7933076188926,33.7954610227427,33.7954610227427,8,0,45
10542314,215,21/05/2021 00:00:00,21-May-2021 06:44:31,21-May-2021 14:03:42,43.281877108318,590.4,72,14.4,07:19:10,3.6583,4.9570460704607,48.2389231787787,35.6003253059387,35.6003253059387,1,0,45
10542318,215,21/05/2021 00:00:00,21-May-2021 06:57:40,21-May-2021 14:16:50,43.281877108318,590.4,72,14.4,07:19:10,3.6583,4.9570460704607,48.2389231787787,35.6003253059387,35.6003253059387,2,0,45
10542319,215,21/05/2021 00:00:00,21-May-2021 07:33:36,21-May-2021 14:52:47,43.281877108318,590.4,72,14.4,07:19:11,3.6583,4.9570460704607,48.2389231787787,35.6003253059387,35.6003253059387,3,0,45
10542317,215,21/05/2021 00:00:00,21-May-2021 07:39:24,21-May-2021 14:58:35,43.281877108318,590.4,72,14.4,07:19:10,3.6583,4.9570460704607,48.2389231787787,35.6003253059387,35.6003253059387,4,0,45
10542316,215,21/05/2021 00:00:00,21-May-2021 09:03:51,21-May-2021 16:23:02,43.281877108318,590.4,72,14.4,07:19:10,3.6583,4.9570460704607,48.2389231787787,35.6003253059387,35.6003253059387,5,0,45
10542315,215,21/05/2021 00:00:00,21-May-2021 09:09:27,21-May-2021 16:28:38,43.281877108318,590.4,72,14.4,07:19:11,3.6583,4.9570460704607,48.2389231787787,35.6003253059387,35.6003253059387,6,0,45
10542313,215,21/05/2021 00:00:00,21-May-2021 09:10:35,21-May-2021 16:29:46,43.281877108318,590.4,72,14.4,07:19:11,3.6583,4.9570460704607,48.2389231787787,35.6003253059387,35.6003253059387,7,0,45
10542321,215,22/05/2021 00:00:00,22-May-2021 07:23:56,22-May-2021 14:43:07,43.281877108318,590.4,72,14.4,07:19:11,3.6583,4.9570460704607,48.2389231787787,35.6003253059387,35.6003253059387,1,0,45
10542325,215,22/05/2021 00:00:00,22-May-2021 07:50:33,22-May-2021 15:09:44,43.281877108318,590.4,72,14.4,07:19:10,3.6583,4.9570460704607,48.2389231787787,35.6003253059387,35.6003253059387,2,0,45
10542320,215,22/05/2021 00:00:00,22-May-2021 07:52:51,22-May-2021 15:12:01,43.281877108318,590.4,72,14.4,07:19:11,3.6583,4.9570460704607,48.2389231787787,35.6003253059387,35.6003253059387,3,0,45
10542324,215,22/05/2021 00:00:00,22-May-2021 09:07:47,22-May-2021 16:26:58,43.281877108318,590.4,72,14.4,07:19:11,3.6583,4.9570460704607,48.2389231787787,35.6003253059387,35.6003253059387,4,0,45
10542322,215,22/05/2021 00:00:00,22-May-2021 09:20:50,22-May-2021 16:40:01,43.281877108318,590.4,72,14.4,07:19:11,3.6583,4.9570460704607,48.2389231787787,35.6003253059387,35.6003253059387,5,0,45
10542323,215,22/05/2021 00:00:00,22-May-2021 09:20:55,22-May-2021 16:40:06,43.281877108318,590.4,72,14.4,07:19:10,3.6583,4.9570460704607,48.2389231787787,35.6003253059387,35.6003253059387,6,0,45
10542331,215,23/05/2021 00:00:00,23-May-2021 06:31:02,23-May-2021 13:50:13,43.281877108318,590.4,72,14.4,07:19:10,3.6583,4.9570460704607,48.2389231787787,35.6003253059387,35.6003253059387,1,0,45
10542329,215,23/05/2021 00:00:00,23-May-2021 06:37:43,23-May-2021 13:56:55,43.281877108318,590.4,72,14.4,07:19:11,3.6583,4.9570460704607,48.2389231787787,35.6003253059387,35.6003253059387,2,0,45
10542327,215,23/05/2021 00:00:00,23-May-2021 06:50:42,23-May-2021 14:09:54,43.281877108318,590.4,72,14.4,07:19:11,3.6583,4.9570460704607,48.2389231787787,35.6003253059387,35.6003253059387,3,0,45
10542332,215,23/05/2021 00:00:00,23-May-2021 07:08:08,23-May-2021 14:27:19,43.281877108318,590.4,72,14.4,07:19:11,3.6583,4.9570460704607,48.2389231787787,35.6003253059387,35.6003253059387,4,0,45
10542328,215,23/05/2021 00:00:00,23-May-2021 07:20:28,23-May-2021 14:39:37,43.281877108318,590.4,72,14.4,07:19:10,3.6583,4.9570460704607,48.2389231787787,35.6003253059387,35.6003253059387,5,0,45
10542326,215,23/05/2021 00:00:00,23-May-2021 07:30:50,23-May-2021 14:50:00,43.281877108318,590.4,72,14.4,07:19:11,3.6583,4.9570460704607,48.2389231787787,35.6003253059387,35.6003253059387,6,0,45
10542330,215,23/05/2021 00:00:00,23-May-2021 09:07:11,23-May-2021 16:26:23,43.281877108318,590.4,72,14.4,07:19:11,3.6583,4.9570460704607,48.2389231787787,35.6003253059387,35.6003253059387,7,0,45
10542334,215,24/05/2021 00:00:00,24-May-2021 06:43:34,24-May-2021 14:02:44,43.281877108318,590.4,72,14.4,07:19:10,3.6583,4.9570460704607,48.2389231787787,35.6003253059387,35.6003253059387,1,0,45
10542333,215,24/05/2021 00:00:00,24-May-2021 06:59:47,24-May-2021 14:18:58,43.281877108318,590.4,72,14.4,07:19:11,3.6583,4.9570460704607,48.2389231787787,35.6003253059387,35.6003253059387,2,0,45
10542336,215,24/05/2021 00:00:00,24-May-2021 07:04:01,24-May-2021 14:23:11,43.281877108318,590.4,72,14.4,07:19:11,3.6583,4.9570460704607,48.2389231787787,35.6003253059387,35.6003253059387,3,0,45
10542338,215,24/05/2021 00:00:00,24-May-2021 07:43:27,24-May-2021 15:02:36,43.281877108318,590.4,72,14.4,07:19:10,3.6583,4.9570460704607,48.2389231787787,35.6003253059387,35.6003253059387,4,0,45
10542339,215,24/05/2021 00:00:00,24-May-2021 07:56:42,24-May-2021 15:15:53,43.281877108318,590.4,72,14.4,07:19:11,3.6583,4.9570460704607,48.2389231787787,35.6003253059387,35.6003253059387,5,0,45
10542335,215,24/05/2021 00:00:00,24-May-2021 08:01:50,24-May-2021 15:21:01,43.281877108318,590.4,72,14.4,07:19:11,3.6583,4.9570460704607,48.2389231787787,35.6003253059387,35.6003253059387,6,0,45
10542340,215,24/05/2021 00:00:00,24-May-2021 08:04:29,24-May-2021 15:23:38,43.281877108318,590.4,72,14.4,07:19:10,3.6583,4.9570460704607,48.2389231787787,35.6003253059387,35.6003253059387,7,0,45
10542337,215,24/05/2021 00:00:00,24-May-2021 08:05:59,24-May-2021 15:25:10,43.281877108318,590.4,72,14.4,07:19:11,3.6583,4.9570460704607,48.2389231787787,35.6003253059387,35.6003253059387,8,0,45
10542341,215,24/05/2021 00:00:00,24-May-2021 08:11:40,24-May-2021 15:30:51,43.281877108318,590.4,72,14.4,07:19:11,3.6583,4.9570460704607,48.2389231787787,35.6003253059387,35.6003253059387,9,0,45
10542342,215,24/05/2021 00:00:00,24-May-2021 14:46:03,24-May-2021 22:05:15,43.281877108318,590.4,72,14.4,07:19:11,3.6583,4.9570460704607,48.2389231787787,35.6003253059387,35.6003253059387,1,0,45
10542345,215,25/05/2021 00:00:00,25-May-2021 06:46:08,25-May-2021 14:05:20,43.281877108318,590.4,72,14.4,07:19:11,3.6583,4.9570460704607,48.2389231787787,35.6003253059387,35.6003253059387,1,0,45
10542343,215,25/05/2021 00:00:00,25-May-2021 06:47:46,25-May-2021 14:06:56,43.281877108318,590.4,72,14.4,07:19:10,3.6583,4.9570460704607,48.2389231787787,35.6003253059387,35.6003253059387,2,0,45
10542351,215,25/05/2021 00:00:00,25-May-2021 06:58:34,25-May-2021 14:17:44,43.281877108318,590.4,72,14.4,07:19:10,3.6583,4.9570460704607,48.2389231787787,35.6003253059387,35.6003253059387,3,0,45
10542346,215,25/05/2021 00:00:00,25-May-2021 07:07:30,25-May-2021 14:26:41,43.281877108318,590.4,72,14.4,07:19:10,3.6583,4.9570460704607,48.2389231787787,35.6003253059387,35.6003253059387,4,0,45
10542348,215,25/05/2021 00:00:00,25-May-2021 07:20:10,25-May-2021 14:39:21,43.281877108318,590.4,72,14.4,07:19:11,3.6583,4.9570460704607,48.2389231787787,35.6003253059387,35.6003253059387,5,0,45
10542350,215,25/05/2021 00:00:00,25-May-2021 07:21:03,25-May-2021 14:40:14,43.281877108318,590.4,72,14.4,07:19:11,3.6583,4.9570460704607,48.2389231787787,35.6003253059387,35.6003253059387,6,0,45
10542347,215,25/05/2021 00:00:00,25-May-2021 07:22:12,25-May-2021 14:41:23,43.281877108318,590.4,72,14.4,07:19:11,3.6583,4.9570460704607,48.2389231787787,35.6003253059387,35.6003253059387,7,0,45
10542349,215,25/05/2021 00:00:00,25-May-2021 07:29:12,25-May-2021 14:48:23,43.281877108318,590.4,72,14.4,07:19:11,3.6583,4.9570460704607,48.2389231787787,35.6003253059387,35.6003253059387,8,0,45
10542344,215,25/05/2021 00:00:00,25-May-2021 08:03:50,25-May-2021 15:23:00,43.281877108318,590.4,72,14.4,07:19:11,3.6583,4.9570460704607,48.2389231787787,35.6003253059387,35.6003253059387,9,0,45
10542352,215,26/05/2021 00:00:00,26-May-2021 06:48:04,26-May-2021 14:07:14,43.281877108318,590.4,72,14.4,07:19:11,3.6583,4.9570460704607,48.2389231787787,35.6003253059387,35.6003253059387,1,0,45
10542358,215,26/05/2021 00:00:00,26-May-2021 07:02:54,26-May-2021 14:22:03,43.281877108318,590.4,72,14.4,07:19:10,3.6583,4.9570460704607,48.2389231787787,35.6003253059387,35.6003253059387,2,0,45
10542355,215,26/05/2021 00:00:00,26-May-2021 07:04:21,26-May-2021 14:23:31,43.281877108318,590.4,72,14.4,07:19:10,3.6583,4.9570460704607,48.2389231787787,35.6003253059387,35.6003253059387,3,0,45
10542357,215,26/05/2021 00:00:00,26-May-2021 07:05:46,26-May-2021 14:24:57,43.281877108318,590.4,72,14.4,07:19:11,3.6583,4.9570460704607,48.2389231787787,35.6003253059387,35.6003253059387,4,0,45
10542356,215,26/05/2021 00:00:00,26-May-2021 08:27:37,26-May-2021 15:46:48,43.281877108318,590.4,72,14.4,07:19:11,3.6583,4.9570460704607,48.2389231787787,35.6003253059387,35.6003253059387,5,0,45
10542354,215,26/05/2021 00:00:00,26-May-2021 08:39:36,26-May-2021 15:58:47,43.281877108318,590.4,72,14.4,07:19:11,3.6583,4.9570460704607,48.2389231787787,35.6003253059387,35.6003253059387,6,0,45
10542353,215,26/05/2021 00:00:00,26-May-2021 08:49:56,26-May-2021 16:09:06,43.281877108318,590.4,72,14.4,07:19:10,3.6583,4.9570460704607,48.2389231787787,35.6003253059387,35.6003253059387,7,0,45
10542359,215,27/05/2021 00:00:00,27-May-2021 06:30:17,27-May-2021 13:49:28,43.281877108318,590.4,72,14.4,07:19:11,3.6583,4.9570460704607,48.2389231787787,35.6003253059387,35.6003253059387,1,0,45
10542363,215,27/05/2021 00:00:00,27-May-2021 06:34:09,27-May-2021 13:53:20,43.281877108318,590.4,72,14.4,07:19:10,3.6583,4.9570460704607,48.2389231787787,35.6003253059387,35.6003253059387,2,0,45
10542364,215,27/05/2021 00:00:00,27-May-2021 06:44:11,27-May-2021 14:03:21,43.281877108318,590.4,72,14.4,07:19:10,3.6583,4.9570460704607,48.2389231787787,35.6003253059387,35.6003253059387,3,0,45
10542365,215,27/05/2021 00:00:00,27-May-2021 06:59:21,27-May-2021 14:18:33,43.281877108318,590.4,72,14.4,07:19:11,3.6583,4.9570460704607,48.2389231787787,35.6003253059387,35.6003253059387,4,0,45
10542366,215,27/05/2021 00:00:00,27-May-2021 07:08:34,27-May-2021 14:27:44,43.281877108318,590.4,72,14.4,07:19:10,3.6583,4.9570460704607,48.2389231787787,35.6003253059387,35.6003253059387,5,0,45
10542361,215,27/05/2021 00:00:00,27-May-2021 07:25:26,27-May-2021 14:44:37,43.281877108318,590.4,72,14.4,07:19:10,3.6583,4.9570460704607,48.2389231787787,35.6003253059387,35.6003253059387,6,0,45
10542362,215,27/05/2021 00:00:00,27-May-2021 07:51:00,27-May-2021 15:10:10,43.281877108318,590.4,72,14.4,07:19:11,3.6583,4.9570460704607,48.2389231787787,35.6003253059387,35.6003253059387,7,0,45
10542360,215,27/05/2021 00:00:00,27-May-2021 09:00:05,27-May-2021 16:19:15,43.281877108318,590.4,72,14.4,07:19:11,3.6583,4.9570460704607,48.2389231787787,35.6003253059387,35.6003253059387,8,0,45
10542372,215,28/05/2021 00:00:00,28-May-2021 07:20:35,28-May-2021 14:28:42,44.2546735330897,590.4,72,14.4,07:08:07,3.5667,4.83292682926829,49.087600362358,36.2266490674202,36.2266490674202,1,0,45
10542369,215,28/05/2021 00:00:00,28-May-2021 08:17:51,28-May-2021 15:25:59,44.2546735330897,590.4,72,14.4,07:08:08,3.5667,4.83292682926829,49.087600362358,36.2266490674202,36.2266490674202,2,0,45
10542373,215,28/05/2021 00:00:00,28-May-2021 08:40:47,28-May-2021 15:48:54,44.2546735330897,590.4,72,14.4,07:08:07,3.5667,4.83292682926829,49.087600362358,36.2266490674202,36.2266490674202,3,0,45
10542370,215,28/05/2021 00:00:00,28-May-2021 08:54:33,28-May-2021 16:02:41,44.2546735330897,590.4,72,14.4,07:08:08,3.5667,4.83292682926829,49.087600362358,36.2266490674202,36.2266490674202,4,0,45
10542367,215,28/05/2021 00:00:00,28-May-2021 08:57:17,28-May-2021 16:05:24,44.2546735330897,590.4,72,14.4,07:08:07,3.5667,4.83292682926829,49.087600362358,36.2266490674202,36.2266490674202,5,0,45
10542371,215,28/05/2021 00:00:00,28-May-2021 09:02:36,28-May-2021 16:10:43,44.2546735330897,590.4,72,14.4,07:08:08,3.5667,4.83292682926829,49.087600362358,36.2266490674202,36.2266490674202,6,0,45
10542368,215,28/05/2021 00:00:00,28-May-2021 09:19:47,28-May-2021 16:27:55,44.2546735330897,590.4,72,14.4,07:08:08,3.5667,4.83292682926829,49.087600362358,36.2266490674202,36.2266490674202,7,0,45
10542379,215,29/05/2021 00:00:00,29-May-2021 06:49:13,29-May-2021 13:57:20,44.2546735330897,590.4,72,14.4,07:08:07,3.5667,4.83292682926829,49.087600362358,36.2266490674202,36.2266490674202,1,0,45
10542378,215,29/05/2021 00:00:00,29-May-2021 07:15:37,29-May-2021 14:23:44,44.2546735330897,590.4,72,14.4,07:08:07,3.5667,4.83292682926829,49.087600362358,36.2266490674202,36.2266490674202,2,0,45
10542374,215,29/05/2021 00:00:00,29-May-2021 07:18:41,29-May-2021 14:26:49,44.2546735330897,590.4,72,14.4,07:08:08,3.5667,4.83292682926829,49.087600362358,36.2266490674202,36.2266490674202,3,0,45
10542376,215,29/05/2021 00:00:00,29-May-2021 07:26:54,29-May-2021 14:35:01,44.2546735330897,590.4,72,14.4,07:08:07,3.5667,4.83292682926829,49.087600362358,36.2266490674202,36.2266490674202,4,0,45
10542377,215,29/05/2021 00:00:00,29-May-2021 08:00:44,29-May-2021 15:08:51,44.2546735330897,590.4,72,14.4,07:08:07,3.5667,4.83292682926829,49.087600362358,36.2266490674202,36.2266490674202,5,0,45
10542375,215,29/05/2021 00:00:00,29-May-2021 08:23:18,29-May-2021 15:31:25,44.2546735330897,590.4,72,14.4,07:08:07,3.5667,4.83292682926829,49.087600362358,36.2266490674202,36.2266490674202,6,0,45
10542384,215,30/05/2021 00:00:00,30-May-2021 06:34:37,30-May-2021 13:42:44,44.2546735330897,590.4,72,14.4,07:08:08,3.5667,4.83292682926829,49.087600362358,36.2266490674202,36.2266490674202,1,0,45
10542386,215,30/05/2021 00:00:00,30-May-2021 06:55:53,30-May-2021 14:04:00,44.2546735330897,590.4,72,14.4,07:08:07,3.5667,4.83292682926829,49.087600362358,36.2266490674202,36.2266490674202,2,0,45
10542385,215,30/05/2021 00:00:00,30-May-2021 07:28:43,30-May-2021 14:36:50,44.2546735330897,590.4,72,14.4,07:08:07,3.5667,4.83292682926829,49.087600362358,36.2266490674202,36.2266490674202,3,0,45
10542380,215,30/05/2021 00:00:00,30-May-2021 07:40:00,30-May-2021 14:48:08,44.2546735330897,590.4,72,14.4,07:08:08,3.5667,4.83292682926829,49.087600362358,36.2266490674202,36.2266490674202,4,0,45
10542381,215,30/05/2021 00:00:00,30-May-2021 08:32:00,30-May-2021 15:40:08,44.2546735330897,590.4,72,14.4,07:08:08,3.5667,4.83292682926829,49.087600362358,36.2266490674202,36.2266490674202,5,0,45
10542382,215,30/05/2021 00:00:00,30-May-2021 08:52:41,30-May-2021 16:00:48,44.2546735330897,590.4,72,14.4,07:08:07,3.5667,4.83292682926829,49.087600362358,36.2266490674202,36.2266490674202,6,0,45
10542383,215,30/05/2021 00:00:00,30-May-2021 09:08:38,30-May-2021 16:16:46,44.2546735330897,590.4,72,14.4,07:08:08,3.5667,4.83292682926829,49.087600362358,36.2266490674202,36.2266490674202,7,0,45
10542388,215,31/05/2021 00:00:00,31-May-2021 06:33:45,31-May-2021 13:41:53,44.2546735330897,590.4,72,14.4,07:08:08,3.5667,4.83292682926829,49.087600362358,36.2266490674202,36.2266490674202,1,0,45
10542390,215,31/05/2021 00:00:00,31-May-2021 06:53:54,31-May-2021 14:02:01,44.2546735330897,590.4,72,14.4,07:08:07,3.5667,4.83292682926829,49.087600362358,36.2266490674202,36.2266490674202,2,0,45
10542393,215,31/05/2021 00:00:00,31-May-2021 07:11:27,31-May-2021 14:19:34,44.2546735330897,590.4,72,14.4,07:08:07,3.5667,4.83292682926829,49.087600362358,36.2266490674202,36.2266490674202,3,0,45
10542391,215,31/05/2021 00:00:00,31-May-2021 07:15:32,31-May-2021 14:23:39,44.2546735330897,590.4,72,14.4,07:08:07,3.5667,4.83292682926829,49.087600362358,36.2266490674202,36.2266490674202,4,0,45
10542394,215,31/05/2021 00:00:00,31-May-2021 07:34:23,31-May-2021 14:42:30,44.2546735330897,590.4,72,14.4,07:08:07,3.5667,4.83292682926829,49.087600362358,36.2266490674202,36.2266490674202,5,0,45
10542389,215,31/05/2021 00:00:00,31-May-2021 07:49:55,31-May-2021 14:58:02,44.2546735330897,590.4,72,14.4,07:08:07,3.5667,4.83292682926829,49.087600362358,36.2266490674202,36.2266490674202,6,0,45
10542387,215,31/05/2021 00:00:00,31-May-2021 07:55:12,31-May-2021 15:03:19,44.2546735330897,590.4,72,14.4,07:08:07,3.5667,4.83292682926829,49.087600362358,36.2266490674202,36.2266490674202,7,0,45
10542392,215,31/05/2021 00:00:00,31-May-2021 08:04:08,31-May-2021 15:12:15,44.2546735330897,590.4,72,14.4,07:08:07,3.5667,4.83292682926829,49.087600362358,36.2266490674202,36.2266490674202,8,0,45
10542395,215,31/05/2021 00:00:00,31-May-2021 08:13:51,31-May-2021 15:21:59,44.2546735330897,590.4,72,14.4,07:08:08,3.5667,4.83292682926829,49.087600362358,36.2266490674202,36.2266490674202,9,0,45
10542396,215,31/05/2021 00:00:00,31-May-2021 15:11:43,31-May-2021 22:19:50,44.2546735330897,590.4,72,14.4,07:08:07,3.5667,4.83292682926829,49.087600362358,36.2266490674202,36.2266490674202,1,0,45
10542405,215,01/06/2021 00:00:00,01-Jun-2021 06:36:06,01-Jun-2021 13:44:13,44.2546735330897,590.4,72,14.4,07:08:07,3.5667,4.83292682926829,49.087600362358,36.2266490674202,36.2266490674202,1,0,45
10542400,215,01/06/2021 00:00:00,01-Jun-2021 07:17:00,01-Jun-2021 14:25:07,44.2546735330897,590.4,72,14.4,07:08:07,3.5667,4.83292682926829,49.087600362358,36.2266490674202,36.2266490674202,2,0,45
10542399,215,01/06/2021 00:00:00,01-Jun-2021 07:25:26,01-Jun-2021 14:33:33,44.2546735330897,590.4,72,14.4,07:08:08,3.5667,4.83292682926829,49.087600362358,36.2266490674202,36.2266490674202,3,0,45
10542402,215,01/06/2021 00:00:00,01-Jun-2021 07:32:57,01-Jun-2021 14:41:05,44.2546735330897,590.4,72,14.4,07:08:08,3.5667,4.83292682926829,49.087600362358,36.2266490674202,36.2266490674202,4,0,45
10542397,215,01/06/2021 00:00:00,01-Jun-2021 07:36:18,01-Jun-2021 14:44:26,44.2546735330897,590.4,72,14.4,07:08:08,3.5667,4.83292682926829,49.087600362358,36.2266490674202,36.2266490674202,5,0,45
10542398,215,01/06/2021 00:00:00,01-Jun-2021 07:41:09,01-Jun-2021 14:49:16,44.2546735330897,590.4,72,14.4,07:08:07,3.5667,4.83292682926829,49.087600362358,36.2266490674202,36.2266490674202,6,0,45
10542401,215,01/06/2021 00:00:00,01-Jun-2021 08:00:18,01-Jun-2021 15:08:25,44.2546735330897,590.4,72,14.4,07:08:07,3.5667,4.83292682926829,49.087600362358,36.2266490674202,36.2266490674202,7,0,45
10542403,215,01/06/2021 00:00:00,01-Jun-2021 08:08:26,01-Jun-2021 15:16:34,44.2546735330897,590.4,72,14.4,07:08:08,3.5667,4.83292682926829,49.087600362358,36.2266490674202,36.2266490674202,8,0,45
10542404,215,01/06/2021 00:00:00,01-Jun-2021 08:20:09,01-Jun-2021 15:28:16,44.2546735330897,590.4,72,14.4,07:08:07,3.5667,4.83292682926829,49.087600362358,36.2266490674202,36.2266490674202,9,0,45
10542410,215,02/06/2021 00:00:00,02-Jun-2021 07:31:34,02-Jun-2021 14:39:41,44.2546735330897,590.4,72,14.4,07:08:07,3.5667,4.83292682926829,49.087600362358,36.2266490674202,36.2266490674202,1,0,45
10542406,215,02/06/2021 00:00:00,02-Jun-2021 07:39:02,02-Jun-2021 14:47:09,44.2546735330897,590.4,72,14.4,07:08:08,3.5667,4.83292682926829,49.087600362358,36.2266490674202,36.2266490674202,2,0,45
10542411,215,02/06/2021 00:00:00,02-Jun-2021 07:41:08,02-Jun-2021 14:49:16,44.2546735330897,590.4,72,14.4,07:08:08,3.5667,4.83292682926829,49.087600362358,36.2266490674202,36.2266490674202,3,0,45
10542412,215,02/06/2021 00:00:00,02-Jun-2021 08:00:28,02-Jun-2021 15:08:35,44.2546735330897,590.4,72,14.4,07:08:07,3.5667,4.83292682926829,49.087600362358,36.2266490674202,36.2266490674202,4,0,45
10542408,215,02/06/2021 00:00:00,02-Jun-2021 08:19:27,02-Jun-2021 15:27:35,44.2546735330897,590.4,72,14.4,07:08:08,3.5667,4.83292682926829,49.087600362358,36.2266490674202,36.2266490674202,5,0,45
10542409,215,02/06/2021 00:00:00,02-Jun-2021 09:23:40,02-Jun-2021 16:31:47,44.2546735330897,590.4,72,14.4,07:08:07,3.5667,4.83292682926829,49.087600362358,36.2266490674202,36.2266490674202,6,0,45
10542407,215,02/06/2021 00:00:00,02-Jun-2021 09:27:05,02-Jun-2021 16:35:12,44.2546735330897,590.4,72,14.4,07:08:07,3.5667,4.83292682926829,49.087600362358,36.2266490674202,36.2266490674202,7,0,45
10542419,215,03/06/2021 00:00:00,03-Jun-2021 06:59:46,03-Jun-2021 14:07:54,44.2546735330897,590.4,72,14.4,07:08:08,3.5667,4.83292682926829,49.087600362358,36.2266490674202,36.2266490674202,1,0,45
10542420,215,03/06/2021 00:00:00,03-Jun-2021 07:06:43,03-Jun-2021 14:14:51,44.2546735330897,590.4,72,14.4,07:08:08,3.5667,4.83292682926829,49.087600362358,36.2266490674202,36.2266490674202,2,0,45
10542418,215,03/06/2021 00:00:00,03-Jun-2021 07:12:27,03-Jun-2021 14:20:34,44.2546735330897,590.4,72,14.4,07:08:08,3.5667,4.83292682926829,49.087600362358,36.2266490674202,36.2266490674202,3,0,45
10542415,215,03/06/2021 00:00:00,03-Jun-2021 07:22:05,03-Jun-2021 14:30:12,44.2546735330897,590.4,72,14.4,07:08:07,3.5667,4.83292682926829,49.087600362358,36.2266490674202,36.2266490674202,4,0,45
10542414,215,03/06/2021 00:00:00,03-Jun-2021 07:37:43,03-Jun-2021 14:45:51,44.2546735330897,590.4,72,14.4,07:08:08,3.5667,4.83292682926829,49.087600362358,36.2266490674202,36.2266490674202,5,0,45
10542417,215,03/06/2021 00:00:00,03-Jun-2021 08:18:03,03-Jun-2021 15:26:10,44.2546735330897,590.4,72,14.4,07:08:07,3.5667,4.83292682926829,49.087600362358,36.2266490674202,36.2266490674202,6,0,45
10542413,215,03/06/2021 00:00:00,03-Jun-2021 08:25:46,03-Jun-2021 15:33:53,44.2546735330897,590.4,72,14.4,07:08:07,3.5667,4.83292682926829,49.087600362358,36.2266490674202,36.2266490674202,7,0,45
10542416,215,03/06/2021 00:00:00,03-Jun-2021 08:46:17,03-Jun-2021 15:54:24,44.2546735330897,590.4,72,14.4,07:08:08,3.5667,4.83292682926829,49.087600362358,36.2266490674202,36.2266490674202,8,0,45
10542427,215,04/06/2021 00:00:00,04-Jun-2021 06:45:13,04-Jun-2021 13:42:37,41.7279075427981,590.4,72,14.4,06:57:24,3.475,4.70867208672087,46.436579629519,34.270195766585,34.270195766585,1,0,45
10542421,215,04/06/2021 00:00:00,04-Jun-2021 06:47:26,04-Jun-2021 13:44:49,41.7279075427981,590.4,72,14.4,06:57:23,3.475,4.70867208672087,46.436579629519,34.270195766585,34.270195766585,2,0,45
10542426,215,04/06/2021 00:00:00,04-Jun-2021 07:31:08,04-Jun-2021 14:28:33,41.7279075427981,590.4,72,14.4,06:57:24,3.475,4.70867208672087,46.436579629519,34.270195766585,34.270195766585,3,0,45
10542425,215,04/06/2021 00:00:00,04-Jun-2021 07:40:16,04-Jun-2021 14:37:41,41.7279075427981,590.4,72,14.4,06:57:24,3.475,4.70867208672087,46.436579629519,34.270195766585,34.270195766585,4,0,45
10542424,215,04/06/2021 00:00:00,04-Jun-2021 08:13:19,04-Jun-2021 15:10:43,41.7279075427981,590.4,72,14.4,06:57:24,3.475,4.70867208672087,46.436579629519,34.270195766585,34.270195766585,5,0,45
10542423,215,04/06/2021 00:00:00,04-Jun-2021 08:39:28,04-Jun-2021 15:36:51,41.7279075427981,590.4,72,14.4,06:57:24,3.475,4.70867208672087,46.436579629519,34.270195766585,34.270195766585,6,0,45
10542422,215,04/06/2021 00:00:00,04-Jun-2021 09:04:57,04-Jun-2021 16:02:20,41.7279075427981,590.4,72,14.4,06:57:23,3.475,4.70867208672087,46.436579629519,34.270195766585,34.270195766585,7,0,45
10542428,215,04/06/2021 00:00:00,04-Jun-2021 09:16:06,04-Jun-2021 16:13:31,41.7279075427981,590.4,72,14.4,06:57:24,3.475,4.70867208672087,46.436579629519,34.270195766585,34.270195766585,8,0,45
10542432,215,05/06/2021 00:00:00,05-Jun-2021 07:13:57,05-Jun-2021 14:11:22,41.7279075427981,590.4,72,14.4,06:57:24,3.475,4.70867208672087,46.436579629519,34.270195766585,34.270195766585,1,0,45
10542430,215,05/06/2021 00:00:00,05-Jun-2021 08:31:41,05-Jun-2021 15:29:04,41.7279075427981,590.4,72,14.4,06:57:24,3.475,4.70867208672087,46.436579629519,34.270195766585,34.270195766585,2,0,45
10542434,215,05/06/2021 00:00:00,05-Jun-2021 08:39:50,05-Jun-2021 15:37:13,41.7279075427981,590.4,72,14.4,06:57:24,3.475,4.70867208672087,46.436579629519,34.270195766585,34.270195766585,3,0,45
10542435,215,05/06/2021 00:00:00,05-Jun-2021 08:48:41,05-Jun-2021 15:46:04,41.7279075427981,590.4,72,14.4,06:57:23,3.475,4.70867208672087,46.436579629519,34.270195766585,34.270195766585,4,0,45
10542429,215,05/06/2021 00:00:00,05-Jun-2021 08:59:01,05-Jun-2021 15:56:26,41.7279075427981,590.4,72,14.4,06:57:24,3.475,4.70867208672087,46.436579629519,34.270195766585,34.270195766585,5,0,45
10542431,215,05/06/2021 00:00:00,05-Jun-2021 09:14:27,05-Jun-2021 16:11:50,41.7279075427981,590.4,72,14.4,06:57:24,3.475,4.70867208672087,46.436579629519,34.270195766585,34.270195766585,6,0,45
10542433,215,05/06/2021 00:00:00,05-Jun-2021 09:27:42,05-Jun-2021 16:25:05,41.7279075427981,590.4,72,14.4,06:57:24,3.475,4.70867208672087,46.436579629519,34.270195766585,34.270195766585,7,0,45
10542441,215,06/06/2021 00:00:00,06-Jun-2021 06:34:04,06-Jun-2021 13:31:28,41.7279075427981,590.4,72,14.4,06:57:24,3.475,4.70867208672087,46.436579629519,34.270195766585,34.270195766585,1,0,45
10542442,215,06/06/2021 00:00:00,06-Jun-2021 07:01:32,06-Jun-2021 13:58:55,41.7279075427981,590.4,72,14.4,06:57:23,3.475,4.70867208672087,46.436579629519,34.270195766585,34.270195766585,2,0,45
10542438,215,06/06/2021 00:00:00,06-Jun-2021 07:02:29,06-Jun-2021 13:59:53,41.7279075427981,590.4,72,14.4,06:57:24,3.475,4.70867208672087,46.436579629519,34.270195766585,34.270195766585,3,0,45
10542436,215,06/06/2021 00:00:00,06-Jun-2021 07:09:51,06-Jun-2021 14:07:13,41.7279075427981,590.4,72,14.4,06:57:23,3.475,4.70867208672087,46.436579629519,34.270195766585,34.270195766585,4,0,45
10542439,215,06/06/2021 00:00:00,06-Jun-2021 07:55:58,06-Jun-2021 14:53:21,41.7279075427981,590.4,72,14.4,06:57:24,3.475,4.70867208672087,46.436579629519,34.270195766585,34.270195766585,5,0,45
10542437,215,06/06/2021 00:00:00,06-Jun-2021 08:58:35,06-Jun-2021 15:55:59,41.7279075427981,590.4,72,14.4,06:57:24,3.475,4.70867208672087,46.436579629519,34.270195766585,34.270195766585,6,0,45
10542443,215,06/06/2021 00:00:00,06-Jun-2021 09:09:12,06-Jun-2021 16:06:36,41.7279075427981,590.4,72,14.4,06:57:24,3.475,4.70867208672087,46.436579629519,34.270195766585,34.270195766585,7,0,45
10542440,215,06/06/2021 00:00:00,06-Jun-2021 09:24:00,06-Jun-2021 16:21:25,41.7279075427981,590.4,72,14.4,06:57:24,3.475,4.70867208672087,46.436579629519,34.270195766585,34.270195766585,8,0,45
10542447,215,07/06/2021 00:00:00,07-Jun-2021 07:12:20,07-Jun-2021 14:09:44,41.7279075427981,590.4,72,14.4,06:57:24,3.475,4.70867208672087,46.436579629519,34.270195766585,34.270195766585,1,0,45
10542451,215,07/06/2021 00:00:00,07-Jun-2021 07:16:47,07-Jun-2021 14:14:11,41.7279075427981,590.4,72,14.4,06:57:24,3.475,4.70867208672087,46.436579629519,34.270195766585,34.270195766585,2,0,45
10542450,215,07/06/2021 00:00:00,07-Jun-2021 07:25:04,07-Jun-2021 14:22:26,41.7279075427981,590.4,72,14.4,06:57:23,3.475,4.70867208672087,46.436579629519,34.270195766585,34.270195766585,3,0,45
10542449,215,07/06/2021 00:00:00,07-Jun-2021 07:49:00,07-Jun-2021 14:46:23,41.7279075427981,590.4,72,14.4,06:57:23,3.475,4.70867208672087,46.436579629519,34.270195766585,34.270195766585,4,0,45
10542445,215,07/06/2021 00:00:00,07-Jun-2021 07:49:55,07-Jun-2021 14:47:19,41.7279075427981,590.4,72,14.4,06:57:23,3.475,4.70867208672087,46.436579629519,34.270195766585,34.270195766585,5,0,45
10542448,215,07/06/2021 00:00:00,07-Jun-2021 07:50:51,07-Jun-2021 14:48:15,41.7279075427981,590.4,72,14.4,06:57:24,3.475,4.70867208672087,46.436579629519,34.270195766585,34.270195766585,6,0,45
10542452,215,07/06/2021 00:00:00,07-Jun-2021 07:56:57,07-Jun-2021 14:54:19,41.7279075427981,590.4,72,14.4,06:57:23,3.475,4.70867208672087,46.436579629519,34.270195766585,34.270195766585,7,0,45
10542444,215,07/06/2021 00:00:00,07-Jun-2021 08:11:16,07-Jun-2021 15:08:40,41.7279075427981,590.4,72,14.4,06:57:24,3.475,4.70867208672087,46.436579629519,34.270195766585,34.270195766585,8,0,45
10542446,215,07/06/2021 00:00:00,07-Jun-2021 08:11:44,07-Jun-2021 15:09:08,41.7279075427981,590.4,72,14.4,06:57:24,3.475,4.70867208672087,46.436579629519,34.270195766585,34.270195766585,9,0,45
10542454,215,07/06/2021 00:00:00,07-Jun-2021 15:04:10,07-Jun-2021 22:01:34,41.7279075427981,590.4,72,14.4,06:57:24,3.475,4.70867208672087,46.436579629519,34.270195766585,34.270195766585,1,0,45
10542453,215,07/06/2021 00:00:00,07-Jun-2021 16:10:28,07-Jun-2021 23:07:53,41.7279075427981,590.4,72,14.4,06:57:24,3.475,4.70867208672087,46.436579629519,34.270195766585,34.270195766585,2,0,45
10542457,215,08/06/2021 00:00:00,08-Jun-2021 06:46:03,08-Jun-2021 13:43:27,41.7279075427981,590.4,72,14.4,06:57:24,3.475,4.70867208672087,46.436579629519,34.270195766585,34.270195766585,1,0,45
10542458,215,08/06/2021 00:00:00,08-Jun-2021 06:50:16,08-Jun-2021 13:47:40,41.7279075427981,590.4,72,14.4,06:57:24,3.475,4.70867208672087,46.436579629519,34.270195766585,34.270195766585,2,0,45
10542459,215,08/06/2021 00:00:00,08-Jun-2021 07:00:28,08-Jun-2021 13:57:53,41.7279075427981,590.4,72,14.4,06:57:24,3.475,4.70867208672087,46.436579629519,34.270195766585,34.270195766585,3,0,45
10542461,215,08/06/2021 00:00:00,08-Jun-2021 07:04:41,08-Jun-2021 14:02:05,41.7279075427981,590.4,72,14.4,06:57:23,3.475,4.70867208672087,46.436579629519,34.270195766585,34.270195766585,4,0,45
10542456,215,08/06/2021 00:00:00,08-Jun-2021 07:11:53,08-Jun-2021 14:09:17,41.7279075427981,590.4,72,14.4,06:57:24,3.475,4.70867208672087,46.436579629519,34.270195766585,34.270195766585,5,0,45
10542455,215,08/06/2021 00:00:00,08-Jun-2021 07:28:40,08-Jun-2021 14:26:05,41.7279075427981,590.4,72,14.4,06:57:24,3.475,4.70867208672087,46.436579629519,34.270195766585,34.270195766585,6,0,45
10542462,215,08/06/2021 00:00:00,08-Jun-2021 07:52:45,08-Jun-2021 14:50:10,41.7279075427981,590.4,72,14.4,06:57:24,3.475,4.70867208672087,46.436579629519,34.270195766585,34.270195766585,7,0,45
10542460,215,08/06/2021 00:00:00,08-Jun-2021 08:00:51,08-Jun-2021 14:58:14,41.7279075427981,590.4,72,14.4,06:57:23,3.475,4.70867208672087,46.436579629519,34.270195766585,34.270195766585,8,0,45
10542463,215,08/06/2021 00:00:00,08-Jun-2021 08:16:00,08-Jun-2021 15:13:24,41.7279075427981,590.4,72,14.4,06:57:24,3.475,4.70867208672087,46.436579629519,34.270195766585,34.270195766585,9,0,45
10542464,215,08/06/2021 00:00:00,08-Jun-2021 14:48:45,08-Jun-2021 21:46:08,41.7279075427981,590.4,72,14.4,06:57:24,3.475,4.70867208672087,46.436579629519,34.270195766585,34.270195766585,1,0,45
10542472,215,09/06/2021 00:00:00,09-Jun-2021 06:58:05,09-Jun-2021 13:55:28,41.7279075427981,590.4,72,14.4,06:57:23,3.475,4.70867208672087,46.436579629519,34.270195766585,34.270195766585,1,0,45
10542467,215,09/06/2021 00:00:00,09-Jun-2021 07:18:54,09-Jun-2021 14:16:19,41.7279075427981,590.4,72,14.4,06:57:24,3.475,4.70867208672087,46.436579629519,34.270195766585,34.270195766585,2,0,45
10542469,215,09/06/2021 00:00:00,09-Jun-2021 07:52:13,09-Jun-2021 14:49:37,41.7279075427981,590.4,72,14.4,06:57:24,3.475,4.70867208672087,46.436579629519,34.270195766585,34.270195766585,3,0,45
10542468,215,09/06/2021 00:00:00,09-Jun-2021 07:57:17,09-Jun-2021 14:54:41,41.7279075427981,590.4,72,14.4,06:57:24,3.475,4.70867208672087,46.436579629519,34.270195766585,34.270195766585,4,0,45
10542466,215,09/06/2021 00:00:00,09-Jun-2021 08:34:24,09-Jun-2021 15:31:47,41.7279075427981,590.4,72,14.4,06:57:24,3.475,4.70867208672087,46.436579629519,34.270195766585,34.270195766585,5,0,45
10542471,215,09/06/2021 00:00:00,09-Jun-2021 08:50:07,09-Jun-2021 15:47:32,41.7279075427981,590.4,72,14.4,06:57:24,3.475,4.70867208672087,46.436579629519,34.270195766585,34.270195766585,6,0,45
10542465,215,09/06/2021 00:00:00,09-Jun-2021 08:54:59,09-Jun-2021 15:52:23,41.7279075427981,590.4,72,14.4,06:57:24,3.475,4.70867208672087,46.436579629519,34.270195766585,34.270195766585,7,0,45
10542470,215,09/06/2021 00:00:00,09-Jun-2021 09:27:49,09-Jun-2021 16:25:14,41.7279075427981,590.4,72,14.4,06:57:24,3.475,4.70867208672087,46.436579629519,34.270195766585,34.270195766585,8,0,45
10542474,215,10/06/2021 00:00:00,10-Jun-2021 06:33:43,10-Jun-2021 13:31:07,41.7279075427981,590.4,72,14.4,06:57:24,3.475,4.70867208672087,46.436579629519,34.270195766585,34.270195766585,1,0,45
10542479,215,10/06/2021 00:00:00,10-Jun-2021 06:34:27,10-Jun-2021 13:31:51,41.7279075427981,590.4,72,14.4,06:57:24,3.475,4.70867208672087,46.436579629519,34.270195766585,34.270195766585,2,0,45
10542477,215,10/06/2021 00:00:00,10-Jun-2021 06:35:56,10-Jun-2021 13:33:20,41.7279075427981,590.4,72,14.4,06:57:24,3.475,4.70867208672087,46.436579629519,34.270195766585,34.270195766585,3,0,45
10542473,215,10/06/2021 00:00:00,10-Jun-2021 06:42:25,10-Jun-2021 13:39:49,41.7279075427981,590.4,72,14.4,06:57:24,3.475,4.70867208672087,46.436579629519,34.270195766585,34.270195766585,4,0,45
10542478,215,10/06/2021 00:00:00,10-Jun-2021 06:49:03,10-Jun-2021 13:46:27,41.7279075427981,590.4,72,14.4,06:57:24,3.475,4.70867208672087,46.436579629519,34.270195766585,34.270195766585,5,0,45
10542475,215,10/06/2021 00:00:00,10-Jun-2021 07:02:11,10-Jun-2021 13:59:34,41.7279075427981,590.4,72,14.4,06:57:24,3.475,4.70867208672087,46.436579629519,34.270195766585,34.270195766585,6,0,45
10542476,215,10/06/2021 00:00:00,10-Jun-2021 07:39:44,10-Jun-2021 14:37:07,41.7279075427981,590.4,72,14.4,06:57:23,3.475,4.70867208672087,46.436579629519,34.270195766585,34.270195766585,7,0,45
10542481,215,10/06/2021 00:00:00,10-Jun-2021 07:47:37,10-Jun-2021 14:45:01,41.7279075427981,590.4,72,14.4,06:57:24,3.475,4.70867208672087,46.436579629519,34.270195766585,34.270195766585,8,0,45
10542480,215,10/06/2021 00:00:00,10-Jun-2021 07:55:26,10-Jun-2021 14:52:50,41.7279075427981,590.4,72,14.4,06:57:24,3.475,4.70867208672087,46.436579629519,34.270195766585,34.270195766585,9,0,45
10542487,215,11/06/2021 00:00:00,11-Jun-2021 06:51:08,11-Jun-2021 13:46:46,39.8554135957116,590.4,72,14.4,06:55:38,3.4583,4.6860433604336,44.5414569561452,32.8715952336352,32.8715952336352,1,0,45
10542484,215,11/06/2021 00:00:00,11-Jun-2021 07:10:02,11-Jun-2021 14:05:40,39.8554135957116,590.4,72,14.4,06:55:38,3.4583,4.6860433604336,44.5414569561452,32.8715952336352,32.8715952336352,2,0,45
10542483,215,11/06/2021 00:00:00,11-Jun-2021 07:57:19,11-Jun-2021 14:52:57,39.8554135957116,590.4,72,14.4,06:55:38,3.4583,4.6860433604336,44.5414569561452,32.8715952336352,32.8715952336352,3,0,45
10542488,215,11/06/2021 00:00:00,11-Jun-2021 08:28:59,11-Jun-2021 15:24:37,39.8554135957116,590.4,72,14.4,06:55:38,3.4583,4.6860433604336,44.5414569561452,32.8715952336352,32.8715952336352,4,0,45
10542482,215,11/06/2021 00:00:00,11-Jun-2021 08:51:22,11-Jun-2021 15:47:00,39.8554135957116,590.4,72,14.4,06:55:38,3.4583,4.6860433604336,44.5414569561452,32.8715952336352,32.8715952336352,5,0,45
10542485,215,11/06/2021 00:00:00,11-Jun-2021 08:53:20,11-Jun-2021 15:48:58,39.8554135957116,590.4,72,14.4,06:55:38,3.4583,4.6860433604336,44.5414569561452,32.8715952336352,32.8715952336352,6,0,45
10542486,215,11/06/2021 00:00:00,11-Jun-2021 09:11:55,11-Jun-2021 16:07:33,39.8554135957116,590.4,72,14.4,06:55:38,3.4583,4.6860433604336,44.5414569561452,32.8715952336352,32.8715952336352,7,0,45
10542493,215,12/06/2021 00:00:00,12-Jun-2021 07:24:56,12-Jun-2021 14:20:34,39.8554135957116,590.4,72,14.4,06:55:39,3.4583,4.6860433604336,44.5414569561452,32.8715952336352,32.8715952336352,1,0,45
10542492,215,12/06/2021 00:00:00,12-Jun-2021 07:25:14,12-Jun-2021 14:20:52,39.8554135957116,590.4,72,14.4,06:55:38,3.4583,4.6860433604336,44.5414569561452,32.8715952336352,32.8715952336352,2,0,45
10542490,215,12/06/2021 00:00:00,12-Jun-2021 07:49:29,12-Jun-2021 14:45:07,39.8554135957116,590.4,72,14.4,06:55:38,3.4583,4.6860433604336,44.5414569561452,32.8715952336352,32.8715952336352,3,0,45
10542489,215,12/06/2021 00:00:00,12-Jun-2021 08:31:35,12-Jun-2021 15:27:13,39.8554135957116,590.4,72,14.4,06:55:38,3.4583,4.6860433604336,44.5414569561452,32.8715952336352,32.8715952336352,4,0,45
10542494,215,12/06/2021 00:00:00,12-Jun-2021 08:33:26,12-Jun-2021 15:29:04,39.8554135957116,590.4,72,14.4,06:55:38,3.4583,4.6860433604336,44.5414569561452,32.8715952336352,32.8715952336352,5,0,45
10542491,215,12/06/2021 00:00:00,12-Jun-2021 08:40:25,12-Jun-2021 15:36:03,39.8554135957116,590.4,72,14.4,06:55:38,3.4583,4.6860433604336,44.5414569561452,32.8715952336352,32.8715952336352,6,0,45
10542497,215,13/06/2021 00:00:00,13-Jun-2021 07:06:29,13-Jun-2021 14:02:07,39.8554135957116,590.4,72,14.4,06:55:38,3.4583,4.6860433604336,44.5414569561452,32.8715952336352,32.8715952336352,1,0,45
10542499,215,13/06/2021 00:00:00,13-Jun-2021 07:15:22,13-Jun-2021 14:11:00,39.8554135957116,590.4,72,14.4,06:55:38,3.4583,4.6860433604336,44.5414569561452,32.8715952336352,32.8715952336352,2,0,45
10542495,215,13/06/2021 00:00:00,13-Jun-2021 07:21:11,13-Jun-2021 14:16:49,39.8554135957116,590.4,72,14.4,06:55:38,3.4583,4.6860433604336,44.5414569561452,32.8715952336352,32.8715952336352,3,0,45
10542500,215,13/06/2021 00:00:00,13-Jun-2021 07:41:23,13-Jun-2021 14:37:01,39.8554135957116,590.4,72,14.4,06:55:38,3.4583,4.6860433604336,44.5414569561452,32.8715952336352,32.8715952336352,4,0,45
10542501,215,13/06/2021 00:00:00,13-Jun-2021 08:15:43,13-Jun-2021 15:11:21,39.8554135957116,590.4,72,14.4,06:55:38,3.4583,4.6860433604336,44.5414569561452,32.8715952336352,32.8715952336352,5,0,45
10542498,215,13/06/2021 00:00:00,13-Jun-2021 08:59:16,13-Jun-2021 15:54:54,39.8554135957116,590.4,72,14.4,06:55:38,3.4583,4.6860433604336,44.5414569561452,32.8715952336352,32.8715952336352,6,0,45
10542496,215,13/06/2021 00:00:00,13-Jun-2021 09:24:34,13-Jun-2021 16:20:12,39.8554135957116,590.4,72,14.4,06:55:38,3.4583,4.6860433604336,44.5414569561452,32.8715952336352,32.8715952336352,7,0,45
10542506,215,14/06/2021 00:00:00,14-Jun-2021 06:32:34,14-Jun-2021 13:28:12,39.8554135957116,590.4,72,14.4,06:55:38,3.4583,4.6860433604336,44.5414569561452,32.8715952336352,32.8715952336352,1,0,45
10542507,215,14/06/2021 00:00:00,14-Jun-2021 06:37:33,14-Jun-2021 13:33:11,39.8554135957116,590.4,72,14.4,06:55:38,3.4583,4.6860433604336,44.5414569561452,32.8715952336352,32.8715952336352,2,0,45
10542505,215,14/06/2021 00:00:00,14-Jun-2021 06:38:01,14-Jun-2021 13:33:39,39.8554135957116,590.4,72,14.4,06:55:38,3.4583,4.6860433604336,44.5414569561452,32.8715952336352,32.8715952336352,3,0,45
10542503,215,14/06/2021 00:00:00,14-Jun-2021 06:45:48,14-Jun-2021 13:41:26,39.8554135957116,590.4,72,14.4,06:55:38,3.4583,4.6860433604336,44.5414569561452,32.8715952336352,32.8715952336352,4,0,45
10542508,215,14/06/2021 00:00:00,14-Jun-2021 06:54:49,14-Jun-2021 13:50:27,39.8554135957116,590.4,72,14.4,06:55:38,3.4583,4.6860433604336,44.5414569561452,32.8715952336352,32.8715952336352,5,0,45
10542510,215,14/06/2021 00:00:00,14-Jun-2021 07:44:13,14-Jun-2021 14:39:51,39.8554135957116,590.4,72,14.4,06:55:39,3.4583,4.6860433604336,44.5414569561452,32.8715952336352,32.8715952336352,6,0,45
10542509,215,14/06/2021 00:00:00,14-Jun-2021 08:00:52,14-Jun-2021 14:56:30,39.8554135957116,590.4,72,14.4,06:55:38,3.4583,4.6860433604336,44.5414569561452,32.8715952336352,32.8715952336352,7,0,45
10542502,215,14/06/2021 00:00:00,14-Jun-2021 08:07:38,14-Jun-2021 15:03:16,39.8554135957116,590.4,72,14.4,06:55:38,3.4583,4.6860433604336,44.5414569561452,32.8715952336352,32.8715952336352,8,0,45
10542504,215,14/06/2021 00:00:00,14-Jun-2021 08:20:49,14-Jun-2021 15:16:27,39.8554135957116,590.4,72,14.4,06:55:38,3.4583,4.6860433604336,44.5414569561452,32.8715952336352,32.8715952336352,9,0,45
10542511,215,14/06/2021 00:00:00,14-Jun-2021 14:34:55,14-Jun-2021 21:30:33,39.8554135957116,590.4,72,14.4,06:55:38,3.4583,4.6860433604336,44.5414569561452,32.8715952336352,32.8715952336352,1,0,45
10542514,215,15/06/2021 00:00:00,15-Jun-2021 06:52:18,15-Jun-2021 13:47:56,39.8554135957116,590.4,72,14.4,06:55:38,3.4583,4.6860433604336,44.5414569561452,32.8715952336352,32.8715952336352,1,0,45
10542513,215,15/06/2021 00:00:00,15-Jun-2021 07:06:58,15-Jun-2021 14:02:36,39.8554135957116,590.4,72,14.4,06:55:38,3.4583,4.6860433604336,44.5414569561452,32.8715952336352,32.8715952336352,2,0,45
10542516,215,15/06/2021 00:00:00,15-Jun-2021 07:27:51,15-Jun-2021 14:23:29,39.8554135957116,590.4,72,14.4,06:55:38,3.4583,4.6860433604336,44.5414569561452,32.8715952336352,32.8715952336352,3,0,45
10542518,215,15/06/2021 00:00:00,15-Jun-2021 07:43:04,15-Jun-2021 14:38:42,39.8554135957116,590.4,72,14.4,06:55:38,3.4583,4.6860433604336,44.5414569561452,32.8715952336352,32.8715952336352,4,0,45
10542519,215,15/06/2021 00:00:00,15-Jun-2021 07:46:34,15-Jun-2021 14:42:12,39.8554135957116,590.4,72,14.4,06:55:38,3.4583,4.6860433604336,44.5414569561452,32.8715952336352,32.8715952336352,5,0,45
10542517,215,15/06/2021 00:00:00,15-Jun-2021 07:47:51,15-Jun-2021 14:43:29,39.8554135957116,590.4,72,14.4,06:55:38,3.4583,4.6860433604336,44.5414569561452,32.8715952336352,32.8715952336352,6,0,45
10542515,215,15/06/2021 00:00:00,15-Jun-2021 07:56:29,15-Jun-2021 14:52:07,39.8554135957116,590.4,72,14.4,06:55:38,3.4583,4.6860433604336,44.5414569561452,32.8715952336352,32.8715952336352,7,0,45
10542520,215,15/06/2021 00:00:00,15-Jun-2021 08:13:28,15-Jun-2021 15:09:06,39.8554135957116,590.4,72,14.4,06:55:38,3.4583,4.6860433604336,44.5414569561452,32.8715952336352,32.8715952336352,8,0,45
10542512,215,15/06/2021 00:00:00,15-Jun-2021 08:24:42,15-Jun-2021 15:20:20,39.8554135957116,590.4,72,14.4,06:55:38,3.4583,4.6860433604336,44.5414569561452,32.8715952336352,32.8715952336352,9,0,45
10542521,215,15/06/2021 00:00:00,15-Jun-2021 15:40:40,15-Jun-2021 22:36:18,39.8554135957116,590.4,72,14.4,06:55:38,3.4583,4.6860433604336,44.5414569561452,32.8715952336352,32.8715952336352,1,0,45
10542529,215,16/06/2021 00:00:00,16-Jun-2021 06:33:21,16-Jun-2021 13:28:59,39.8554135957116,590.4,72,14.4,06:55:38,3.4583,4.6860433604336,44.5414569561452,32.8715952336352,32.8715952336352,1,0,45
10542528,215,16/06/2021 00:00:00,16-Jun-2021 06:35:59,16-Jun-2021 13:31:37,39.8554135957116,590.4,72,14.4,06:55:38,3.4583,4.6860433604336,44.5414569561452,32.8715952336352,32.8715952336352,2,0,45
10542526,215,16/06/2021 00:00:00,16-Jun-2021 06:49:17,16-Jun-2021 13:44:55,39.8554135957116,590.4,72,14.4,06:55:38,3.4583,4.6860433604336,44.5414569561452,32.8715952336352,32.8715952336352,3,0,45
10542525,215,16/06/2021 00:00:00,16-Jun-2021 07:42:32,16-Jun-2021 14:38:10,39.8554135957116,590.4,72,14.4,06:55:38,3.4583,4.6860433604336,44.5414569561452,32.8715952336352,32.8715952336352,4,0,45
10542527,215,16/06/2021 00:00:00,16-Jun-2021 08:01:47,16-Jun-2021 14:57:25,39.8554135957116,590.4,72,14.4,06:55:38,3.4583,4.6860433604336,44.5414569561452,32.8715952336352,32.8715952336352,5,0,45
10542522,215,16/06/2021 00:00:00,16-Jun-2021 08:38:08,16-Jun-2021 15:33:46,39.8554135957116,590.4,72,14.4,06:55:38,3.4583,4.6860433604336,44.5414569561452,32.8715952336352,32.8715952336352,6,0,45
10542523,215,16/06/2021 00:00:00,16-Jun-2021 08:48:39,16-Jun-2021 15:44:17,39.8554135957116,590.4,72,14.4,06:55:38,3.4583,4.6860433604336,44.5414569561452,32.8715952336352,32.8715952336352,7,0,45
10542524,215,16/06/2021 00:00:00,16-Jun-2021 09:18:44,16-Jun-2021 16:14:22,39.8554135957116,590.4,72,14.4,06:55:38,3.4583,4.6860433604336,44.5414569561452,32.8715952336352,32.8715952336352,8,0,45
10542531,215,17/06/2021 00:00:00,17-Jun-2021 06:44:28,17-Jun-2021 13:40:06,39.8554135957116,590.4,72,14.4,06:55:38,3.4583,4.6860433604336,44.5414569561452,32.8715952336352,32.8715952336352,1,0,45
10542533,215,17/06/2021 00:00:00,17-Jun-2021 07:08:38,17-Jun-2021 14:04:16,39.8554135957116,590.4,72,14.4,06:55:38,3.4583,4.6860433604336,44.5414569561452,32.8715952336352,32.8715952336352,2,0,45
10542535,215,17/06/2021 00:00:00,17-Jun-2021 07:41:56,17-Jun-2021 14:37:34,39.8554135957116,590.4,72,14.4,06:55:38,3.4583,4.6860433604336,44.5414569561452,32.8715952336352,32.8715952336352,3,0,45
10542534,215,17/06/2021 00:00:00,17-Jun-2021 07:45:34,17-Jun-2021 14:41:12,39.8554135957116,590.4,72,14.4,06:55:38,3.4583,4.6860433604336,44.5414569561452,32.8715952336352,32.8715952336352,4,0,45
10542536,215,17/06/2021 00:00:00,17-Jun-2021 08:52:36,17-Jun-2021 15:48:14,39.8554135957116,590.4,72,14.4,06:55:38,3.4583,4.6860433604336,44.5414569561452,32.8715952336352,32.8715952336352,5,0,45
10542537,215,17/06/2021 00:00:00,17-Jun-2021 09:00:38,17-Jun-2021 15:56:15,39.8554135957116,590.4,72,14.4,06:55:38,3.4583,4.6860433604336,44.5414569561452,32.8715952336352,32.8715952336352,6,0,45
10542530,215,17/06/2021 00:00:00,17-Jun-2021 09:02:10,17-Jun-2021 15:57:48,39.8554135957116,590.4,72,14.4,06:55:38,3.4583,4.6860433604336,44.5414569561452,32.8715952336352,32.8715952336352,7,0,45
10542532,215,17/06/2021 00:00:00,17-Jun-2021 09:27:34,17-Jun-2021 16:23:12,39.8554135957116,590.4,72,14.4,06:55:38,3.4583,4.6860433604336,44.5414569561452,32.8715952336352,32.8715952336352,8,0,45
10542542,215,18/06/2021 00:00:00,18-Jun-2021 06:34:11,18-Jun-2021 13:35:41,41.4869125736447,590.4,72,14.4,07:01:30,3.5083,4.75379403794038,46.2407066115851,34.1256414793498,34.1256414793498,1,0,45
10542545,215,18/06/2021 00:00:00,18-Jun-2021 06:58:43,18-Jun-2021 14:00:13,41.4869125736447,590.4,72,14.4,07:01:30,3.5083,4.75379403794038,46.2407066115851,34.1256414793498,34.1256414793498,2,0,45
10542538,215,18/06/2021 00:00:00,18-Jun-2021 07:31:47,18-Jun-2021 14:33:17,41.4869125736447,590.4,72,14.4,07:01:30,3.5083,4.75379403794038,46.2407066115851,34.1256414793498,34.1256414793498,3,0,45
10542544,215,18/06/2021 00:00:00,18-Jun-2021 07:53:19,18-Jun-2021 14:54:49,41.4869125736447,590.4,72,14.4,07:01:30,3.5083,4.75379403794038,46.2407066115851,34.1256414793498,34.1256414793498,4,0,45
10542539,215,18/06/2021 00:00:00,18-Jun-2021 08:08:55,18-Jun-2021 15:10:24,41.4869125736447,590.4,72,14.4,07:01:30,3.5083,4.75379403794038,46.2407066115851,34.1256414793498,34.1256414793498,5,0,45
10542540,215,18/06/2021 00:00:00,18-Jun-2021 08:18:43,18-Jun-2021 15:20:14,41.4869125736447,590.4,72,14.4,07:01:30,3.5083,4.75379403794038,46.2407066115851,34.1256414793498,34.1256414793498,6,0,45
10542543,215,18/06/2021 00:00:00,18-Jun-2021 08:27:06,18-Jun-2021 15:28:35,41.4869125736447,590.4,72,14.4,07:01:30,3.5083,4.75379403794038,46.2407066115851,34.1256414793498,34.1256414793498,7,0,45
10542541,215,18/06/2021 00:00:00,18-Jun-2021 09:25:49,18-Jun-2021 16:27:18,41.4869125736447,590.4,72,14.4,07:01:30,3.5083,4.75379403794038,46.2407066115851,34.1256414793498,34.1256414793498,8,0,45
10542547,215,19/06/2021 00:00:00,19-Jun-2021 06:32:05,19-Jun-2021 13:33:35,41.4869125736447,590.4,72,14.4,07:01:30,3.5083,4.75379403794038,46.2407066115851,34.1256414793498,34.1256414793498,1,0,45
10542550,215,19/06/2021 00:00:00,19-Jun-2021 06:46:10,19-Jun-2021 13:47:40,41.4869125736447,590.4,72,14.4,07:01:30,3.5083,4.75379403794038,46.2407066115851,34.1256414793498,34.1256414793498,2,0,45
10542552,215,19/06/2021 00:00:00,19-Jun-2021 06:48:27,19-Jun-2021 13:49:56,41.4869125736447,590.4,72,14.4,07:01:30,3.5083,4.75379403794038,46.2407066115851,34.1256414793498,34.1256414793498,3,0,45
10542549,215,19/06/2021 00:00:00,19-Jun-2021 07:25:18,19-Jun-2021 14:26:48,41.4869125736447,590.4,72,14.4,07:01:30,3.5083,4.75379403794038,46.2407066115851,34.1256414793498,34.1256414793498,4,0,45
10542546,215,19/06/2021 00:00:00,19-Jun-2021 07:26:22,19-Jun-2021 14:27:52,41.4869125736447,590.4,72,14.4,07:01:30,3.5083,4.75379403794038,46.2407066115851,34.1256414793498,34.1256414793498,5,0,45
10542548,215,19/06/2021 00:00:00,19-Jun-2021 08:00:10,19-Jun-2021 15:01:41,41.4869125736447,590.4,72,14.4,07:01:30,3.5083,4.75379403794038,46.2407066115851,34.1256414793498,34.1256414793498,6,0,45
10542551,215,19/06/2021 00:00:00,19-Jun-2021 08:41:31,19-Jun-2021 15:43:01,41.4869125736447,590.4,72,14.4,07:01:30,3.5083,4.75379403794038,46.2407066115851,34.1256414793498,34.1256414793498,7,0,45
10542557,215,20/06/2021 00:00:00,20-Jun-2021 07:00:08,20-Jun-2021 14:01:38,41.4869125736447,590.4,72,14.4,07:01:30,3.5083,4.75379403794038,46.2407066115851,34.1256414793498,34.1256414793498,1,0,45
10542554,215,20/06/2021 00:00:00,20-Jun-2021 07:15:41,20-Jun-2021 14:17:12,41.4869125736447,590.4,72,14.4,07:01:30,3.5083,4.75379403794038,46.2407066115851,34.1256414793498,34.1256414793498,2,0,45
10542553,215,20/06/2021 00:00:00,20-Jun-2021 07:46:28,20-Jun-2021 14:47:59,41.4869125736447,590.4,72,14.4,07:01:30,3.5083,4.75379403794038,46.2407066115851,34.1256414793498,34.1256414793498,3,0,45
10542559,215,20/06/2021 00:00:00,20-Jun-2021 08:36:20,20-Jun-2021 15:37:50,41.4869125736447,590.4,72,14.4,07:01:30,3.5083,4.75379403794038,46.2407066115851,34.1256414793498,34.1256414793498,4,0,45
10542558,215,20/06/2021 00:00:00,20-Jun-2021 08:43:30,20-Jun-2021 15:45:00,41.4869125736447,590.4,72,14.4,07:01:30,3.5083,4.75379403794038,46.2407066115851,34.1256414793498,34.1256414793498,5,0,45
10542556,215,20/06/2021 00:00:00,20-Jun-2021 08:49:06,20-Jun-2021 15:50:35,41.4869125736447,590.4,72,14.4,07:01:30,3.5083,4.75379403794038,46.2407066115851,34.1256414793498,34.1256414793498,6,0,45
10542560,215,20/06/2021 00:00:00,20-Jun-2021 09:10:12,20-Jun-2021 16:11:41,41.4869125736447,590.4,72,14.4,07:01:29,3.5083,4.75379403794038,46.2407066115851,34.1256414793498,34.1256414793498,7,0,45
10542555,215,20/06/2021 00:00:00,20-Jun-2021 09:28:39,20-Jun-2021 16:30:08,41.4869125736447,590.4,72,14.4,07:01:30,3.5083,4.75379403794038,46.2407066115851,34.1256414793498,34.1256414793498,8,0,45
10542568,215,21/06/2021 00:00:00,21-Jun-2021 06:43:21,21-Jun-2021 13:44:51,41.4869125736447,590.4,72,14.4,07:01:30,3.5083,4.75379403794038,46.2407066115851,34.1256414793498,34.1256414793498,1,0,45
10542569,215,21/06/2021 00:00:00,21-Jun-2021 07:09:03,21-Jun-2021 14:10:33,41.4869125736447,590.4,72,14.4,07:01:30,3.5083,4.75379403794038,46.2407066115851,34.1256414793498,34.1256414793498,2,0,45
10542565,215,21/06/2021 00:00:00,21-Jun-2021 07:25:49,21-Jun-2021 14:27:20,41.4869125736447,590.4,72,14.4,07:01:30,3.5083,4.75379403794038,46.2407066115851,34.1256414793498,34.1256414793498,3,0,45
10542561,215,21/06/2021 00:00:00,21-Jun-2021 07:53:15,21-Jun-2021 14:54:45,41.4869125736447,590.4,72,14.4,07:01:30,3.5083,4.75379403794038,46.2407066115851,34.1256414793498,34.1256414793498,4,0,45
10542566,215,21/06/2021 00:00:00,21-Jun-2021 08:01:09,21-Jun-2021 15:02:39,41.4869125736447,590.4,72,14.4,07:01:30,3.5083,4.75379403794038,46.2407066115851,34.1256414793498,34.1256414793498,5,0,45
10542564,215,21/06/2021 00:00:00,21-Jun-2021 08:02:39,21-Jun-2021 15:04:09,41.4869125736447,590.4,72,14.4,07:01:30,3.5083,4.75379403794038,46.2407066115851,34.1256414793498,34.1256414793498,6,0,45
10542563,215,21/06/2021 00:00:00,21-Jun-2021 08:06:46,21-Jun-2021 15:08:16,41.4869125736447,590.4,72,14.4,07:01:30,3.5083,4.75379403794038,46.2407066115851,34.1256414793498,34.1256414793498,7,0,45
10542562,215,21/06/2021 00:00:00,21-Jun-2021 08:08:56,21-Jun-2021 15:10:26,41.4869125736447,590.4,72,14.4,07:01:30,3.5083,4.75379403794038,46.2407066115851,34.1256414793498,34.1256414793498,8,0,45
10542567,215,21/06/2021 00:00:00,21-Jun-2021 08:09:27,21-Jun-2021 15:10:58,41.4869125736447,590.4,72,14.4,07:01:30,3.5083,4.75379403794038,46.2407066115851,34.1256414793498,34.1256414793498,9,0,45
10542570,215,21/06/2021 00:00:00,21-Jun-2021 14:40:12,21-Jun-2021 21:41:41,41.4869125736447,590.4,72,14.4,07:01:30,3.5083,4.75379403794038,46.2407066115851,34.1256414793498,34.1256414793498,1,0,45
10542571,215,21/06/2021 00:00:00,21-Jun-2021 16:01:03,21-Jun-2021 23:02:32,41.4869125736447,590.4,72,14.4,07:01:30,3.5083,4.75379403794038,46.2407066115851,34.1256414793498,34.1256414793498,2,0,45
10542573,215,22/06/2021 00:00:00,22-Jun-2021 06:45:23,22-Jun-2021 13:46:53,41.4869125736447,590.4,72,14.4,07:01:30,3.5083,4.75379403794038,46.2407066115851,34.1256414793498,34.1256414793498,1,0,45
10542578,215,22/06/2021 00:00:00,22-Jun-2021 06:50:50,22-Jun-2021 13:52:21,41.4869125736447,590.4,72,14.4,07:01:30,3.5083,4.75379403794038,46.2407066115851,34.1256414793498,34.1256414793498,2,0,45
10542579,215,22/06/2021 00:00:00,22-Jun-2021 07:14:06,22-Jun-2021 14:15:36,41.4869125736447,590.4,72,14.4,07:01:30,3.5083,4.75379403794038,46.2407066115851,34.1256414793498,34.1256414793498,3,0,45
10542572,215,22/06/2021 00:00:00,22-Jun-2021 07:56:10,22-Jun-2021 14:57:39,41.4869125736447,590.4,72,14.4,07:01:30,3.5083,4.75379403794038,46.2407066115851,34.1256414793498,34.1256414793498,4,0,45
10542576,215,22/06/2021 00:00:00,22-Jun-2021 07:58:49,22-Jun-2021 15:00:19,41.4869125736447,590.4,72,14.4,07:01:30,3.5083,4.75379403794038,46.2407066115851,34.1256414793498,34.1256414793498,5,0,45
10542577,215,22/06/2021 00:00:00,22-Jun-2021 08:01:36,22-Jun-2021 15:03:06,41.4869125736447,590.4,72,14.4,07:01:30,3.5083,4.75379403794038,46.2407066115851,34.1256414793498,34.1256414793498,6,0,45
10542575,215,22/06/2021 00:00:00,22-Jun-2021 08:11:21,22-Jun-2021 15:12:51,41.4869125736447,590.4,72,14.4,07:01:30,3.5083,4.75379403794038,46.2407066115851,34.1256414793498,34.1256414793498,7,0,45
10542574,215,22/06/2021 00:00:00,22-Jun-2021 08:20:54,22-Jun-2021 15:22:23,41.4869125736447,590.4,72,14.4,07:01:30,3.5083,4.75379403794038,46.2407066115851,34.1256414793498,34.1256414793498,8,0,45
10542580,215,22/06/2021 00:00:00,22-Jun-2021 08:29:07,22-Jun-2021 15:30:38,41.4869125736447,590.4,72,14.4,07:01:30,3.5083,4.75379403794038,46.2407066115851,34.1256414793498,34.1256414793498,9,0,45
10542581,215,22/06/2021 00:00:00,22-Jun-2021 15:23:49,22-Jun-2021 22:25:19,41.4869125736447,590.4,72,14.4,07:01:30,3.5083,4.75379403794038,46.2407066115851,34.1256414793498,34.1256414793498,1,0,45
10542583,215,23/06/2021 00:00:00,23-Jun-2021 06:43:12,23-Jun-2021 13:44:42,41.4869125736447,590.4,72,14.4,07:01:30,3.5083,4.75379403794038,46.2407066115851,34.1256414793498,34.1256414793498,1,0,45
10542585,215,23/06/2021 00:00:00,23-Jun-2021 07:01:46,23-Jun-2021 14:03:16,41.4869125736447,590.4,72,14.4,07:01:30,3.5083,4.75379403794038,46.2407066115851,34.1256414793498,34.1256414793498,2,0,45
10542587,215,23/06/2021 00:00:00,23-Jun-2021 07:40:10,23-Jun-2021 14:41:40,41.4869125736447,590.4,72,14.4,07:01:29,3.5083,4.75379403794038,46.2407066115851,34.1256414793498,34.1256414793498,3,0,45
10542588,215,23/06/2021 00:00:00,23-Jun-2021 08:04:21,23-Jun-2021 15:05:50,41.4869125736447,590.4,72,14.4,07:01:30,3.5083,4.75379403794038,46.2407066115851,34.1256414793498,34.1256414793498,4,0,45
10542589,215,23/06/2021 00:00:00,23-Jun-2021 08:55:46,23-Jun-2021 15:57:15,41.4869125736447,590.4,72,14.4,07:01:30,3.5083,4.75379403794038,46.2407066115851,34.1256414793498,34.1256414793498,5,0,45
10542584,215,23/06/2021 00:00:00,23-Jun-2021 08:59:21,23-Jun-2021 16:00:50,41.4869125736447,590.4,72,14.4,07:01:30,3.5083,4.75379403794038,46.2407066115851,34.1256414793498,34.1256414793498,6,0,45
10542582,215,23/06/2021 00:00:00,23-Jun-2021 09:08:35,23-Jun-2021 16:10:05,41.4869125736447,590.4,72,14.4,07:01:30,3.5083,4.75379403794038,46.2407066115851,34.1256414793498,34.1256414793498,7,0,45
10542586,215,23/06/2021 00:00:00,23-Jun-2021 09:09:31,23-Jun-2021 16:11:01,41.4869125736447,590.4,72,14.4,07:01:30,3.5083,4.75379403794038,46.2407066115851,34.1256414793498,34.1256414793498,8,0,45
10542596,215,24/06/2021 00:00:00,24-Jun-2021 06:41:15,24-Jun-2021 13:42:44,41.4869125736447,590.4,72,14.4,07:01:30,3.5083,4.75379403794038,46.2407066115851,34.1256414793498,34.1256414793498,1,0,45
10542598,215,24/06/2021 00:00:00,24-Jun-2021 06:46:32,24-Jun-2021 13:48:02,41.4869125736447,590.4,72,14.4,07:01:30,3.5083,4.75379403794038,46.2407066115851,34.1256414793498,34.1256414793498,2,0,45
10542590,215,24/06/2021 00:00:00,24-Jun-2021 07:10:46,24-Jun-2021 14:12:16,41.4869125736447,590.4,72,14.4,07:01:30,3.5083,4.75379403794038,46.2407066115851,34.1256414793498,34.1256414793498,3,0,45
10542592,215,24/06/2021 00:00:00,24-Jun-2021 07:28:54,24-Jun-2021 14:30:25,41.4869125736447,590.4,72,14.4,07:01:30,3.5083,4.75379403794038,46.2407066115851,34.1256414793498,34.1256414793498,4,0,45
10542593,215,24/06/2021 00:00:00,24-Jun-2021 07:42:11,24-Jun-2021 14:43:41,41.4869125736447,590.4,72,14.4,07:01:30,3.5083,4.75379403794038,46.2407066115851,34.1256414793498,34.1256414793498,5,0,45
10542591,215,24/06/2021 00:00:00,24-Jun-2021 07:53:07,24-Jun-2021 14:54:37,41.4869125736447,590.4,72,14.4,07:01:30,3.5083,4.75379403794038,46.2407066115851,34.1256414793498,34.1256414793498,6,0,45
10542597,215,24/06/2021 00:00:00,24-Jun-2021 07:55:54,24-Jun-2021 14:57:24,41.4869125736447,590.4,72,14.4,07:01:30,3.5083,4.75379403794038,46.2407066115851,34.1256414793498,34.1256414793498,7,0,45
10542594,215,24/06/2021 00:00:00,24-Jun-2021 08:04:23,24-Jun-2021 15:05:52,41.4869125736447,590.4,72,14.4,07:01:29,3.5083,4.75379403794038,46.2407066115851,34.1256414793498,34.1256414793498,8,0,45
10542595,215,24/06/2021 00:00:00,24-Jun-2021 08:06:12,24-Jun-2021 15:07:41,41.4869125736447,590.4,72,14.4,07:01:30,3.5083,4.75379403794038,46.2407066115851,34.1256414793498,34.1256414793498,9,0,45
10542601,215,25/06/2021 00:00:00,25-Jun-2021 06:37:44,25-Jun-2021 13:55:12,43.8409943649585,590.4,72,14.4,07:17:27,3.6417,4.93455284552846,48.775547210487,35.9963538413394,35.9963538413394,1,0,45
10542604,215,25/06/2021 00:00:00,25-Jun-2021 06:44:27,25-Jun-2021 14:01:54,43.8409943649585,590.4,72,14.4,07:17:27,3.6417,4.93455284552846,48.775547210487,35.9963538413394,35.9963538413394,2,0,45
10542599,215,25/06/2021 00:00:00,25-Jun-2021 07:24:10,25-Jun-2021 14:41:36,43.8409943649585,590.4,72,14.4,07:17:27,3.6417,4.93455284552846,48.775547210487,35.9963538413394,35.9963538413394,3,0,45
10542600,215,25/06/2021 00:00:00,25-Jun-2021 07:37:01,25-Jun-2021 14:54:27,43.8409943649585,590.4,72,14.4,07:17:27,3.6417,4.93455284552846,48.775547210487,35.9963538413394,35.9963538413394,4,0,45
10542606,215,25/06/2021 00:00:00,25-Jun-2021 08:02:46,25-Jun-2021 15:20:13,43.8409943649585,590.4,72,14.4,07:17:27,3.6417,4.93455284552846,48.775547210487,35.9963538413394,35.9963538413394,5,0,45
10542602,215,25/06/2021 00:00:00,25-Jun-2021 08:19:40,25-Jun-2021 15:37:07,43.8409943649585,590.4,72,14.4,07:17:28,3.6417,4.93455284552846,48.775547210487,35.9963538413394,35.9963538413394,6,0,45
10542605,215,25/06/2021 00:00:00,25-Jun-2021 08:21:45,25-Jun-2021 15:39:12,43.8409943649585,590.4,72,14.4,07:17:27,3.6417,4.93455284552846,48.775547210487,35.9963538413394,35.9963538413394,7,0,45
10542603,215,25/06/2021 00:00:00,25-Jun-2021 08:45:25,25-Jun-2021 16:02:52,43.8409943649585,590.4,72,14.4,07:17:27,3.6417,4.93455284552846,48.775547210487,35.9963538413394,35.9963538413394,8,0,45
10542609,215,26/06/2021 00:00:00,26-Jun-2021 06:32:39,26-Jun-2021 13:50:07,43.8409943649585,590.4,72,14.4,07:17:28,3.6417,4.93455284552846,48.775547210487,35.9963538413394,35.9963538413394,1,0,45
10542610,215,26/06/2021 00:00:00,26-Jun-2021 07:04:37,26-Jun-2021 14:22:03,43.8409943649585,590.4,72,14.4,07:17:27,3.6417,4.93455284552846,48.775547210487,35.9963538413394,35.9963538413394,2,0,45
10542612,215,26/06/2021 00:00:00,26-Jun-2021 08:29:43,26-Jun-2021 15:47:10,43.8409943649585,590.4,72,14.4,07:17:27,3.6417,4.93455284552846,48.775547210487,35.9963538413394,35.9963538413394,3,0,45
10542611,215,26/06/2021 00:00:00,26-Jun-2021 08:39:33,26-Jun-2021 15:57:00,43.8409943649585,590.4,72,14.4,07:17:28,3.6417,4.93455284552846,48.775547210487,35.9963538413394,35.9963538413394,4,0,45
10542613,215,26/06/2021 00:00:00,26-Jun-2021 08:40:11,26-Jun-2021 15:57:37,43.8409943649585,590.4,72,14.4,07:17:27,3.6417,4.93455284552846,48.775547210487,35.9963538413394,35.9963538413394,5,0,45
10542607,215,26/06/2021 00:00:00,26-Jun-2021 08:40:13,26-Jun-2021 15:57:41,43.8409943649585,590.4,72,14.4,07:17:28,3.6417,4.93455284552846,48.775547210487,35.9963538413394,35.9963538413394,6,0,45
10542608,215,26/06/2021 00:00:00,26-Jun-2021 08:56:31,26-Jun-2021 16:13:57,43.8409943649585,590.4,72,14.4,07:17:27,3.6417,4.93455284552846,48.775547210487,35.9963538413394,35.9963538413394,7,0,45
10542614,215,27/06/2021 00:00:00,27-Jun-2021 07:49:01,27-Jun-2021 15:06:29,43.8409943649585,590.4,72,14.4,07:17:28,3.6417,4.93455284552846,48.775547210487,35.9963538413394,35.9963538413394,1,0,45
10542617,215,27/06/2021 00:00:00,27-Jun-2021 07:54:13,27-Jun-2021 15:11:39,43.8409943649585,590.4,72,14.4,07:17:27,3.6417,4.93455284552846,48.775547210487,35.9963538413394,35.9963538413394,2,0,45
10542620,215,27/06/2021 00:00:00,27-Jun-2021 08:02:39,27-Jun-2021 15:20:06,43.8409943649585,590.4,72,14.4,07:17:27,3.6417,4.93455284552846,48.775547210487,35.9963538413394,35.9963538413394,3,0,45
10542615,215,27/06/2021 00:00:00,27-Jun-2021 08:30:11,27-Jun-2021 15:47:37,43.8409943649585,590.4,72,14.4,07:17:27,3.6417,4.93455284552846,48.775547210487,35.9963538413394,35.9963538413394,4,0,45
10542621,215,27/06/2021 00:00:00,27-Jun-2021 08:37:14,27-Jun-2021 15:54:42,43.8409943649585,590.4,72,14.4,07:17:28,3.6417,4.93455284552846,48.775547210487,35.9963538413394,35.9963538413394,5,0,45
10542619,215,27/06/2021 00:00:00,27-Jun-2021 08:49:41,27-Jun-2021 16:07:08,43.8409943649585,590.4,72,14.4,07:17:28,3.6417,4.93455284552846,48.775547210487,35.9963538413394,35.9963538413394,6,0,45
10542616,215,27/06/2021 00:00:00,27-Jun-2021 08:52:50,27-Jun-2021 16:10:17,43.8409943649585,590.4,72,14.4,07:17:27,3.6417,4.93455284552846,48.775547210487,35.9963538413394,35.9963538413394,7,0,45
10542618,215,27/06/2021 00:00:00,27-Jun-2021 09:27:50,27-Jun-2021 16:45:18,43.8409943649585,590.4,72,14.4,07:17:27,3.6417,4.93455284552846,48.775547210487,35.9963538413394,35.9963538413394,8,0,45
10542625,215,28/06/2021 00:00:00,28-Jun-2021 06:41:40,28-Jun-2021 13:59:08,43.8409943649585,590.4,72,14.4,07:17:28,3.6417,4.93455284552846,48.775547210487,35.9963538413394,35.9963538413394,1,0,45
10542628,215,28/06/2021 00:00:00,28-Jun-2021 06:59:43,28-Jun-2021 14:17:10,43.8409943649585,590.4,72,14.4,07:17:27,3.6417,4.93455284552846,48.775547210487,35.9963538413394,35.9963538413394,2,0,45
10542624,215,28/06/2021 00:00:00,28-Jun-2021 07:01:45,28-Jun-2021 14:19:12,43.8409943649585,590.4,72,14.4,07:17:27,3.6417,4.93455284552846,48.775547210487,35.9963538413394,35.9963538413394,3,0,45
10542630,215,28/06/2021 00:00:00,28-Jun-2021 07:17:14,28-Jun-2021 14:34:41,43.8409943649585,590.4,72,14.4,07:17:28,3.6417,4.93455284552846,48.775547210487,35.9963538413394,35.9963538413394,4,0,45
10542629,215,28/06/2021 00:00:00,28-Jun-2021 07:34:18,28-Jun-2021 14:51:46,43.8409943649585,590.4,72,14.4,07:17:28,3.6417,4.93455284552846,48.775547210487,35.9963538413394,35.9963538413394,5,0,45
10542622,215,28/06/2021 00:00:00,28-Jun-2021 07:47:46,28-Jun-2021 15:05:13,43.8409943649585,590.4,72,14.4,07:17:28,3.6417,4.93455284552846,48.775547210487,35.9963538413394,35.9963538413394,6,0,45
10542627,215,28/06/2021 00:00:00,28-Jun-2021 07:51:39,28-Jun-2021 15:09:08,43.8409943649585,590.4,72,14.4,07:17:28,3.6417,4.93455284552846,48.775547210487,35.9963538413394,35.9963538413394,7,0,45
10542623,215,28/06/2021 00:00:00,28-Jun-2021 08:12:32,28-Jun-2021 15:30:00,43.8409943649585,590.4,72,14.4,07:17:28,3.6417,4.93455284552846,48.775547210487,35.9963538413394,35.9963538413394,8,0,45
10542626,215,28/06/2021 00:00:00,28-Jun-2021 08:26:12,28-Jun-2021 15:43:39,43.8409943649585,590.4,72,14.4,07:17:27,3.6417,4.93455284552846,48.775547210487,35.9963538413394,35.9963538413394,9,0,45
10542631,215,28/06/2021 00:00:00,28-Jun-2021 15:16:47,28-Jun-2021 22:34:13,43.8409943649585,590.4,72,14.4,07:17:27,3.6417,4.93455284552846,48.775547210487,35.9963538413394,35.9963538413394,1,0,45
10542632,215,28/06/2021 00:00:00,28-Jun-2021 16:10:58,28-Jun-2021 23:28:27,43.8409943649585,590.4,72,14.4,07:17:28,3.6417,4.93455284552846,48.775547210487,35.9963538413394,35.9963538413394,2,0,45
10542638,215,29/06/2021 00:00:00,29-Jun-2021 06:34:20,29-Jun-2021 13:51:46,43.8409943649585,590.4,72,14.4,07:17:27,3.6417,4.93455284552846,48.775547210487,35.9963538413394,35.9963538413394,1,0,45
10542636,215,29/06/2021 00:00:00,29-Jun-2021 06:45:29,29-Jun-2021 14:02:56,43.8409943649585,590.4,72,14.4,07:17:27,3.6417,4.93455284552846,48.775547210487,35.9963538413394,35.9963538413394,2,0,45
10542634,215,29/06/2021 00:00:00,29-Jun-2021 06:46:18,29-Jun-2021 14:03:45,43.8409943649585,590.4,72,14.4,07:17:27,3.6417,4.93455284552846,48.775547210487,35.9963538413394,35.9963538413394,3,0,45
10542637,215,29/06/2021 00:00:00,29-Jun-2021 07:04:03,29-Jun-2021 14:21:31,43.8409943649585,590.4,72,14.4,07:17:27,3.6417,4.93455284552846,48.775547210487,35.9963538413394,35.9963538413394,4,0,45
10542640,215,29/06/2021 00:00:00,29-Jun-2021 07:05:54,29-Jun-2021 14:23:21,43.8409943649585,590.4,72,14.4,07:17:27,3.6417,4.93455284552846,48.775547210487,35.9963538413394,35.9963538413394,5,0,45
10542641,215,29/06/2021 00:00:00,29-Jun-2021 07:48:26,29-Jun-2021 15:05:54,43.8409943649585,590.4,72,14.4,07:17:27,3.6417,4.93455284552846,48.775547210487,35.9963538413394,35.9963538413394,6,0,45
10542633,215,29/06/2021 00:00:00,29-Jun-2021 08:02:31,29-Jun-2021 15:20:00,43.8409943649585,590.4,72,14.4,07:17:28,3.6417,4.93455284552846,48.775547210487,35.9963538413394,35.9963538413394,7,0,45
10542639,215,29/06/2021 00:00:00,29-Jun-2021 08:04:12,29-Jun-2021 15:21:39,43.8409943649585,590.4,72,14.4,07:17:28,3.6417,4.93455284552846,48.775547210487,35.9963538413394,35.9963538413394,8,0,45
10542635,215,29/06/2021 00:00:00,29-Jun-2021 08:26:38,29-Jun-2021 15:44:05,43.8409943649585,590.4,72,14.4,07:17:27,3.6417,4.93455284552846,48.775547210487,35.9963538413394,35.9963538413394,9,0,45
10542642,215,29/06/2021 00:00:00,29-Jun-2021 15:38:11,29-Jun-2021 22:55:39,43.8409943649585,590.4,72,14.4,07:17:28,3.6417,4.93455284552846,48.775547210487,35.9963538413394,35.9963538413394,1,0,45
10542644,215,30/06/2021 00:00:00,30-Jun-2021 06:43:05,30-Jun-2021 14:00:32,43.8409943649585,590.4,72,14.4,07:17:27,3.6417,4.93455284552846,48.775547210487,35.9963538413394,35.9963538413394,1,0,45
10542649,215,30/06/2021 00:00:00,30-Jun-2021 06:47:19,30-Jun-2021 14:04:45,43.8409943649585,590.4,72,14.4,07:17:27,3.6417,4.93455284552846,48.775547210487,35.9963538413394,35.9963538413394,2,0,45
10542643,215,30/06/2021 00:00:00,30-Jun-2021 07:28:19,30-Jun-2021 14:45:46,43.8409943649585,590.4,72,14.4,07:17:27,3.6417,4.93455284552846,48.775547210487,35.9963538413394,35.9963538413394,3,0,45
10542647,215,30/06/2021 00:00:00,30-Jun-2021 07:35:05,30-Jun-2021 14:52:32,43.8409943649585,590.4,72,14.4,07:17:27,3.6417,4.93455284552846,48.775547210487,35.9963538413394,35.9963538413394,4,0,45
10542645,215,30/06/2021 00:00:00,30-Jun-2021 08:00:02,30-Jun-2021 15:17:30,43.8409943649585,590.4,72,14.4,07:17:28,3.6417,4.93455284552846,48.775547210487,35.9963538413394,35.9963538413394,5,0,45
10542646,215,30/06/2021 00:00:00,30-Jun-2021 08:10:07,30-Jun-2021 15:27:35,43.8409943649585,590.4,72,14.4,07:17:28,3.6417,4.93455284552846,48.775547210487,35.9963538413394,35.9963538413394,6,0,45
10542648,215,30/06/2021 00:00:00,30-Jun-2021 08:23:17,30-Jun-2021 15:40:45,43.8409943649585,590.4,72,14.4,07:17:27,3.6417,4.93455284552846,48.775547210487,35.9963538413394,35.9963538413394,7,0,45
10542650,215,30/06/2021 00:00:00,30-Jun-2021 09:13:50,30-Jun-2021 16:31:18,43.8409943649585,590.4,72,14.4,07:17:28,3.6417,4.93455284552846,48.775547210487,35.9963538413394,35.9963538413394,8,0,45
10542659,215,01/07/2021 00:00:00,01-Jul-2021 07:14:24,01-Jul-2021 14:31:52,43.8409943649585,590.4,72,14.4,07:17:28,3.6417,4.93455284552846,48.775547210487,35.9963538413394,35.9963538413394,1,0,45
10542657,215,01/07/2021 00:00:00,01-Jul-2021 07:19:59,01-Jul-2021 14:37:26,43.8409943649585,590.4,72,14.4,07:17:27,3.6417,4.93455284552846,48.775547210487,35.9963538413394,35.9963538413394,2,0,45
10542655,215,01/07/2021 00:00:00,01-Jul-2021 07:20:59,01-Jul-2021 14:38:27,43.8409943649585,590.4,72,14.4,07:17:27,3.6417,4.93455284552846,48.775547210487,35.9963538413394,35.9963538413394,3,0,45
10542652,215,01/07/2021 00:00:00,01-Jul-2021 07:22:43,01-Jul-2021 14:40:10,43.8409943649585,590.4,72,14.4,07:17:27,3.6417,4.93455284552846,48.775547210487,35.9963538413394,35.9963538413394,4,0,45
10542651,215,01/07/2021 00:00:00,01-Jul-2021 07:42:18,01-Jul-2021 14:59:45,43.8409943649585,590.4,72,14.4,07:17:27,3.6417,4.93455284552846,48.775547210487,35.9963538413394,35.9963538413394,5,0,45
10542658,215,01/07/2021 00:00:00,01-Jul-2021 07:46:47,01-Jul-2021 15:04:13,43.8409943649585,590.4,72,14.4,07:17:27,3.6417,4.93455284552846,48.775547210487,35.9963538413394,35.9963538413394,6,0,45
10542656,215,01/07/2021 00:00:00,01-Jul-2021 07:56:50,01-Jul-2021 15:14:17,43.8409943649585,590.4,72,14.4,07:17:27,3.6417,4.93455284552846,48.775547210487,35.9963538413394,35.9963538413394,7,0,45
10542654,215,01/07/2021 00:00:00,01-Jul-2021 07:58:49,01-Jul-2021 15:16:17,43.8409943649585,590.4,72,14.4,07:17:28,3.6417,4.93455284552846,48.775547210487,35.9963538413394,35.9963538413394,8,0,45
10542653,215,01/07/2021 00:00:00,01-Jul-2021 08:23:37,01-Jul-2021 15:41:04,43.8409943649585,590.4,72,14.4,07:17:28,3.6417,4.93455284552846,48.775547210487,35.9963538413394,35.9963538413394,9,0,45
10542665,215,02/07/2021 00:00:00,02-Jul-2021 07:03:54,02-Jul-2021 13:56:27,40.8778155668994,590.4,72,14.4,06:52:33,3.4333,4.65216802168022,45.5299835885796,33.6011278883718,33.6011278883718,1,0,45
10542667,215,02/07/2021 00:00:00,02-Jul-2021 07:41:42,02-Jul-2021 14:34:14,40.8778155668994,590.4,72,14.4,06:52:32,3.4333,4.65216802168022,45.5299835885796,33.6011278883718,33.6011278883718,2,0,45
10542660,215,02/07/2021 00:00:00,02-Jul-2021 07:45:53,02-Jul-2021 14:38:25,40.8778155668994,590.4,72,14.4,06:52:32,3.4333,4.65216802168022,45.5299835885796,33.6011278883718,33.6011278883718,3,0,45
10542662,215,02/07/2021 00:00:00,02-Jul-2021 08:10:49,02-Jul-2021 15:03:22,40.8778155668994,590.4,72,14.4,06:52:33,3.4333,4.65216802168022,45.5299835885796,33.6011278883718,33.6011278883718,4,0,45
10542663,215,02/07/2021 00:00:00,02-Jul-2021 08:28:59,02-Jul-2021 15:21:31,40.8778155668994,590.4,72,14.4,06:52:32,3.4333,4.65216802168022,45.5299835885796,33.6011278883718,33.6011278883718,5,0,45
10542666,215,02/07/2021 00:00:00,02-Jul-2021 08:53:25,02-Jul-2021 15:45:57,40.8778155668994,590.4,72,14.4,06:52:32,3.4333,4.65216802168022,45.5299835885796,33.6011278883718,33.6011278883718,6,0,45
10542664,215,02/07/2021 00:00:00,02-Jul-2021 08:58:29,02-Jul-2021 15:51:02,40.8778155668994,590.4,72,14.4,06:52:33,3.4333,4.65216802168022,45.5299835885796,33.6011278883718,33.6011278883718,7,0,45
10542661,215,02/07/2021 00:00:00,02-Jul-2021 09:15:01,02-Jul-2021 16:07:34,40.8778155668994,590.4,72,14.4,06:52:33,3.4333,4.65216802168022,45.5299835885796,33.6011278883718,33.6011278883718,8,0,45
10542669,215,03/07/2021 00:00:00,03-Jul-2021 06:45:12,03-Jul-2021 13:37:44,40.8778155668994,590.4,72,14.4,06:52:32,3.4333,4.65216802168022,45.5299835885796,33.6011278883718,33.6011278883718,1,0,45
10542672,215,03/07/2021 00:00:00,03-Jul-2021 07:36:24,03-Jul-2021 14:28:56,40.8778155668994,590.4,72,14.4,06:52:32,3.4333,4.65216802168022,45.5299835885796,33.6011278883718,33.6011278883718,2,0,45
10542670,215,03/07/2021 00:00:00,03-Jul-2021 08:08:50,03-Jul-2021 15:01:22,40.8778155668994,590.4,72,14.4,06:52:33,3.4333,4.65216802168022,45.5299835885796,33.6011278883718,33.6011278883718,3,0,45
10542668,215,03/07/2021 00:00:00,03-Jul-2021 08:36:41,03-Jul-2021 15:29:12,40.8778155668994,590.4,72,14.4,06:52:32,3.4333,4.65216802168022,45.5299835885796,33.6011278883718,33.6011278883718,4,0,45
10542674,215,03/07/2021 00:00:00,03-Jul-2021 09:10:32,03-Jul-2021 16:03:06,40.8778155668994,590.4,72,14.4,06:52:33,3.4333,4.65216802168022,45.5299835885796,33.6011278883718,33.6011278883718,5,0,45
10542673,215,03/07/2021 00:00:00,03-Jul-2021 09:20:53,03-Jul-2021 16:13:26,40.8778155668994,590.4,72,14.4,06:52:33,3.4333,4.65216802168022,45.5299835885796,33.6011278883718,33.6011278883718,6,0,45
10542671,215,03/07/2021 00:00:00,03-Jul-2021 09:29:18,03-Jul-2021 16:21:51,40.8778155668994,590.4,72,14.4,06:52:33,3.4333,4.65216802168022,45.5299835885796,33.6011278883718,33.6011278883718,7,0,45
10542678,215,04/07/2021 00:00:00,04-Jul-2021 06:30:56,04-Jul-2021 13:23:30,40.8778155668994,590.4,72,14.4,06:52:33,3.4333,4.65216802168022,45.5299835885796,33.6011278883718,33.6011278883718,1,0,45
10542676,215,04/07/2021 00:00:00,04-Jul-2021 07:10:06,04-Jul-2021 14:02:39,40.8778155668994,590.4,72,14.4,06:52:33,3.4333,4.65216802168022,45.5299835885796,33.6011278883718,33.6011278883718,2,0,45
10542681,215,04/07/2021 00:00:00,04-Jul-2021 07:13:34,04-Jul-2021 14:06:06,40.8778155668994,590.4,72,14.4,06:52:33,3.4333,4.65216802168022,45.5299835885796,33.6011278883718,33.6011278883718,3,0,45
10542677,215,04/07/2021 00:00:00,04-Jul-2021 07:15:54,04-Jul-2021 14:08:26,40.8778155668994,590.4,72,14.4,06:52:32,3.4333,4.65216802168022,45.5299835885796,33.6011278883718,33.6011278883718,4,0,45
10542682,215,04/07/2021 00:00:00,04-Jul-2021 07:23:05,04-Jul-2021 14:15:38,40.8778155668994,590.4,72,14.4,06:52:33,3.4333,4.65216802168022,45.5299835885796,33.6011278883718,33.6011278883718,5,0,45
10542675,215,04/07/2021 00:00:00,04-Jul-2021 09:03:13,04-Jul-2021 15:55:46,40.8778155668994,590.4,72,14.4,06:52:33,3.4333,4.65216802168022,45.5299835885796,33.6011278883718,33.6011278883718,6,0,45
10542679,215,04/07/2021 00:00:00,04-Jul-2021 09:09:22,04-Jul-2021 16:01:55,40.8778155668994,590.4,72,14.4,06:52:33,3.4333,4.65216802168022,45.5299835885796,33.6011278883718,33.6011278883718,7,0,45
10542680,215,04/07/2021 00:00:00,04-Jul-2021 09:29:32,04-Jul-2021 16:22:04,40.8778155668994,590.4,72,14.4,06:52:32,3.4333,4.65216802168022,45.5299835885796,33.6011278883718,33.6011278883718,8,0,45
10542686,215,05/07/2021 00:00:00,05-Jul-2021 06:42:25,05-Jul-2021 13:34:57,40.8778155668994,590.4,72,14.4,06:52:33,3.4333,4.65216802168022,45.5299835885796,33.6011278883718,33.6011278883718,1,0,45
10542691,215,05/07/2021 00:00:00,05-Jul-2021 07:00:38,05-Jul-2021 13:53:10,40.8778155668994,590.4,72,14.4,06:52:32,3.4333,4.65216802168022,45.5299835885796,33.6011278883718,33.6011278883718,2,0,45
10542683,215,05/07/2021 00:00:00,05-Jul-2021 07:26:40,05-Jul-2021 14:19:13,40.8778155668994,590.4,72,14.4,06:52:33,3.4333,4.65216802168022,45.5299835885796,33.6011278883718,33.6011278883718,3,0,45
10542685,215,05/07/2021 00:00:00,05-Jul-2021 07:29:21,05-Jul-2021 14:21:54,40.8778155668994,590.4,72,14.4,06:52:33,3.4333,4.65216802168022,45.5299835885796,33.6011278883718,33.6011278883718,4,0,45
10542690,215,05/07/2021 00:00:00,05-Jul-2021 07:31:15,05-Jul-2021 14:23:47,40.8778155668994,590.4,72,14.4,06:52:32,3.4333,4.65216802168022,45.5299835885796,33.6011278883718,33.6011278883718,5,0,45
10542689,215,05/07/2021 00:00:00,05-Jul-2021 07:31:41,05-Jul-2021 14:24:13,40.8778155668994,590.4,72,14.4,06:52:32,3.4333,4.65216802168022,45.5299835885796,33.6011278883718,33.6011278883718,6,0,45
10542688,215,05/07/2021 00:00:00,05-Jul-2021 07:38:57,05-Jul-2021 14:31:30,40.8778155668994,590.4,72,14.4,06:52:33,3.4333,4.65216802168022,45.5299835885796,33.6011278883718,33.6011278883718,7,0,45
10542687,215,05/07/2021 00:00:00,05-Jul-2021 07:49:48,05-Jul-2021 14:42:21,40.8778155668994,590.4,72,14.4,06:52:33,3.4333,4.65216802168022,45.5299835885796,33.6011278883718,33.6011278883718,8,0,45
10542684,215,05/07/2021 00:00:00,05-Jul-2021 08:14:11,05-Jul-2021 15:06:42,40.8778155668994,590.4,72,14.4,06:52:32,3.4333,4.65216802168022,45.5299835885796,33.6011278883718,33.6011278883718,9,0,45
10542693,215,05/07/2021 00:00:00,05-Jul-2021 15:09:05,05-Jul-2021 22:01:37,40.8778155668994,590.4,72,14.4,06:52:32,3.4333,4.65216802168022,45.5299835885796,33.6011278883718,33.6011278883718,1,0,45
10542692,215,05/07/2021 00:00:00,05-Jul-2021 15:43:34,05-Jul-2021 22:36:07,40.8778155668994,590.4,72,14.4,06:52:33,3.4333,4.65216802168022,45.5299835885796,33.6011278883718,33.6011278883718,2,0,45
10542699,215,06/07/2021 00:00:00,06-Jul-2021 06:40:22,06-Jul-2021 13:32:54,40.8778155668994,590.4,72,14.4,06:52:32,3.4333,4.65216802168022,45.5299835885796,33.6011278883718,33.6011278883718,1,0,45
10542701,215,06/07/2021 00:00:00,06-Jul-2021 07:03:46,06-Jul-2021 13:56:18,40.8778155668994,590.4,72,14.4,06:52:32,3.4333,4.65216802168022,45.5299835885796,33.6011278883718,33.6011278883718,2,0,45
10542696,215,06/07/2021 00:00:00,06-Jul-2021 07:05:50,06-Jul-2021 13:58:23,40.8778155668994,590.4,72,14.4,06:52:33,3.4333,4.65216802168022,45.5299835885796,33.6011278883718,33.6011278883718,3,0,45
10542695,215,06/07/2021 00:00:00,06-Jul-2021 07:14:32,06-Jul-2021 14:07:05,40.8778155668994,590.4,72,14.4,06:52:33,3.4333,4.65216802168022,45.5299835885796,33.6011278883718,33.6011278883718,4,0,45
10542700,215,06/07/2021 00:00:00,06-Jul-2021 07:28:28,06-Jul-2021 14:21:00,40.8778155668994,590.4,72,14.4,06:52:32,3.4333,4.65216802168022,45.5299835885796,33.6011278883718,33.6011278883718,5,0,45
10542697,215,06/07/2021 00:00:00,06-Jul-2021 07:36:15,06-Jul-2021 14:28:48,40.8778155668994,590.4,72,14.4,06:52:33,3.4333,4.65216802168022,45.5299835885796,33.6011278883718,33.6011278883718,6,0,45
10542702,215,06/07/2021 00:00:00,06-Jul-2021 07:37:55,06-Jul-2021 14:30:28,40.8778155668994,590.4,72,14.4,06:52:33,3.4333,4.65216802168022,45.5299835885796,33.6011278883718,33.6011278883718,7,0,45
10542694,215,06/07/2021 00:00:00,06-Jul-2021 07:51:27,06-Jul-2021 14:43:59,40.8778155668994,590.4,72,14.4,06:52:32,3.4333,4.65216802168022,45.5299835885796,33.6011278883718,33.6011278883718,8,0,45
10542698,215,06/07/2021 00:00:00,06-Jul-2021 08:09:39,06-Jul-2021 15:02:12,40.8778155668994,590.4,72,14.4,06:52:33,3.4333,4.65216802168022,45.5299835885796,33.6011278883718,33.6011278883718,9,0,45
10542703,215,06/07/2021 00:00:00,06-Jul-2021 14:44:42,06-Jul-2021 21:37:14,40.8778155668994,590.4,72,14.4,06:52:32,3.4333,4.65216802168022,45.5299835885796,33.6011278883718,33.6011278883718,1,0,45
10542704,215,06/07/2021 00:00:00,06-Jul-2021 15:10:16,06-Jul-2021 22:02:48,40.8778155668994,590.4,72,14.4,06:52:32,3.4333,4.65216802168022,45.5299835885796,33.6011278883718,33.6011278883718,2,0,45
10542711,215,07/07/2021 00:00:00,07-Jul-2021 07:07:00,07-Jul-2021 13:59:33,40.8778155668994,590.4,72,14.4,06:52:33,3.4333,4.65216802168022,45.5299835885796,33.6011278883718,33.6011278883718,1,0,45
10542712,215,07/07/2021 00:00:00,07-Jul-2021 07:09:00,07-Jul-2021 14:01:32,40.8778155668994,590.4,72,14.4,06:52:32,3.4333,4.65216802168022,45.5299835885796,33.6011278883718,33.6011278883718,2,0,45
10542706,215,07/07/2021 00:00:00,07-Jul-2021 07:25:25,07-Jul-2021 14:17:58,40.8778155668994,590.4,72,14.4,06:52:33,3.4333,4.65216802168022,45.5299835885796,33.6011278883718,33.6011278883718,3,0,45
10542707,215,07/07/2021 00:00:00,07-Jul-2021 07:53:04,07-Jul-2021 14:45:36,40.8778155668994,590.4,72,14.4,06:52:32,3.4333,4.65216802168022,45.5299835885796,33.6011278883718,33.6011278883718,4,0,45
10542709,215,07/07/2021 00:00:00,07-Jul-2021 07:56:45,07-Jul-2021 14:49:16,40.8778155668994,590.4,72,14.4,06:52:32,3.4333,4.65216802168022,45.5299835885796,33.6011278883718,33.6011278883718,5,0,45
10542713,215,07/07/2021 00:00:00,07-Jul-2021 08:00:52,07-Jul-2021 14:53:25,40.8778155668994,590.4,72,14.4,06:52:33,3.4333,4.65216802168022,45.5299835885796,33.6011278883718,33.6011278883718,6,0,45
10542708,215,07/07/2021 00:00:00,07-Jul-2021 08:19:39,07-Jul-2021 15:12:12,40.8778155668994,590.4,72,14.4,06:52:33,3.4333,4.65216802168022,45.5299835885796,33.6011278883718,33.6011278883718,7,0,45
10542705,215,07/07/2021 00:00:00,07-Jul-2021 08:25:38,07-Jul-2021 15:18:10,40.8778155668994,590.4,72,14.4,06:52:32,3.4333,4.65216802168022,45.5299835885796,33.6011278883718,33.6011278883718,8,0,45
10542710,215,07/07/2021 00:00:00,07-Jul-2021 08:28:27,07-Jul-2021 15:21:00,40.8778155668994,590.4,72,14.4,06:52:33,3.4333,4.65216802168022,45.5299835885796,33.6011278883718,33.6011278883718,9,0,45
10542722,215,08/07/2021 00:00:00,08-Jul-2021 06:48:43,08-Jul-2021 13:41:15,40.8778155668994,590.4,72,14.4,06:52:32,3.4333,4.65216802168022,45.5299835885796,33.6011278883718,33.6011278883718,1,0,45
10542720,215,08/07/2021 00:00:00,08-Jul-2021 06:50:42,08-Jul-2021 13:43:14,40.8778155668994,590.4,72,14.4,06:52:33,3.4333,4.65216802168022,45.5299835885796,33.6011278883718,33.6011278883718,2,0,45
10542716,215,08/07/2021 00:00:00,08-Jul-2021 06:51:40,08-Jul-2021 13:44:13,40.8778155668994,590.4,72,14.4,06:52:33,3.4333,4.65216802168022,45.5299835885796,33.6011278883718,33.6011278883718,3,0,45
10542717,215,08/07/2021 00:00:00,08-Jul-2021 06:53:33,08-Jul-2021 13:46:06,40.8778155668994,590.4,72,14.4,06:52:33,3.4333,4.65216802168022,45.5299835885796,33.6011278883718,33.6011278883718,4,0,45
10542718,215,08/07/2021 00:00:00,08-Jul-2021 06:59:43,08-Jul-2021 13:52:16,40.8778155668994,590.4,72,14.4,06:52:33,3.4333,4.65216802168022,45.5299835885796,33.6011278883718,33.6011278883718,5,0,45
10542714,215,08/07/2021 00:00:00,08-Jul-2021 07:26:07,08-Jul-2021 14:18:39,40.8778155668994,590.4,72,14.4,06:52:32,3.4333,4.65216802168022,45.5299835885796,33.6011278883718,33.6011278883718,6,0,45
10542721,215,08/07/2021 00:00:00,08-Jul-2021 07:27:28,08-Jul-2021 14:20:00,40.8778155668994,590.4,72,14.4,06:52:32,3.4333,4.65216802168022,45.5299835885796,33.6011278883718,33.6011278883718,7,0,45
10542715,215,08/07/2021 00:00:00,08-Jul-2021 07:31:32,08-Jul-2021 14:24:05,40.8778155668994,590.4,72,14.4,06:52:33,3.4333,4.65216802168022,45.5299835885796,33.6011278883718,33.6011278883718,8,0,45
10542719,215,08/07/2021 00:00:00,08-Jul-2021 07:53:30,08-Jul-2021 14:46:02,40.8778155668994,590.4,72,14.4,06:52:32,3.4333,4.65216802168022,45.5299835885796,33.6011278883718,33.6011278883718,9,0,45
10542730,215,09/07/2021 00:00:00,09-Jul-2021 06:38:47,09-Jul-2021 13:41:30,39.7985655539561,590.4,72,14.4,07:02:43,3.5167,4.76517615176152,44.5637417057176,32.8880413788196,32.8880413788196,1,0,45
10542726,215,09/07/2021 00:00:00,09-Jul-2021 06:54:01,09-Jul-2021 13:56:43,39.7985655539561,590.4,72,14.4,07:02:42,3.5167,4.76517615176152,44.5637417057176,32.8880413788196,32.8880413788196,2,0,45
10542727,215,09/07/2021 00:00:00,09-Jul-2021 06:58:00,09-Jul-2021 14:00:44,39.7985655539561,590.4,72,14.4,07:02:43,3.5167,4.76517615176152,44.5637417057176,32.8880413788196,32.8880413788196,3,0,45
10542725,215,09/07/2021 00:00:00,09-Jul-2021 07:33:51,09-Jul-2021 14:36:34,39.7985655539561,590.4,72,14.4,07:02:42,3.5167,4.76517615176152,44.5637417057176,32.8880413788196,32.8880413788196,4,0,45
10542724,215,09/07/2021 00:00:00,09-Jul-2021 07:36:22,09-Jul-2021 14:39:04,39.7985655539561,590.4,72,14.4,07:02:42,3.5167,4.76517615176152,44.5637417057176,32.8880413788196,32.8880413788196,5,0,45
10542729,215,09/07/2021 00:00:00,09-Jul-2021 08:03:41,09-Jul-2021 15:06:23,39.7985655539561,590.4,72,14.4,07:02:42,3.5167,4.76517615176152,44.5637417057176,32.8880413788196,32.8880413788196,6,0,45
10542728,215,09/07/2021 00:00:00,09-Jul-2021 08:07:58,09-Jul-2021 15:10:42,39.7985655539561,590.4,72,14.4,07:02:43,3.5167,4.76517615176152,44.5637417057176,32.8880413788196,32.8880413788196,7,0,45
10542723,215,09/07/2021 00:00:00,09-Jul-2021 08:09:00,09-Jul-2021 15:11:43,39.7985655539561,590.4,72,14.4,07:02:43,3.5167,4.76517615176152,44.5637417057176,32.8880413788196,32.8880413788196,8,0,45
10542731,215,10/07/2021 00:00:00,10-Jul-2021 06:50:15,10-Jul-2021 13:52:57,39.7985655539561,590.4,72,14.4,07:02:42,3.5167,4.76517615176152,44.5637417057176,32.8880413788196,32.8880413788196,1,0,45
10542736,215,10/07/2021 00:00:00,10-Jul-2021 07:33:32,10-Jul-2021 14:36:14,39.7985655539561,590.4,72,14.4,07:02:42,3.5167,4.76517615176152,44.5637417057176,32.8880413788196,32.8880413788196,2,0,45
10542732,215,10/07/2021 00:00:00,10-Jul-2021 07:40:23,10-Jul-2021 14:43:05,39.7985655539561,590.4,72,14.4,07:02:43,3.5167,4.76517615176152,44.5637417057176,32.8880413788196,32.8880413788196,3,0,45
10542734,215,10/07/2021 00:00:00,10-Jul-2021 08:30:02,10-Jul-2021 15:32:44,39.7985655539561,590.4,72,14.4,07:02:42,3.5167,4.76517615176152,44.5637417057176,32.8880413788196,32.8880413788196,4,0,45
10542737,215,10/07/2021 00:00:00,10-Jul-2021 09:05:46,10-Jul-2021 16:08:28,39.7985655539561,590.4,72,14.4,07:02:42,3.5167,4.76517615176152,44.5637417057176,32.8880413788196,32.8880413788196,5,0,45
10542735,215,10/07/2021 00:00:00,10-Jul-2021 09:06:24,10-Jul-2021 16:09:07,39.7985655539561,590.4,72,14.4,07:02:43,3.5167,4.76517615176152,44.5637417057176,32.8880413788196,32.8880413788196,6,0,45
10542733,215,10/07/2021 00:00:00,10-Jul-2021 09:28:12,10-Jul-2021 16:30:56,39.7985655539561,590.4,72,14.4,07:02:43,3.5167,4.76517615176152,44.5637417057176,32.8880413788196,32.8880413788196,7,0,45
10542742,215,11/07/2021 00:00:00,11-Jul-2021 06:52:24,11-Jul-2021 13:55:06,39.7985655539561,590.4,72,14.4,07:02:43,3.5167,4.76517615176152,44.5637417057176,32.8880413788196,32.8880413788196,1,0,45
10542743,215,11/07/2021 00:00:00,11-Jul-2021 07:06:34,11-Jul-2021 14:09:16,39.7985655539561,590.4,72,14.4,07:02:42,3.5167,4.76517615176152,44.5637417057176,32.8880413788196,32.8880413788196,2,0,45
10542739,215,11/07/2021 00:00:00,11-Jul-2021 07:15:18,11-Jul-2021 14:17:59,39.7985655539561,590.4,72,14.4,07:02:42,3.5167,4.76517615176152,44.5637417057176,32.8880413788196,32.8880413788196,3,0,45
10542745,215,11/07/2021 00:00:00,11-Jul-2021 07:23:12,11-Jul-2021 14:25:53,39.7985655539561,590.4,72,14.4,07:02:42,3.5167,4.76517615176152,44.5637417057176,32.8880413788196,32.8880413788196,4,0,45
10542741,215,11/07/2021 00:00:00,11-Jul-2021 07:31:50,11-Jul-2021 14:34:32,39.7985655539561,590.4,72,14.4,07:02:42,3.5167,4.76517615176152,44.5637417057176,32.8880413788196,32.8880413788196,5,0,45
10542738,215,11/07/2021 00:00:00,11-Jul-2021 08:35:25,11-Jul-2021 15:38:09,39.7985655539561,590.4,72,14.4,07:02:43,3.5167,4.76517615176152,44.5637417057176,32.8880413788196,32.8880413788196,6,0,45
10542740,215,11/07/2021 00:00:00,11-Jul-2021 09:18:45,11-Jul-2021 16:21:28,39.7985655539561,590.4,72,14.4,07:02:43,3.5167,4.76517615176152,44.5637417057176,32.8880413788196,32.8880413788196,7,0,45
10542744,215,11/07/2021 00:00:00,11-Jul-2021 09:22:15,11-Jul-2021 16:24:56,39.7985655539561,590.4,72,14.4,07:02:42,3.5167,4.76517615176152,44.5637417057176,32.8880413788196,32.8880413788196,8,0,45
10542754,215,12/07/2021 00:00:00,12-Jul-2021 06:54:54,12-Jul-2021 13:57:35,39.7985655539561,590.4,72,14.4,07:02:42,3.5167,4.76517615176152,44.5637417057176,32.8880413788196,32.8880413788196,1,0,45
10542752,215,12/07/2021 00:00:00,12-Jul-2021 07:04:03,12-Jul-2021 14:06:44,39.7985655539561,590.4,72,14.4,07:02:42,3.5167,4.76517615176152,44.5637417057176,32.8880413788196,32.8880413788196,2,0,45
10542753,215,12/07/2021 00:00:00,12-Jul-2021 07:12:15,12-Jul-2021 14:14:57,39.7985655539561,590.4,72,14.4,07:02:42,3.5167,4.76517615176152,44.5637417057176,32.8880413788196,32.8880413788196,3,0,45
10542749,215,12/07/2021 00:00:00,12-Jul-2021 07:15:47,12-Jul-2021 14:18:29,39.7985655539561,590.4,72,14.4,07:02:43,3.5167,4.76517615176152,44.5637417057176,32.8880413788196,32.8880413788196,4,0,45
10542747,215,12/07/2021 00:00:00,12-Jul-2021 07:34:48,12-Jul-2021 14:37:30,39.7985655539561,590.4,72,14.4,07:02:42,3.5167,4.76517615176152,44.5637417057176,32.8880413788196,32.8880413788196,5,0,45
10542751,215,12/07/2021 00:00:00,12-Jul-2021 07:43:14,12-Jul-2021 14:45:58,39.7985655539561,590.4,72,14.4,07:02:43,3.5167,4.76517615176152,44.5637417057176,32.8880413788196,32.8880413788196,6,0,45
10542750,215,12/07/2021 00:00:00,12-Jul-2021 07:45:13,12-Jul-2021 14:47:54,39.7985655539561,590.4,72,14.4,07:02:42,3.5167,4.76517615176152,44.5637417057176,32.8880413788196,32.8880413788196,7,0,45
10542746,215,12/07/2021 00:00:00,12-Jul-2021 07:49:11,12-Jul-2021 14:51:54,39.7985655539561,590.4,72,14.4,07:02:42,3.5167,4.76517615176152,44.5637417057176,32.8880413788196,32.8880413788196,8,0,45
10542748,215,12/07/2021 00:00:00,12-Jul-2021 07:51:53,12-Jul-2021 14:54:35,39.7985655539561,590.4,72,14.4,07:02:43,3.5167,4.76517615176152,44.5637417057176,32.8880413788196,32.8880413788196,9,0,45
10542755,215,12/07/2021 00:00:00,12-Jul-2021 14:45:17,12-Jul-2021 21:47:58,39.7985655539561,590.4,72,14.4,07:02:42,3.5167,4.76517615176152,44.5637417057176,32.8880413788196,32.8880413788196,1,0,45
10542756,215,12/07/2021 00:00:00,12-Jul-2021 15:20:32,12-Jul-2021 22:23:15,39.7985655539561,590.4,72,14.4,07:02:43,3.5167,4.76517615176152,44.5637417057176,32.8880413788196,32.8880413788196,2,0,45
10542760,215,13/07/2021 00:00:00,13-Jul-2021 06:46:06,13-Jul-2021 13:48:48,39.7985655539561,590.4,72,14.4,07:02:43,3.5167,4.76517615176152,44.5637417057176,32.8880413788196,32.8880413788196,1,0,45
10542757,215,13/07/2021 00:00:00,13-Jul-2021 06:59:43,13-Jul-2021 14:02:25,39.7985655539561,590.4,72,14.4,07:02:43,3.5167,4.76517615176152,44.5637417057176,32.8880413788196,32.8880413788196,2,0,45
10542763,215,13/07/2021 00:00:00,13-Jul-2021 07:03:15,13-Jul-2021 14:05:58,39.7985655539561,590.4,72,14.4,07:02:43,3.5167,4.76517615176152,44.5637417057176,32.8880413788196,32.8880413788196,3,0,45
10542761,215,13/07/2021 00:00:00,13-Jul-2021 07:17:43,13-Jul-2021 14:20:26,39.7985655539561,590.4,72,14.4,07:02:43,3.5167,4.76517615176152,44.5637417057176,32.8880413788196,32.8880413788196,4,0,45
10542759,215,13/07/2021 00:00:00,13-Jul-2021 07:42:30,13-Jul-2021 14:45:14,39.7985655539561,590.4,72,14.4,07:02:43,3.5167,4.76517615176152,44.5637417057176,32.8880413788196,32.8880413788196,5,0,45
10542762,215,13/07/2021 00:00:00,13-Jul-2021 07:43:30,13-Jul-2021 14:46:14,39.7985655539561,590.4,72,14.4,07:02:43,3.5167,4.76517615176152,44.5637417057176,32.8880413788196,32.8880413788196,6,0,45
10542764,215,13/07/2021 00:00:00,13-Jul-2021 07:46:47,13-Jul-2021 14:49:30,39.7985655539561,590.4,72,14.4,07:02:43,3.5167,4.76517615176152,44.5637417057176,32.8880413788196,32.8880413788196,7,0,45
10542758,215,13/07/2021 00:00:00,13-Jul-2021 07:58:26,13-Jul-2021 15:01:10,39.7985655539561,590.4,72,14.4,07:02:43,3.5167,4.76517615176152,44.5637417057176,32.8880413788196,32.8880413788196,8,0,45
10542765,215,13/07/2021 00:00:00,13-Jul-2021 08:24:07,13-Jul-2021 15:26:50,39.7985655539561,590.4,72,14.4,07:02:43,3.5167,4.76517615176152,44.5637417057176,32.8880413788196,32.8880413788196,9,0,45
10542766,215,13/07/2021 00:00:00,13-Jul-2021 14:56:36,13-Jul-2021 21:59:19,39.7985655539561,590.4,72,14.4,07:02:43,3.5167,4.76517615176152,44.5637417057176,32.8880413788196,32.8880413788196,1,0,45
10542772,215,14/07/2021 00:00:00,14-Jul-2021 06:52:59,14-Jul-2021 13:55:42,39.7985655539561,590.4,72,14.4,07:02:43,3.5167,4.76517615176152,44.5637417057176,32.8880413788196,32.8880413788196,1,0,45
10542775,215,14/07/2021 00:00:00,14-Jul-2021 07:05:02,14-Jul-2021 14:07:43,39.7985655539561,590.4,72,14.4,07:02:42,3.5167,4.76517615176152,44.5637417057176,32.8880413788196,32.8880413788196,2,0,45
10542768,215,14/07/2021 00:00:00,14-Jul-2021 07:22:51,14-Jul-2021 14:25:34,39.7985655539561,590.4,72,14.4,07:02:42,3.5167,4.76517615176152,44.5637417057176,32.8880413788196,32.8880413788196,3,0,45
10542770,215,14/07/2021 00:00:00,14-Jul-2021 07:50:03,14-Jul-2021 14:52:46,39.7985655539561,590.4,72,14.4,07:02:42,3.5167,4.76517615176152,44.5637417057176,32.8880413788196,32.8880413788196,4,0,45
10542767,215,14/07/2021 00:00:00,14-Jul-2021 07:55:43,14-Jul-2021 14:58:25,39.7985655539561,590.4,72,14.4,07:02:42,3.5167,4.76517615176152,44.5637417057176,32.8880413788196,32.8880413788196,5,0,45
10542769,215,14/07/2021 00:00:00,14-Jul-2021 07:59:00,14-Jul-2021 15:01:42,39.7985655539561,590.4,72,14.4,07:02:42,3.5167,4.76517615176152,44.5637417057176,32.8880413788196,32.8880413788196,6,0,45
10542773,215,14/07/2021 00:00:00,14-Jul-2021 08:06:36,14-Jul-2021 15:09:18,39.7985655539561,590.4,72,14.4,07:02:43,3.5167,4.76517615176152,44.5637417057176,32.8880413788196,32.8880413788196,7,0,45
10542771,215,14/07/2021 00:00:00,14-Jul-2021 08:23:29,14-Jul-2021 15:26:12,39.7985655539561,590.4,72,14.4,07:02:43,3.5167,4.76517615176152,44.5637417057176,32.8880413788196,32.8880413788196,8,0,45
10542774,215,14/07/2021 00:00:00,14-Jul-2021 08:24:09,14-Jul-2021 15:26:50,39.7985655539561,590.4,72,14.4,07:02:42,3.5167,4.76517615176152,44.5637417057176,32.8880413788196,32.8880413788196,9,0,45
10542781,215,15/07/2021 00:00:00,15-Jul-2021 06:44:24,15-Jul-2021 13:47:07,39.7985655539561,590.4,72,14.4,07:02:42,3.5167,4.76517615176152,44.5637417057176,32.8880413788196,32.8880413788196,1,0,45
10542779,215,15/07/2021 00:00:00,15-Jul-2021 06:55:59,15-Jul-2021 13:58:41,39.7985655539561,590.4,72,14.4,07:02:43,3.5167,4.76517615176152,44.5637417057176,32.8880413788196,32.8880413788196,2,0,45
10542780,215,15/07/2021 00:00:00,15-Jul-2021 07:04:46,15-Jul-2021 14:07:28,39.7985655539561,590.4,72,14.4,07:02:43,3.5167,4.76517615176152,44.5637417057176,32.8880413788196,32.8880413788196,3,0,45
10542782,215,15/07/2021 00:00:00,15-Jul-2021 07:17:02,15-Jul-2021 14:19:43,39.7985655539561,590.4,72,14.4,07:02:42,3.5167,4.76517615176152,44.5637417057176,32.8880413788196,32.8880413788196,4,0,45
10542783,215,15/07/2021 00:00:00,15-Jul-2021 07:21:58,15-Jul-2021 14:24:39,39.7985655539561,590.4,72,14.4,07:02:42,3.5167,4.76517615176152,44.5637417057176,32.8880413788196,32.8880413788196,5,0,45
10542777,215,15/07/2021 00:00:00,15-Jul-2021 07:30:14,15-Jul-2021 14:32:56,39.7985655539561,590.4,72,14.4,07:02:42,3.5167,4.76517615176152,44.5637417057176,32.8880413788196,32.8880413788196,6,0,45
10542778,215,15/07/2021 00:00:00,15-Jul-2021 07:41:14,15-Jul-2021 14:43:56,39.7985655539561,590.4,72,14.4,07:02:43,3.5167,4.76517615176152,44.5637417057176,32.8880413788196,32.8880413788196,7,0,45
10542776,215,15/07/2021 00:00:00,15-Jul-2021 07:51:53,15-Jul-2021 14:54:34,39.7985655539561,590.4,72,14.4,07:02:42,3.5167,4.76517615176152,44.5637417057176,32.8880413788196,32.8880413788196,8,0,45
10542784,215,15/07/2021 00:00:00,15-Jul-2021 08:23:18,15-Jul-2021 15:26:02,39.7985655539561,590.4,72,14.4,07:02:43,3.5167,4.76517615176152,44.5637417057176,32.8880413788196,32.8880413788196,9,0,45
10542788,215,16/07/2021 00:00:00,16-Jul-2021 07:22:06,16-Jul-2021 14:37:12,43.8173831159678,590.4,72,14.4,07:15:05,3.625,4.91192411924119,48.729307235209,35.9622287395842,35.9622287395842,1,0,45
10542791,215,16/07/2021 00:00:00,16-Jul-2021 08:14:44,16-Jul-2021 15:29:48,43.8173831159678,590.4,72,14.4,07:15:05,3.625,4.91192411924119,48.729307235209,35.9622287395842,35.9622287395842,2,0,45
10542785,215,16/07/2021 00:00:00,16-Jul-2021 08:28:30,16-Jul-2021 15:43:36,43.8173831159678,590.4,72,14.4,07:15:05,3.625,4.91192411924119,48.729307235209,35.9622287395842,35.9622287395842,3,0,45
10542787,215,16/07/2021 00:00:00,16-Jul-2021 08:44:11,16-Jul-2021 15:59:17,43.8173831159678,590.4,72,14.4,07:15:05,3.625,4.91192411924119,48.729307235209,35.9622287395842,35.9622287395842,4,0,45
10542786,215,16/07/2021 00:00:00,16-Jul-2021 09:02:27,16-Jul-2021 16:17:31,43.8173831159678,590.4,72,14.4,07:15:05,3.625,4.91192411924119,48.729307235209,35.9622287395842,35.9622287395842,5,0,45
10542789,215,16/07/2021 00:00:00,16-Jul-2021 09:20:45,16-Jul-2021 16:35:49,43.8173831159678,590.4,72,14.4,07:15:05,3.625,4.91192411924119,48.729307235209,35.9622287395842,35.9622287395842,6,0,45
10542790,215,16/07/2021 00:00:00,16-Jul-2021 09:25:29,16-Jul-2021 16:40:34,43.8173831159678,590.4,72,14.4,07:15:04,3.625,4.91192411924119,48.729307235209,35.9622287395842,35.9622287395842,7,0,45
10542796,215,17/07/2021 00:00:00,17-Jul-2021 06:35:43,17-Jul-2021 13:50:47,43.8173831159678,590.4,72,14.4,07:15:04,3.625,4.91192411924119,48.729307235209,35.9622287395842,35.9622287395842,1,0,45
10542794,215,17/07/2021 00:00:00,17-Jul-2021 06:54:00,17-Jul-2021 14:09:04,43.8173831159678,590.4,72,14.4,07:15:05,3.625,4.91192411924119,48.729307235209,35.9622287395842,35.9622287395842,2,0,45
10542792,215,17/07/2021 00:00:00,17-Jul-2021 07:17:01,17-Jul-2021 14:32:04,43.8173831159678,590.4,72,14.4,07:15:04,3.625,4.91192411924119,48.729307235209,35.9622287395842,35.9622287395842,3,0,45
10542793,215,17/07/2021 00:00:00,17-Jul-2021 08:18:20,17-Jul-2021 15:33:24,43.8173831159678,590.4,72,14.4,07:15:05,3.625,4.91192411924119,48.729307235209,35.9622287395842,35.9622287395842,4,0,45
10542795,215,17/07/2021 00:00:00,17-Jul-2021 08:18:59,17-Jul-2021 15:34:04,43.8173831159678,590.4,72,14.4,07:15:04,3.625,4.91192411924119,48.729307235209,35.9622287395842,35.9622287395842,5,0,45
10542797,215,17/07/2021 00:00:00,17-Jul-2021 08:26:52,17-Jul-2021 15:41:56,43.8173831159678,590.4,72,14.4,07:15:05,3.625,4.91192411924119,48.729307235209,35.9622287395842,35.9622287395842,6,0,45
10542803,215,18/07/2021 00:00:00,18-Jul-2021 07:09:37,18-Jul-2021 14:24:43,43.8173831159678,590.4,72,14.4,07:15:05,3.625,4.91192411924119,48.729307235209,35.9622287395842,35.9622287395842,1,0,45
10542802,215,18/07/2021 00:00:00,18-Jul-2021 07:14:55,18-Jul-2021 14:29:59,43.8173831159678,590.4,72,14.4,07:15:04,3.625,4.91192411924119,48.729307235209,35.9622287395842,35.9622287395842,2,0,45
10542800,215,18/07/2021 00:00:00,18-Jul-2021 07:43:36,18-Jul-2021 14:58:40,43.8173831159678,590.4,72,14.4,07:15:05,3.625,4.91192411924119,48.729307235209,35.9622287395842,35.9622287395842,3,0,45
10542799,215,18/07/2021 00:00:00,18-Jul-2021 08:03:52,18-Jul-2021 15:18:56,43.8173831159678,590.4,72,14.4,07:15:05,3.625,4.91192411924119,48.729307235209,35.9622287395842,35.9622287395842,4,0,45
10542804,215,18/07/2021 00:00:00,18-Jul-2021 08:12:16,18-Jul-2021 15:27:20,43.8173831159678,590.4,72,14.4,07:15:05,3.625,4.91192411924119,48.729307235209,35.9622287395842,35.9622287395842,5,0,45
10542798,215,18/07/2021 00:00:00,18-Jul-2021 08:18:06,18-Jul-2021 15:33:12,43.8173831159678,590.4,72,14.4,07:15:05,3.625,4.91192411924119,48.729307235209,35.9622287395842,35.9622287395842,6,0,45
10542801,215,18/07/2021 00:00:00,18-Jul-2021 09:29:34,18-Jul-2021 16:44:40,43.8173831159678,590.4,72,14.4,07:15:05,3.625,4.91192411924119,48.729307235209,35.9622287395842,35.9622287395842,7,0,45
10542812,215,19/07/2021 00:00:00,19-Jul-2021 06:30:25,19-Jul-2021 13:45:30,43.8173831159678,590.4,72,14.4,07:15:05,3.625,4.91192411924119,48.729307235209,35.9622287395842,35.9622287395842,1,0,45
10542810,215,19/07/2021 00:00:00,19-Jul-2021 06:43:43,19-Jul-2021 13:58:48,43.8173831159678,590.4,72,14.4,07:15:05,3.625,4.91192411924119,48.729307235209,35.9622287395842,35.9622287395842,2,0,45
10542809,215,19/07/2021 00:00:00,19-Jul-2021 07:10:51,19-Jul-2021 14:25:57,43.8173831159678,590.4,72,14.4,07:15:05,3.625,4.91192411924119,48.729307235209,35.9622287395842,35.9622287395842,3,0,45
10542811,215,19/07/2021 00:00:00,19-Jul-2021 07:44:13,19-Jul-2021 14:59:19,43.8173831159678,590.4,72,14.4,07:15:05,3.625,4.91192411924119,48.729307235209,35.9622287395842,35.9622287395842,4,0,45
10542805,215,19/07/2021 00:00:00,19-Jul-2021 07:48:38,19-Jul-2021 15:03:43,43.8173831159678,590.4,72,14.4,07:15:05,3.625,4.91192411924119,48.729307235209,35.9622287395842,35.9622287395842,5,0,45
10542806,215,19/07/2021 00:00:00,19-Jul-2021 08:07:31,19-Jul-2021 15:22:36,43.8173831159678,590.4,72,14.4,07:15:05,3.625,4.91192411924119,48.729307235209,35.9622287395842,35.9622287395842,6,0,45
10542807,215,19/07/2021 00:00:00,19-Jul-2021 08:14:16,19-Jul-2021 15:29:21,43.8173831159678,590.4,72,14.4,07:15:05,3.625,4.91192411924119,48.729307235209,35.9622287395842,35.9622287395842,7,0,45
10542813,215,19/07/2021 00:00:00,19-Jul-2021 08:21:32,19-Jul-2021 15:36:36,43.8173831159678,590.4,72,14.4,07:15:05,3.625,4.91192411924119,48.729307235209,35.9622287395842,35.9622287395842,8,0,45
10542808,215,19/07/2021 00:00:00,19-Jul-2021 08:27:15,19-Jul-2021 15:42:21,43.8173831159678,590.4,72,14.4,07:15:05,3.625,4.91192411924119,48.729307235209,35.9622287395842,35.9622287395842,9,0,45
10542814,215,19/07/2021 00:00:00,19-Jul-2021 15:04:45,19-Jul-2021 22:19:50,43.8173831159678,590.4,72,14.4,07:15:05,3.625,4.91192411924119,48.729307235209,35.9622287395842,35.9622287395842,1,0,45
10542819,215,20/07/2021 00:00:00,20-Jul-2021 07:09:50,20-Jul-2021 14:24:54,43.8173831159678,590.4,72,14.4,07:15:05,3.625,4.91192411924119,48.729307235209,35.9622287395842,35.9622287395842,1,0,45
10542817,215,20/07/2021 00:00:00,20-Jul-2021 07:12:28,20-Jul-2021 14:27:34,43.8173831159678,590.4,72,14.4,07:15:05,3.625,4.91192411924119,48.729307235209,35.9622287395842,35.9622287395842,2,0,45
10542818,215,20/07/2021 00:00:00,20-Jul-2021 07:28:43,20-Jul-2021 14:43:47,43.8173831159678,590.4,72,14.4,07:15:04,3.625,4.91192411924119,48.729307235209,35.9622287395842,35.9622287395842,3,0,45
10542823,215,20/07/2021 00:00:00,20-Jul-2021 07:32:28,20-Jul-2021 14:47:32,43.8173831159678,590.4,72,14.4,07:15:05,3.625,4.91192411924119,48.729307235209,35.9622287395842,35.9622287395842,4,0,45
10542820,215,20/07/2021 00:00:00,20-Jul-2021 07:34:03,20-Jul-2021 14:49:08,43.8173831159678,590.4,72,14.4,07:15:05,3.625,4.91192411924119,48.729307235209,35.9622287395842,35.9622287395842,5,0,45
10542821,215,20/07/2021 00:00:00,20-Jul-2021 07:45:11,20-Jul-2021 15:00:15,43.8173831159678,590.4,72,14.4,07:15:05,3.625,4.91192411924119,48.729307235209,35.9622287395842,35.9622287395842,6,0,45
10542822,215,20/07/2021 00:00:00,20-Jul-2021 07:50:05,20-Jul-2021 15:05:10,43.8173831159678,590.4,72,14.4,07:15:05,3.625,4.91192411924119,48.729307235209,35.9622287395842,35.9622287395842,7,0,45
10542815,215,20/07/2021 00:00:00,20-Jul-2021 07:52:01,20-Jul-2021 15:07:06,43.8173831159678,590.4,72,14.4,07:15:05,3.625,4.91192411924119,48.729307235209,35.9622287395842,35.9622287395842,8,0,45
10542816,215,20/07/2021 00:00:00,20-Jul-2021 07:59:27,20-Jul-2021 15:14:33,43.8173831159678,590.4,72,14.4,07:15:05,3.625,4.91192411924119,48.729307235209,35.9622287395842,35.9622287395842,9,0,45
10542829,215,21/07/2021 00:00:00,21-Jul-2021 06:39:34,21-Jul-2021 13:54:39,43.8173831159678,590.4,72,14.4,07:15:05,3.625,4.91192411924119,48.729307235209,35.9622287395842,35.9622287395842,1,0,45
10542831,215,21/07/2021 00:00:00,21-Jul-2021 06:40:22,21-Jul-2021 13:55:27,43.8173831159678,590.4,72,14.4,07:15:05,3.625,4.91192411924119,48.729307235209,35.9622287395842,35.9622287395842,2,0,45
10542828,215,21/07/2021 00:00:00,21-Jul-2021 07:02:04,21-Jul-2021 14:17:10,43.8173831159678,590.4,72,14.4,07:15:05,3.625,4.91192411924119,48.729307235209,35.9622287395842,35.9622287395842,3,0,45
10542827,215,21/07/2021 00:00:00,21-Jul-2021 07:51:13,21-Jul-2021 15:06:18,43.8173831159678,590.4,72,14.4,07:15:05,3.625,4.91192411924119,48.729307235209,35.9622287395842,35.9622287395842,4,0,45
10542824,215,21/07/2021 00:00:00,21-Jul-2021 08:34:21,21-Jul-2021 15:49:26,43.8173831159678,590.4,72,14.4,07:15:05,3.625,4.91192411924119,48.729307235209,35.9622287395842,35.9622287395842,5,0,45
10542830,215,21/07/2021 00:00:00,21-Jul-2021 08:34:26,21-Jul-2021 15:49:31,43.8173831159678,590.4,72,14.4,07:15:04,3.625,4.91192411924119,48.729307235209,35.9622287395842,35.9622287395842,6,0,45
10542825,215,21/07/2021 00:00:00,21-Jul-2021 09:00:52,21-Jul-2021 16:15:56,43.8173831159678,590.4,72,14.4,07:15:05,3.625,4.91192411924119,48.729307235209,35.9622287395842,35.9622287395842,7,0,45
10542826,215,21/07/2021 00:00:00,21-Jul-2021 09:25:54,21-Jul-2021 16:40:59,43.8173831159678,590.4,72,14.4,07:15:05,3.625,4.91192411924119,48.729307235209,35.9622287395842,35.9622287395842,8,0,45
10542837,215,22/07/2021 00:00:00,22-Jul-2021 07:31:22,22-Jul-2021 14:46:27,43.8173831159678,590.4,72,14.4,07:15:04,3.625,4.91192411924119,48.729307235209,35.9622287395842,35.9622287395842,1,0,45
10542839,215,22/07/2021 00:00:00,22-Jul-2021 07:38:41,22-Jul-2021 14:53:47,43.8173831159678,590.4,72,14.4,07:15:05,3.625,4.91192411924119,48.729307235209,35.9622287395842,35.9622287395842,2,0,45
10542838,215,22/07/2021 00:00:00,22-Jul-2021 07:45:01,22-Jul-2021 15:00:06,43.8173831159678,590.4,72,14.4,07:15:05,3.625,4.91192411924119,48.729307235209,35.9622287395842,35.9622287395842,3,0,45
10542835,215,22/07/2021 00:00:00,22-Jul-2021 07:45:04,22-Jul-2021 15:00:08,43.8173831159678,590.4,72,14.4,07:15:04,3.625,4.91192411924119,48.729307235209,35.9622287395842,35.9622287395842,4,0,45
10542834,215,22/07/2021 00:00:00,22-Jul-2021 07:49:35,22-Jul-2021 15:04:40,43.8173831159678,590.4,72,14.4,07:15:05,3.625,4.91192411924119,48.729307235209,35.9622287395842,35.9622287395842,5,0,45
10542833,215,22/07/2021 00:00:00,22-Jul-2021 08:06:17,22-Jul-2021 15:21:22,43.8173831159678,590.4,72,14.4,07:15:05,3.625,4.91192411924119,48.729307235209,35.9622287395842,35.9622287395842,6,0,45
10542836,215,22/07/2021 00:00:00,22-Jul-2021 09:11:29,22-Jul-2021 16:26:33,43.8173831159678,590.4,72,14.4,07:15:05,3.625,4.91192411924119,48.729307235209,35.9622287395842,35.9622287395842,7,0,45
10542832,215,22/07/2021 00:00:00,22-Jul-2021 09:18:18,22-Jul-2021 16:33:22,43.8173831159678,590.4,72,14.4,07:15:05,3.625,4.91192411924119,48.729307235209,35.9622287395842,35.9622287395842,8,0,45
10542846,215,23/07/2021 00:00:00,23-Jul-2021 06:43:39,23-Jul-2021 14:12:38,41.7267870255051,590.4,72,14.4,07:28:58,3.7333,5.05867208672087,46.785459112226,34.5276688248228,34.5276688248228,1,0,45
10542844,215,23/07/2021 00:00:00,23-Jul-2021 06:44:32,23-Jul-2021 14:13:31,41.7267870255051,590.4,72,14.4,07:28:59,3.7333,5.05867208672087,46.785459112226,34.5276688248228,34.5276688248228,2,0,45
10542843,215,23/07/2021 00:00:00,23-Jul-2021 07:47:35,23-Jul-2021 15:16:34,41.7267870255051,590.4,72,14.4,07:28:58,3.7333,5.05867208672087,46.785459112226,34.5276688248228,34.5276688248228,3,0,45
10542840,215,23/07/2021 00:00:00,23-Jul-2021 08:01:59,23-Jul-2021 15:30:58,41.7267870255051,590.4,72,14.4,07:28:59,3.7333,5.05867208672087,46.785459112226,34.5276688248228,34.5276688248228,4,0,45
10542845,215,23/07/2021 00:00:00,23-Jul-2021 08:06:31,23-Jul-2021 15:35:29,41.7267870255051,590.4,72,14.4,07:28:59,3.7333,5.05867208672087,46.785459112226,34.5276688248228,34.5276688248228,5,0,45
10542842,215,23/07/2021 00:00:00,23-Jul-2021 08:17:58,23-Jul-2021 15:46:58,41.7267870255051,590.4,72,14.4,07:28:59,3.7333,5.05867208672087,46.785459112226,34.5276688248228,34.5276688248228,6,0,45
10542841,215,23/07/2021 00:00:00,23-Jul-2021 08:33:14,23-Jul-2021 16:02:11,41.7267870255051,590.4,72,14.4,07:28:58,3.7333,5.05867208672087,46.785459112226,34.5276688248228,34.5276688248228,7,0,45
10542849,215,24/07/2021 00:00:00,24-Jul-2021 06:47:44,24-Jul-2021 14:16:42,41.7267870255051,590.4,72,14.4,07:28:58,3.7333,5.05867208672087,46.785459112226,34.5276688248228,34.5276688248228,1,0,45
10542851,215,24/07/2021 00:00:00,24-Jul-2021 07:59:41,24-Jul-2021 15:28:39,41.7267870255051,590.4,72,14.4,07:28:58,3.7333,5.05867208672087,46.785459112226,34.5276688248228,34.5276688248228,2,0,45
10542848,215,24/07/2021 00:00:00,24-Jul-2021 08:04:07,24-Jul-2021 15:33:06,41.7267870255051,590.4,72,14.4,07:28:59,3.7333,5.05867208672087,46.785459112226,34.5276688248228,34.5276688248228,3,0,45
10542850,215,24/07/2021 00:00:00,24-Jul-2021 08:07:19,24-Jul-2021 15:36:17,41.7267870255051,590.4,72,14.4,07:28:58,3.7333,5.05867208672087,46.785459112226,34.5276688248228,34.5276688248228,4,0,45
10542852,215,24/07/2021 00:00:00,24-Jul-2021 08:22:29,24-Jul-2021 15:51:26,41.7267870255051,590.4,72,14.4,07:28:58,3.7333,5.05867208672087,46.785459112226,34.5276688248228,34.5276688248228,5,0,45
10542847,215,24/07/2021 00:00:00,24-Jul-2021 08:57:57,24-Jul-2021 16:26:55,41.7267870255051,590.4,72,14.4,07:28:59,3.7333,5.05867208672087,46.785459112226,34.5276688248228,34.5276688248228,6,0,45
10542857,215,25/07/2021 00:00:00,25-Jul-2021 07:08:12,25-Jul-2021 14:37:09,41.7267870255051,590.4,72,14.4,07:28:58,3.7333,5.05867208672087,46.785459112226,34.5276688248228,34.5276688248228,1,0,45
10542853,215,25/07/2021 00:00:00,25-Jul-2021 08:19:11,25-Jul-2021 15:48:10,41.7267870255051,590.4,72,14.4,07:28:59,3.7333,5.05867208672087,46.785459112226,34.5276688248228,34.5276688248228,2,0,45
10542855,215,25/07/2021 00:00:00,25-Jul-2021 08:30:11,25-Jul-2021 15:59:10,41.7267870255051,590.4,72,14.4,07:28:59,3.7333,5.05867208672087,46.785459112226,34.5276688248228,34.5276688248228,3,0,45
10542859,215,25/07/2021 00:00:00,25-Jul-2021 08:32:53,25-Jul-2021 16:01:52,41.7267870255051,590.4,72,14.4,07:28:59,3.7333,5.05867208672087,46.785459112226,34.5276688248228,34.5276688248228,4,0,45
10542856,215,25/07/2021 00:00:00,25-Jul-2021 09:00:04,25-Jul-2021 16:29:02,41.7267870255051,590.4,72,14.4,07:28:59,3.7333,5.05867208672087,46.785459112226,34.5276688248228,34.5276688248228,5,0,45
10542854,215,25/07/2021 00:00:00,25-Jul-2021 09:08:54,25-Jul-2021 16:37:54,41.7267870255051,590.4,72,14.4,07:28:59,3.7333,5.05867208672087,46.785459112226,34.5276688248228,34.5276688248228,6,0,45
10542858,215,25/07/2021 00:00:00,25-Jul-2021 09:18:43,25-Jul-2021 16:47:41,41.7267870255051,590.4,72,14.4,07:28:58,3.7333,5.05867208672087,46.785459112226,34.5276688248228,34.5276688248228,7,0,45
10542863,215,26/07/2021 00:00:00,26-Jul-2021 06:57:59,26-Jul-2021 14:26:59,41.7267870255051,590.4,72,14.4,07:28:59,3.7333,5.05867208672087,46.785459112226,34.5276688248228,34.5276688248228,1,0,45
10542865,215,26/07/2021 00:00:00,26-Jul-2021 07:00:28,26-Jul-2021 14:29:28,41.7267870255051,590.4,72,14.4,07:28:59,3.7333,5.05867208672087,46.785459112226,34.5276688248228,34.5276688248228,2,0,45
10542868,215,26/07/2021 00:00:00,26-Jul-2021 07:10:09,26-Jul-2021 14:39:07,41.7267870255051,590.4,72,14.4,07:28:59,3.7333,5.05867208672087,46.785459112226,34.5276688248228,34.5276688248228,3,0,45
10542861,215,26/07/2021 00:00:00,26-Jul-2021 07:21:03,26-Jul-2021 14:50:02,41.7267870255051,590.4,72,14.4,07:28:59,3.7333,5.05867208672087,46.785459112226,34.5276688248228,34.5276688248228,4,0,45
10542866,215,26/07/2021 00:00:00,26-Jul-2021 07:41:01,26-Jul-2021 15:09:59,41.7267870255051,590.4,72,14.4,07:28:58,3.7333,5.05867208672087,46.785459112226,34.5276688248228,34.5276688248228,5,0,45
10542860,215,26/07/2021 00:00:00,26-Jul-2021 07:57:12,26-Jul-2021 15:26:11,41.7267870255051,590.4,72,14.4,07:28:59,3.7333,5.05867208672087,46.785459112226,34.5276688248228,34.5276688248228,6,0,45
10542862,215,26/07/2021 00:00:00,26-Jul-2021 08:03:08,26-Jul-2021 15:32:07,41.7267870255051,590.4,72,14.4,07:28:59,3.7333,5.05867208672087,46.785459112226,34.5276688248228,34.5276688248228,7,0,45
10542867,215,26/07/2021 00:00:00,26-Jul-2021 08:11:33,26-Jul-2021 15:40:33,41.7267870255051,590.4,72,14.4,07:28:59,3.7333,5.05867208672087,46.785459112226,34.5276688248228,34.5276688248228,8,0,45
10542864,215,26/07/2021 00:00:00,26-Jul-2021 08:13:00,26-Jul-2021 15:41:59,41.7267870255051,590.4,72,14.4,07:28:59,3.7333,5.05867208672087,46.785459112226,34.5276688248228,34.5276688248228,9,0,45
10542869,215,26/07/2021 00:00:00,26-Jul-2021 16:28:59,26-Jul-2021 23:57:58,41.7267870255051,590.4,72,14.4,07:28:59,3.7333,5.05867208672087,46.785459112226,34.5276688248228,34.5276688248228,1,0,45
10542870,215,27/07/2021 00:00:00,27-Jul-2021 06:38:15,27-Jul-2021 14:07:13,41.7267870255051,590.4,72,14.4,07:28:59,3.7333,5.05867208672087,46.785459112226,34.5276688248228,34.5276688248228,1,0,45
10542877,215,27/07/2021 00:00:00,27-Jul-2021 06:39:52,27-Jul-2021 14:08:50,41.7267870255051,590.4,72,14.4,07:28:58,3.7333,5.05867208672087,46.785459112226,34.5276688248228,34.5276688248228,2,0,45
10542871,215,27/07/2021 00:00:00,27-Jul-2021 06:47:46,27-Jul-2021 14:16:44,41.7267870255051,590.4,72,14.4,07:28:59,3.7333,5.05867208672087,46.785459112226,34.5276688248228,34.5276688248228,3,0,45
10542878,215,27/07/2021 00:00:00,27-Jul-2021 06:52:08,27-Jul-2021 14:21:07,41.7267870255051,590.4,72,14.4,07:28:59,3.7333,5.05867208672087,46.785459112226,34.5276688248228,34.5276688248228,4,0,45
10542876,215,27/07/2021 00:00:00,27-Jul-2021 07:02:45,27-Jul-2021 14:31:43,41.7267870255051,590.4,72,14.4,07:28:59,3.7333,5.05867208672087,46.785459112226,34.5276688248228,34.5276688248228,5,0,45
10542873,215,27/07/2021 00:00:00,27-Jul-2021 07:03:36,27-Jul-2021 14:32:34,41.7267870255051,590.4,72,14.4,07:28:59,3.7333,5.05867208672087,46.785459112226,34.5276688248228,34.5276688248228,6,0,45
10542874,215,27/07/2021 00:00:00,27-Jul-2021 07:53:03,27-Jul-2021 15:22:01,41.7267870255051,590.4,72,14.4,07:28:58,3.7333,5.05867208672087,46.785459112226,34.5276688248228,34.5276688248228,7,0,45
10542872,215,27/07/2021 00:00:00,27-Jul-2021 08:07:57,27-Jul-2021 15:36:56,41.7267870255051,590.4,72,14.4,07:28:59,3.7333,5.05867208672087,46.785459112226,34.5276688248228,34.5276688248228,8,0,45
10542875,215,27/07/2021 00:00:00,27-Jul-2021 08:25:56,27-Jul-2021 15:54:54,41.7267870255051,590.4,72,14.4,07:28:58,3.7333,5.05867208672087,46.785459112226,34.5276688248228,34.5276688248228,9,0,45
10542879,215,27/07/2021 00:00:00,27-Jul-2021 15:20:02,27-Jul-2021 22:49:01,41.7267870255051,590.4,72,14.4,07:28:59,3.7333,5.05867208672087,46.785459112226,34.5276688248228,34.5276688248228,1,0,45
10542880,215,28/07/2021 00:00:00,28-Jul-2021 06:34:41,28-Jul-2021 14:03:38,41.7267870255051,590.4,72,14.4,07:28:58,3.7333,5.05867208672087,46.785459112226,34.5276688248228,34.5276688248228,1,0,45
10542887,215,28/07/2021 00:00:00,28-Jul-2021 07:25:18,28-Jul-2021 14:54:17,41.7267870255051,590.4,72,14.4,07:28:59,3.7333,5.05867208672087,46.785459112226,34.5276688248228,34.5276688248228,2,0,45
10542881,215,28/07/2021 00:00:00,28-Jul-2021 08:01:33,28-Jul-2021 15:30:32,41.7267870255051,590.4,72,14.4,07:28:58,3.7333,5.05867208672087,46.785459112226,34.5276688248228,34.5276688248228,3,0,45
10542884,215,28/07/2021 00:00:00,28-Jul-2021 08:06:06,28-Jul-2021 15:35:06,41.7267870255051,590.4,72,14.4,07:28:59,3.7333,5.05867208672087,46.785459112226,34.5276688248228,34.5276688248228,4,0,45
10542886,215,28/07/2021 00:00:00,28-Jul-2021 08:16:22,28-Jul-2021 15:45:22,41.7267870255051,590.4,72,14.4,07:28:59,3.7333,5.05867208672087,46.785459112226,34.5276688248228,34.5276688248228,5,0,45
10542882,215,28/07/2021 00:00:00,28-Jul-2021 08:29:18,28-Jul-2021 15:58:15,41.7267870255051,590.4,72,14.4,07:28:58,3.7333,5.05867208672087,46.785459112226,34.5276688248228,34.5276688248228,6,0,45
10542883,215,28/07/2021 00:00:00,28-Jul-2021 08:30:25,28-Jul-2021 15:59:24,41.7267870255051,590.4,72,14.4,07:28:59,3.7333,5.05867208672087,46.785459112226,34.5276688248228,34.5276688248228,7,0,45
10542885,215,28/07/2021 00:00:00,28-Jul-2021 08:53:50,28-Jul-2021 16:22:48,41.7267870255051,590.4,72,14.4,07:28:58,3.7333,5.05867208672087,46.785459112226,34.5276688248228,34.5276688248228,8,0,45
10542888,215,29/07/2021 00:00:00,29-Jul-2021 07:14:27,29-Jul-2021 14:43:26,41.7267870255051,590.4,72,14.4,07:28:59,3.7333,5.05867208672087,46.785459112226,34.5276688248228,34.5276688248228,1,0,45
10542890,215,29/07/2021 00:00:00,29-Jul-2021 07:35:56,29-Jul-2021 15:04:55,41.7267870255051,590.4,72,14.4,07:28:59,3.7333,5.05867208672087,46.785459112226,34.5276688248228,34.5276688248228,2,0,45
10542891,215,29/07/2021 00:00:00,29-Jul-2021 08:23:47,29-Jul-2021 15:52:46,41.7267870255051,590.4,72,14.4,07:28:58,3.7333,5.05867208672087,46.785459112226,34.5276688248228,34.5276688248228,3,0,45
10542894,215,29/07/2021 00:00:00,29-Jul-2021 08:40:17,29-Jul-2021 16:09:15,41.7267870255051,590.4,72,14.4,07:28:59,3.7333,5.05867208672087,46.785459112226,34.5276688248228,34.5276688248228,4,0,45
10542895,215,29/07/2021 00:00:00,29-Jul-2021 08:46:39,29-Jul-2021 16:15:39,41.7267870255051,590.4,72,14.4,07:28:59,3.7333,5.05867208672087,46.785459112226,34.5276688248228,34.5276688248228,5,0,45
10542889,215,29/07/2021 00:00:00,29-Jul-2021 09:01:55,29-Jul-2021 16:30:53,41.7267870255051,590.4,72,14.4,07:28:59,3.7333,5.05867208672087,46.785459112226,34.5276688248228,34.5276688248228,6,0,45
10542893,215,29/07/2021 00:00:00,29-Jul-2021 09:06:11,29-Jul-2021 16:35:11,41.7267870255051,590.4,72,14.4,07:28:59,3.7333,5.05867208672087,46.785459112226,34.5276688248228,34.5276688248228,7,0,45
10542892,215,29/07/2021 00:00:00,29-Jul-2021 09:14:48,29-Jul-2021 16:43:47,41.7267870255051,590.4,72,14.4,07:28:59,3.7333,5.05867208672087,46.785459112226,34.5276688248228,34.5276688248228,8,0,45
10542896,215,30/07/2021 00:00:00,30-Jul-2021 06:45:06,30-Jul-2021 13:59:26,40.7692205816248,590.4,72,14.4,07:14:20,3.6167,4.90067750677507,45.6698980883999,33.7043847892391,33.7043847892391,1,0,45
10542899,215,30/07/2021 00:00:00,30-Jul-2021 07:55:59,30-Jul-2021 15:10:20,40.7692205816248,590.4,72,14.4,07:14:20,3.6167,4.90067750677507,45.6698980883999,33.7043847892391,33.7043847892391,2,0,45
10542898,215,30/07/2021 00:00:00,30-Jul-2021 07:59:11,30-Jul-2021 15:13:32,40.7692205816248,590.4,72,14.4,07:14:20,3.6167,4.90067750677507,45.6698980883999,33.7043847892391,33.7043847892391,3,0,45
10542897,215,30/07/2021 00:00:00,30-Jul-2021 08:01:13,30-Jul-2021 15:15:33,40.7692205816248,590.4,72,14.4,07:14:20,3.6167,4.90067750677507,45.6698980883999,33.7043847892391,33.7043847892391,4,0,45
10542900,215,30/07/2021 00:00:00,30-Jul-2021 08:26:05,30-Jul-2021 15:40:25,40.7692205816248,590.4,72,14.4,07:14:20,3.6167,4.90067750677507,45.6698980883999,33.7043847892391,33.7043847892391,5,0,45
10542904,215,31/07/2021 00:00:00,31-Jul-2021 06:46:32,31-Jul-2021 14:00:53,40.7692205816248,590.4,72,14.4,07:14:21,3.6167,4.90067750677507,45.6698980883999,33.7043847892391,33.7043847892391,1,0,45
10542905,215,31/07/2021 00:00:00,31-Jul-2021 06:52:07,31-Jul-2021 14:06:27,40.7692205816248,590.4,72,14.4,07:14:20,3.6167,4.90067750677507,45.6698980883999,33.7043847892391,33.7043847892391,2,0,45
10542903,215,31/07/2021 00:00:00,31-Jul-2021 07:03:54,31-Jul-2021 14:18:13,40.7692205816248,590.4,72,14.4,07:14:20,3.6167,4.90067750677507,45.6698980883999,33.7043847892391,33.7043847892391,3,0,45
10542902,215,31/07/2021 00:00:00,31-Jul-2021 07:56:17,31-Jul-2021 15:10:37,40.7692205816248,590.4,72,14.4,07:14:20,3.6167,4.90067750677507,45.6698980883999,33.7043847892391,33.7043847892391,4,0,45
10542901,215,31/07/2021 00:00:00,31-Jul-2021 08:54:23,31-Jul-2021 16:08:44,40.7692205816248,590.4,72,14.4,07:14:21,3.6167,4.90067750677507,45.6698980883999,33.7043847892391,33.7043847892391,5,0,45
10542910,215,01/08/2021 00:00:00,01-Aug-2021 06:41:43,01-Aug-2021 13:56:03,40.7692205816248,590.4,72,14.4,07:14:20,3.6167,4.90067750677507,45.6698980883999,33.7043847892391,33.7043847892391,1,0,45
10542907,215,01/08/2021 00:00:00,01-Aug-2021 06:47:02,01-Aug-2021 14:01:22,40.7692205816248,590.4,72,14.4,07:14:20,3.6167,4.90067750677507,45.6698980883999,33.7043847892391,33.7043847892391,2,0,45
10542909,215,01/08/2021 00:00:00,01-Aug-2021 08:40:12,01-Aug-2021 15:54:32,40.7692205816248,590.4,72,14.4,07:14:20,3.6167,4.90067750677507,45.6698980883999,33.7043847892391,33.7043847892391,3,0,45
10542908,215,01/08/2021 00:00:00,01-Aug-2021 08:52:14,01-Aug-2021 16:06:35,40.7692205816248,590.4,72,14.4,07:14:20,3.6167,4.90067750677507,45.6698980883999,33.7043847892391,33.7043847892391,4,0,45
10542906,215,01/08/2021 00:00:00,01-Aug-2021 09:07:17,01-Aug-2021 16:21:36,40.7692205816248,590.4,72,14.4,07:14:20,3.6167,4.90067750677507,45.6698980883999,33.7043847892391,33.7043847892391,5,0,45
10542918,215,02/08/2021 00:00:00,02-Aug-2021 07:28:23,02-Aug-2021 14:42:42,40.7692205816248,590.4,72,14.4,07:14:20,3.6167,4.90067750677507,45.6698980883999,33.7043847892391,33.7043847892391,1,0,45
10542915,215,02/08/2021 00:00:00,02-Aug-2021 07:35:17,02-Aug-2021 14:49:37,40.7692205816248,590.4,72,14.4,07:14:20,3.6167,4.90067750677507,45.6698980883999,33.7043847892391,33.7043847892391,2,0,45
10542911,215,02/08/2021 00:00:00,02-Aug-2021 07:40:22,02-Aug-2021 14:54:41,40.7692205816248,590.4,72,14.4,07:14:20,3.6167,4.90067750677507,45.6698980883999,33.7043847892391,33.7043847892391,3,0,45
10542917,215,02/08/2021 00:00:00,02-Aug-2021 08:19:35,02-Aug-2021 15:33:54,40.7692205816248,590.4,72,14.4,07:14:20,3.6167,4.90067750677507,45.6698980883999,33.7043847892391,33.7043847892391,4,0,45
10542914,215,02/08/2021 00:00:00,02-Aug-2021 08:42:19,02-Aug-2021 15:56:38,40.7692205816248,590.4,72,14.4,07:14:20,3.6167,4.90067750677507,45.6698980883999,33.7043847892391,33.7043847892391,5,0,45
10542912,215,02/08/2021 00:00:00,02-Aug-2021 08:45:43,02-Aug-2021 16:00:03,40.7692205816248,590.4,72,14.4,07:14:20,3.6167,4.90067750677507,45.6698980883999,33.7043847892391,33.7043847892391,6,0,45
10542913,215,02/08/2021 00:00:00,02-Aug-2021 08:52:49,02-Aug-2021 16:07:08,40.7692205816248,590.4,72,14.4,07:14:20,3.6167,4.90067750677507,45.6698980883999,33.7043847892391,33.7043847892391,7,0,45
10542916,215,02/08/2021 00:00:00,02-Aug-2021 09:00:45,02-Aug-2021 16:15:04,40.7692205816248,590.4,72,14.4,07:14:20,3.6167,4.90067750677507,45.6698980883999,33.7043847892391,33.7043847892391,8,0,45
10542924,215,03/08/2021 00:00:00,03-Aug-2021 06:54:03,03-Aug-2021 14:08:24,40.7692205816248,590.4,72,14.4,07:14:20,3.6167,4.90067750677507,45.6698980883999,33.7043847892391,33.7043847892391,1,0,45
10542925,215,03/08/2021 00:00:00,03-Aug-2021 07:41:49,03-Aug-2021 14:56:09,40.7692205816248,590.4,72,14.4,07:14:20,3.6167,4.90067750677507,45.6698980883999,33.7043847892391,33.7043847892391,2,0,45
10542923,215,03/08/2021 00:00:00,03-Aug-2021 08:22:47,03-Aug-2021 15:37:07,40.7692205816248,590.4,72,14.4,07:14:21,3.6167,4.90067750677507,45.6698980883999,33.7043847892391,33.7043847892391,3,0,45
10542921,215,03/08/2021 00:00:00,03-Aug-2021 08:41:02,03-Aug-2021 15:55:22,40.7692205816248,590.4,72,14.4,07:14:20,3.6167,4.90067750677507,45.6698980883999,33.7043847892391,33.7043847892391,4,0,45
10542922,215,03/08/2021 00:00:00,03-Aug-2021 08:42:00,03-Aug-2021 15:56:20,40.7692205816248,590.4,72,14.4,07:14:20,3.6167,4.90067750677507,45.6698980883999,33.7043847892391,33.7043847892391,5,0,45
10542919,215,03/08/2021 00:00:00,03-Aug-2021 08:53:45,03-Aug-2021 16:08:05,40.7692205816248,590.4,72,14.4,07:14:20,3.6167,4.90067750677507,45.6698980883999,33.7043847892391,33.7043847892391,6,0,45
10542920,215,03/08/2021 00:00:00,03-Aug-2021 09:04:24,03-Aug-2021 16:18:44,40.7692205816248,590.4,72,14.4,07:14:20,3.6167,4.90067750677507,45.6698980883999,33.7043847892391,33.7043847892391,7,0,45
10542927,215,04/08/2021 00:00:00,04-Aug-2021 07:20:42,04-Aug-2021 14:35:02,40.7692205816248,590.4,72,14.4,07:14:20,3.6167,4.90067750677507,45.6698980883999,33.7043847892391,33.7043847892391,1,0,45
10542928,215,04/08/2021 00:00:00,04-Aug-2021 07:47:03,04-Aug-2021 15:01:23,40.7692205816248,590.4,72,14.4,07:14:21,3.6167,4.90067750677507,45.6698980883999,33.7043847892391,33.7043847892391,2,0,45
10542931,215,04/08/2021 00:00:00,04-Aug-2021 08:45:45,04-Aug-2021 16:00:05,40.7692205816248,590.4,72,14.4,07:14:21,3.6167,4.90067750677507,45.6698980883999,33.7043847892391,33.7043847892391,3,0,45
10542929,215,04/08/2021 00:00:00,04-Aug-2021 08:50:10,04-Aug-2021 16:04:30,40.7692205816248,590.4,72,14.4,07:14:20,3.6167,4.90067750677507,45.6698980883999,33.7043847892391,33.7043847892391,4,0,45
10542926,215,04/08/2021 00:00:00,04-Aug-2021 08:50:49,04-Aug-2021 16:05:09,40.7692205816248,590.4,72,14.4,07:14:20,3.6167,4.90067750677507,45.6698980883999,33.7043847892391,33.7043847892391,5,0,45
10542930,215,04/08/2021 00:00:00,04-Aug-2021 08:56:29,04-Aug-2021 16:10:50,40.7692205816248,590.4,72,14.4,07:14:21,3.6167,4.90067750677507,45.6698980883999,33.7043847892391,33.7043847892391,6,0,45
10542934,215,05/08/2021 00:00:00,05-Aug-2021 06:42:17,05-Aug-2021 13:56:38,40.7692205816248,590.4,72,14.4,07:14:20,3.6167,4.90067750677507,45.6698980883999,33.7043847892391,33.7043847892391,1,0,45
10542937,215,05/08/2021 00:00:00,05-Aug-2021 06:50:35,05-Aug-2021 14:04:56,40.7692205816248,590.4,72,14.4,07:14:20,3.6167,4.90067750677507,45.6698980883999,33.7043847892391,33.7043847892391,2,0,45
10542933,215,05/08/2021 00:00:00,05-Aug-2021 07:02:24,05-Aug-2021 14:16:44,40.7692205816248,590.4,72,14.4,07:14:20,3.6167,4.90067750677507,45.6698980883999,33.7043847892391,33.7043847892391,3,0,45
10542935,215,05/08/2021 00:00:00,05-Aug-2021 07:29:54,05-Aug-2021 14:44:15,40.7692205816248,590.4,72,14.4,07:14:20,3.6167,4.90067750677507,45.6698980883999,33.7043847892391,33.7043847892391,4,0,45
10542936,215,05/08/2021 00:00:00,05-Aug-2021 07:32:40,05-Aug-2021 14:47:00,40.7692205816248,590.4,72,14.4,07:14:20,3.6167,4.90067750677507,45.6698980883999,33.7043847892391,33.7043847892391,5,0,45
10542932,215,05/08/2021 00:00:00,05-Aug-2021 08:07:48,05-Aug-2021 15:22:08,40.7692205816248,590.4,72,14.4,07:14:20,3.6167,4.90067750677507,45.6698980883999,33.7043847892391,33.7043847892391,6,0,45
10542943,215,06/08/2021 00:00:00,06-Aug-2021 08:12:40,06-Aug-2021 15:25:54,41.0409473810924,590.4,72,14.4,07:13:13,3.6083,4.88929539295393,45.9302427740463,33.8965191672462,33.8965191672462,1,0,45
10542941,215,06/08/2021 00:00:00,06-Aug-2021 08:13:55,06-Aug-2021 15:27:10,41.0409473810924,590.4,72,14.4,07:13:14,3.6083,4.88929539295393,45.9302427740463,33.8965191672462,33.8965191672462,2,0,45
10542938,215,06/08/2021 00:00:00,06-Aug-2021 08:14:21,06-Aug-2021 15:27:34,41.0409473810924,590.4,72,14.4,07:13:13,3.6083,4.88929539295393,45.9302427740463,33.8965191672462,33.8965191672462,3,0,45
10542940,215,06/08/2021 00:00:00,06-Aug-2021 08:20:25,06-Aug-2021 15:33:38,41.0409473810924,590.4,72,14.4,07:13:13,3.6083,4.88929539295393,45.9302427740463,33.8965191672462,33.8965191672462,4,0,45
10542939,215,06/08/2021 00:00:00,06-Aug-2021 08:52:29,06-Aug-2021 16:05:43,41.0409473810924,590.4,72,14.4,07:13:13,3.6083,4.88929539295393,45.9302427740463,33.8965191672462,33.8965191672462,5,0,45
10542944,215,06/08/2021 00:00:00,06-Aug-2021 09:05:39,06-Aug-2021 16:18:53,41.0409473810924,590.4,72,14.4,07:13:14,3.6083,4.88929539295393,45.9302427740463,33.8965191672462,33.8965191672462,6,0,45
10542942,215,06/08/2021 00:00:00,06-Aug-2021 09:14:50,06-Aug-2021 16:28:02,41.0409473810924,590.4,72,14.4,07:13:13,3.6083,4.88929539295393,45.9302427740463,33.8965191672462,33.8965191672462,7,0,45
10542949,215,07/08/2021 00:00:00,07-Aug-2021 06:50:26,07-Aug-2021 14:03:38,41.0409473810924,590.4,72,14.4,07:13:13,3.6083,4.88929539295393,45.9302427740463,33.8965191672462,33.8965191672462,1,0,45
10542950,215,07/08/2021 00:00:00,07-Aug-2021 07:37:24,07-Aug-2021 14:50:37,41.0409473810924,590.4,72,14.4,07:13:13,3.6083,4.88929539295393,45.9302427740463,33.8965191672462,33.8965191672462,2,0,45
10542945,215,07/08/2021 00:00:00,07-Aug-2021 07:44:26,07-Aug-2021 14:57:39,41.0409473810924,590.4,72,14.4,07:13:14,3.6083,4.88929539295393,45.9302427740463,33.8965191672462,33.8965191672462,3,0,45
10542946,215,07/08/2021 00:00:00,07-Aug-2021 08:01:44,07-Aug-2021 15:14:57,41.0409473810924,590.4,72,14.4,07:13:13,3.6083,4.88929539295393,45.9302427740463,33.8965191672462,33.8965191672462,4,0,45
10542948,215,07/08/2021 00:00:00,07-Aug-2021 08:25:10,07-Aug-2021 15:38:24,41.0409473810924,590.4,72,14.4,07:13:13,3.6083,4.88929539295393,45.9302427740463,33.8965191672462,33.8965191672462,5,0,45
10542947,215,07/08/2021 00:00:00,07-Aug-2021 08:54:12,07-Aug-2021 16:07:26,41.0409473810924,590.4,72,14.4,07:13:13,3.6083,4.88929539295393,45.9302427740463,33.8965191672462,33.8965191672462,6,0,45
10542954,215,08/08/2021 00:00:00,08-Aug-2021 06:42:03,08-Aug-2021 13:55:18,41.0409473810924,590.4,72,14.4,07:13:14,3.6083,4.88929539295393,45.9302427740463,33.8965191672462,33.8965191672462,1,0,45
10542952,215,08/08/2021 00:00:00,08-Aug-2021 06:58:24,08-Aug-2021 14:11:37,41.0409473810924,590.4,72,14.4,07:13:13,3.6083,4.88929539295393,45.9302427740463,33.8965191672462,33.8965191672462,2,0,45
10542956,215,08/08/2021 00:00:00,08-Aug-2021 06:58:58,08-Aug-2021 14:12:10,41.0409473810924,590.4,72,14.4,07:13:13,3.6083,4.88929539295393,45.9302427740463,33.8965191672462,33.8965191672462,3,0,45
10542953,215,08/08/2021 00:00:00,08-Aug-2021 07:22:05,08-Aug-2021 14:35:17,41.0409473810924,590.4,72,14.4,07:13:13,3.6083,4.88929539295393,45.9302427740463,33.8965191672462,33.8965191672462,4,0,45
10542951,215,08/08/2021 00:00:00,08-Aug-2021 07:31:44,08-Aug-2021 14:44:56,41.0409473810924,590.4,72,14.4,07:13:13,3.6083,4.88929539295393,45.9302427740463,33.8965191672462,33.8965191672462,5,0,45
10542955,215,08/08/2021 00:00:00,08-Aug-2021 07:58:38,08-Aug-2021 15:11:52,41.0409473810924,590.4,72,14.4,07:13:14,3.6083,4.88929539295393,45.9302427740463,33.8965191672462,33.8965191672462,6,0,45
10542957,215,08/08/2021 00:00:00,08-Aug-2021 08:03:24,08-Aug-2021 15:16:38,41.0409473810924,590.4,72,14.4,07:13:13,3.6083,4.88929539295393,45.9302427740463,33.8965191672462,33.8965191672462,7,0,45
10542966,215,09/08/2021 00:00:00,09-Aug-2021 06:40:51,09-Aug-2021 13:54:04,41.0409473810924,590.4,72,14.4,07:13:13,3.6083,4.88929539295393,45.9302427740463,33.8965191672462,33.8965191672462,1,0,45
10542961,215,09/08/2021 00:00:00,09-Aug-2021 06:57:30,09-Aug-2021 14:10:42,41.0409473810924,590.4,72,14.4,07:13:13,3.6083,4.88929539295393,45.9302427740463,33.8965191672462,33.8965191672462,2,0,45
10542958,215,09/08/2021 00:00:00,09-Aug-2021 07:16:32,09-Aug-2021 14:29:44,41.0409473810924,590.4,72,14.4,07:13:13,3.6083,4.88929539295393,45.9302427740463,33.8965191672462,33.8965191672462,3,0,45
10542962,215,09/08/2021 00:00:00,09-Aug-2021 07:19:46,09-Aug-2021 14:33:00,41.0409473810924,590.4,72,14.4,07:13:13,3.6083,4.88929539295393,45.9302427740463,33.8965191672462,33.8965191672462,4,0,45
10542960,215,09/08/2021 00:00:00,09-Aug-2021 07:37:26,09-Aug-2021 14:50:40,41.0409473810924,590.4,72,14.4,07:13:13,3.6083,4.88929539295393,45.9302427740463,33.8965191672462,33.8965191672462,5,0,45
10542963,215,09/08/2021 00:00:00,09-Aug-2021 07:53:44,09-Aug-2021 15:06:56,41.0409473810924,590.4,72,14.4,07:13:13,3.6083,4.88929539295393,45.9302427740463,33.8965191672462,33.8965191672462,6,0,45
10542959,215,09/08/2021 00:00:00,09-Aug-2021 07:58:20,09-Aug-2021 15:11:34,41.0409473810924,590.4,72,14.4,07:13:13,3.6083,4.88929539295393,45.9302427740463,33.8965191672462,33.8965191672462,7,0,45
10542965,215,09/08/2021 00:00:00,09-Aug-2021 07:59:41,09-Aug-2021 15:12:53,41.0409473810924,590.4,72,14.4,07:13:13,3.6083,4.88929539295393,45.9302427740463,33.8965191672462,33.8965191672462,8,0,45
10542964,215,09/08/2021 00:00:00,09-Aug-2021 08:11:37,09-Aug-2021 15:24:50,41.0409473810924,590.4,72,14.4,07:13:13,3.6083,4.88929539295393,45.9302427740463,33.8965191672462,33.8965191672462,9,0,45
10542967,215,09/08/2021 00:00:00,09-Aug-2021 16:25:14,09-Aug-2021 23:38:27,41.0409473810924,590.4,72,14.4,07:13:13,3.6083,4.88929539295393,45.9302427740463,33.8965191672462,33.8965191672462,1,0,45
10542968,215,10/08/2021 00:00:00,10-Aug-2021 06:34:50,10-Aug-2021 13:48:03,41.0409473810924,590.4,72,14.4,07:13:14,3.6083,4.88929539295393,45.9302427740463,33.8965191672462,33.8965191672462,1,0,45
10542975,215,10/08/2021 00:00:00,10-Aug-2021 06:39:10,10-Aug-2021 13:52:23,41.0409473810924,590.4,72,14.4,07:13:13,3.6083,4.88929539295393,45.9302427740463,33.8965191672462,33.8965191672462,2,0,45
10542971,215,10/08/2021 00:00:00,10-Aug-2021 06:50:48,10-Aug-2021 14:04:00,41.0409473810924,590.4,72,14.4,07:13:13,3.6083,4.88929539295393,45.9302427740463,33.8965191672462,33.8965191672462,3,0,45
10542969,215,10/08/2021 00:00:00,10-Aug-2021 07:05:43,10-Aug-2021 14:18:56,41.0409473810924,590.4,72,14.4,07:13:13,3.6083,4.88929539295393,45.9302427740463,33.8965191672462,33.8965191672462,4,0,45
10542972,215,10/08/2021 00:00:00,10-Aug-2021 07:15:25,10-Aug-2021 14:28:39,41.0409473810924,590.4,72,14.4,07:13:13,3.6083,4.88929539295393,45.9302427740463,33.8965191672462,33.8965191672462,5,0,45
10542970,215,10/08/2021 00:00:00,10-Aug-2021 07:19:37,10-Aug-2021 14:32:51,41.0409473810924,590.4,72,14.4,07:13:13,3.6083,4.88929539295393,45.9302427740463,33.8965191672462,33.8965191672462,6,0,45
10542976,215,10/08/2021 00:00:00,10-Aug-2021 07:19:42,10-Aug-2021 14:32:56,41.0409473810924,590.4,72,14.4,07:13:14,3.6083,4.88929539295393,45.9302427740463,33.8965191672462,33.8965191672462,7,0,45
10542974,215,10/08/2021 00:00:00,10-Aug-2021 07:24:52,10-Aug-2021 14:38:05,41.0409473810924,590.4,72,14.4,07:13:13,3.6083,4.88929539295393,45.9302427740463,33.8965191672462,33.8965191672462,8,0,45
10542973,215,10/08/2021 00:00:00,10-Aug-2021 07:43:25,10-Aug-2021 14:56:38,41.0409473810924,590.4,72,14.4,07:13:13,3.6083,4.88929539295393,45.9302427740463,33.8965191672462,33.8965191672462,9,0,45
10542977,215,11/08/2021 00:00:00,11-Aug-2021 06:35:52,11-Aug-2021 13:49:06,41.0409473810924,590.4,72,14.4,07:13:13,3.6083,4.88929539295393,45.9302427740463,33.8965191672462,33.8965191672462,1,0,45
10542979,215,11/08/2021 00:00:00,11-Aug-2021 06:57:45,11-Aug-2021 14:11:00,41.0409473810924,590.4,72,14.4,07:13:14,3.6083,4.88929539295393,45.9302427740463,33.8965191672462,33.8965191672462,2,0,45
10542983,215,11/08/2021 00:00:00,11-Aug-2021 07:26:33,11-Aug-2021 14:39:47,41.0409473810924,590.4,72,14.4,07:13:13,3.6083,4.88929539295393,45.9302427740463,33.8965191672462,33.8965191672462,3,0,45
10542978,215,11/08/2021 00:00:00,11-Aug-2021 08:13:47,11-Aug-2021 15:27:01,41.0409473810924,590.4,72,14.4,07:13:13,3.6083,4.88929539295393,45.9302427740463,33.8965191672462,33.8965191672462,4,0,45
10542981,215,11/08/2021 00:00:00,11-Aug-2021 08:18:06,11-Aug-2021 15:31:21,41.0409473810924,590.4,72,14.4,07:13:14,3.6083,4.88929539295393,45.9302427740463,33.8965191672462,33.8965191672462,5,0,45
10542980,215,11/08/2021 00:00:00,11-Aug-2021 08:21:29,11-Aug-2021 15:34:42,41.0409473810924,590.4,72,14.4,07:13:13,3.6083,4.88929539295393,45.9302427740463,33.8965191672462,33.8965191672462,6,0,45
10542982,215,11/08/2021 00:00:00,11-Aug-2021 08:57:42,11-Aug-2021 16:10:55,41.0409473810924,590.4,72,14.4,07:13:13,3.6083,4.88929539295393,45.9302427740463,33.8965191672462,33.8965191672462,7,0,45
10542984,215,11/08/2021 00:00:00,11-Aug-2021 09:10:16,11-Aug-2021 16:23:30,41.0409473810924,590.4,72,14.4,07:13:13,3.6083,4.88929539295393,45.9302427740463,33.8965191672462,33.8965191672462,8,0,45
10542985,215,12/08/2021 00:00:00,12-Aug-2021 06:49:50,12-Aug-2021 14:03:02,41.0409473810924,590.4,72,14.4,07:13:13,3.6083,4.88929539295393,45.9302427740463,33.8965191672462,33.8965191672462,1,0,45
10542987,215,12/08/2021 00:00:00,12-Aug-2021 06:59:29,12-Aug-2021 14:12:43,41.0409473810924,590.4,72,14.4,07:13:13,3.6083,4.88929539295393,45.9302427740463,33.8965191672462,33.8965191672462,2,0,45
10542992,215,12/08/2021 00:00:00,12-Aug-2021 08:14:56,12-Aug-2021 15:28:09,41.0409473810924,590.4,72,14.4,07:13:13,3.6083,4.88929539295393,45.9302427740463,33.8965191672462,33.8965191672462,3,0,45
10542990,215,12/08/2021 00:00:00,12-Aug-2021 08:41:46,12-Aug-2021 15:54:59,41.0409473810924,590.4,72,14.4,07:13:13,3.6083,4.88929539295393,45.9302427740463,33.8965191672462,33.8965191672462,4,0,45
10542986,215,12/08/2021 00:00:00,12-Aug-2021 08:54:52,12-Aug-2021 16:08:05,41.0409473810924,590.4,72,14.4,07:13:13,3.6083,4.88929539295393,45.9302427740463,33.8965191672462,33.8965191672462,5,0,45
10542991,215,12/08/2021 00:00:00,12-Aug-2021 08:55:45,12-Aug-2021 16:08:58,41.0409473810924,590.4,72,14.4,07:13:13,3.6083,4.88929539295393,45.9302427740463,33.8965191672462,33.8965191672462,6,0,45
10542989,215,12/08/2021 00:00:00,12-Aug-2021 09:19:07,12-Aug-2021 16:32:20,41.0409473810924,590.4,72,14.4,07:13:13,3.6083,4.88929539295393,45.9302427740463,33.8965191672462,33.8965191672462,7,0,45
10542988,215,12/08/2021 00:00:00,12-Aug-2021 09:29:51,12-Aug-2021 16:43:04,41.0409473810924,590.4,72,14.4,07:13:13,3.6083,4.88929539295393,45.9302427740463,33.8965191672462,33.8965191672462,8,0,45
10542993,215,13/08/2021 00:00:00,13-Aug-2021 06:55:41,13-Aug-2021 13:41:26,40.3775273588514,590.4,72,14.4,06:45:45,3.375,4.57317073170732,44.9506980905587,33.1736151908323,33.1736151908323,1,0,45
10542997,215,13/08/2021 00:00:00,13-Aug-2021 07:16:07,13-Aug-2021 14:01:52,40.3775273588514,590.4,72,14.4,06:45:45,3.375,4.57317073170732,44.9506980905587,33.1736151908323,33.1736151908323,2,0,45
10542998,215,13/08/2021 00:00:00,13-Aug-2021 08:08:09,13-Aug-2021 14:53:54,40.3775273588514,590.4,72,14.4,06:45:45,3.375,4.57317073170732,44.9506980905587,33.1736151908323,33.1736151908323,3,0,45
10542994,215,13/08/2021 00:00:00,13-Aug-2021 08:19:51,13-Aug-2021 15:05:37,40.3775273588514,590.4,72,14.4,06:45:45,3.375,4.57317073170732,44.9506980905587,33.1736151908323,33.1736151908323,4,0,45
10542999,215,13/08/2021 00:00:00,13-Aug-2021 08:26:15,13-Aug-2021 15:12:00,40.3775273588514,590.4,72,14.4,06:45:45,3.375,4.57317073170732,44.9506980905587,33.1736151908323,33.1736151908323,5,0,45
10542995,215,13/08/2021 00:00:00,13-Aug-2021 08:53:53,13-Aug-2021 15:39:39,40.3775273588514,590.4,72,14.4,06:45:46,3.375,4.57317073170732,44.9506980905587,33.1736151908323,33.1736151908323,6,0,45
10542996,215,13/08/2021 00:00:00,13-Aug-2021 09:22:05,13-Aug-2021 16:07:50,40.3775273588514,590.4,72,14.4,06:45:45,3.375,4.57317073170732,44.9506980905587,33.1736151908323,33.1736151908323,7,0,45
10543001,215,14/08/2021 00:00:00,14-Aug-2021 07:24:27,14-Aug-2021 14:10:12,40.3775273588514,590.4,72,14.4,06:45:46,3.375,4.57317073170732,44.9506980905587,33.1736151908323,33.1736151908323,1,0,45
10543005,215,14/08/2021 00:00:00,14-Aug-2021 07:25:34,14-Aug-2021 14:11:19,40.3775273588514,590.4,72,14.4,06:45:45,3.375,4.57317073170732,44.9506980905587,33.1736151908323,33.1736151908323,2,0,45
10543002,215,14/08/2021 00:00:00,14-Aug-2021 08:15:45,14-Aug-2021 15:01:29,40.3775273588514,590.4,72,14.4,06:45:45,3.375,4.57317073170732,44.9506980905587,33.1736151908323,33.1736151908323,3,0,45
10543003,215,14/08/2021 00:00:00,14-Aug-2021 08:34:41,14-Aug-2021 15:20:27,40.3775273588514,590.4,72,14.4,06:45:45,3.375,4.57317073170732,44.9506980905587,33.1736151908323,33.1736151908323,4,0,45
10543000,215,14/08/2021 00:00:00,14-Aug-2021 08:36:25,14-Aug-2021 15:22:11,40.3775273588514,590.4,72,14.4,06:45:45,3.375,4.57317073170732,44.9506980905587,33.1736151908323,33.1736151908323,5,0,45
10543004,215,14/08/2021 00:00:00,14-Aug-2021 08:48:58,14-Aug-2021 15:34:43,40.3775273588514,590.4,72,14.4,06:45:45,3.375,4.57317073170732,44.9506980905587,33.1736151908323,33.1736151908323,6,0,45
10543011,215,15/08/2021 00:00:00,15-Aug-2021 06:56:31,15-Aug-2021 13:42:16,40.3775273588514,590.4,72,14.4,06:45:45,3.375,4.57317073170732,44.9506980905587,33.1736151908323,33.1736151908323,1,0,45
10543006,215,15/08/2021 00:00:00,15-Aug-2021 07:03:45,15-Aug-2021 13:49:30,40.3775273588514,590.4,72,14.4,06:45:45,3.375,4.57317073170732,44.9506980905587,33.1736151908323,33.1736151908323,2,0,45
10543009,215,15/08/2021 00:00:00,15-Aug-2021 07:43:39,15-Aug-2021 14:29:24,40.3775273588514,590.4,72,14.4,06:45:45,3.375,4.57317073170732,44.9506980905587,33.1736151908323,33.1736151908323,3,0,45
10543008,215,15/08/2021 00:00:00,15-Aug-2021 08:18:35,15-Aug-2021 15:04:20,40.3775273588514,590.4,72,14.4,06:45:45,3.375,4.57317073170732,44.9506980905587,33.1736151908323,33.1736151908323,4,0,45
10543010,215,15/08/2021 00:00:00,15-Aug-2021 08:18:49,15-Aug-2021 15:04:34,40.3775273588514,590.4,72,14.4,06:45:45,3.375,4.57317073170732,44.9506980905587,33.1736151908323,33.1736151908323,5,0,45
10543007,215,15/08/2021 00:00:00,15-Aug-2021 09:19:32,15-Aug-2021 16:05:17,40.3775273588514,590.4,72,14.4,06:45:45,3.375,4.57317073170732,44.9506980905587,33.1736151908323,33.1736151908323,6,0,45
10543012,215,15/08/2021 00:00:00,15-Aug-2021 09:20:47,15-Aug-2021 16:06:31,40.3775273588514,590.4,72,14.4,06:45:45,3.375,4.57317073170732,44.9506980905587,33.1736151908323,33.1736151908323,7,0,45
10543020,215,16/08/2021 00:00:00,16-Aug-2021 06:47:39,16-Aug-2021 13:33:24,40.3775273588514,590.4,72,14.4,06:45:45,3.375,4.57317073170732,44.9506980905587,33.1736151908323,33.1736151908323,1,0,45
10543021,215,16/08/2021 00:00:00,16-Aug-2021 06:53:52,16-Aug-2021 13:39:38,40.3775273588514,590.4,72,14.4,06:45:46,3.375,4.57317073170732,44.9506980905587,33.1736151908323,33.1736151908323,2,0,45
10543017,215,16/08/2021 00:00:00,16-Aug-2021 07:15:24,16-Aug-2021 14:01:09,40.3775273588514,590.4,72,14.4,06:45:45,3.375,4.57317073170732,44.9506980905587,33.1736151908323,33.1736151908323,3,0,45
10543013,215,16/08/2021 00:00:00,16-Aug-2021 07:33:14,16-Aug-2021 14:18:59,40.3775273588514,590.4,72,14.4,06:45:45,3.375,4.57317073170732,44.9506980905587,33.1736151908323,33.1736151908323,4,0,45
10543019,215,16/08/2021 00:00:00,16-Aug-2021 07:35:44,16-Aug-2021 14:21:29,40.3775273588514,590.4,72,14.4,06:45:45,3.375,4.57317073170732,44.9506980905587,33.1736151908323,33.1736151908323,5,0,45
10543016,215,16/08/2021 00:00:00,16-Aug-2021 07:35:56,16-Aug-2021 14:21:41,40.3775273588514,590.4,72,14.4,06:45:45,3.375,4.57317073170732,44.9506980905587,33.1736151908323,33.1736151908323,6,0,45
10543014,215,16/08/2021 00:00:00,16-Aug-2021 07:37:47,16-Aug-2021 14:23:32,40.3775273588514,590.4,72,14.4,06:45:45,3.375,4.57317073170732,44.9506980905587,33.1736151908323,33.1736151908323,7,0,45
10543015,215,16/08/2021 00:00:00,16-Aug-2021 07:37:59,16-Aug-2021 14:23:44,40.3775273588514,590.4,72,14.4,06:45:45,3.375,4.57317073170732,44.9506980905587,33.1736151908323,33.1736151908323,8,0,45
10543018,215,16/08/2021 00:00:00,16-Aug-2021 08:17:34,16-Aug-2021 15:03:19,40.3775273588514,590.4,72,14.4,06:45:45,3.375,4.57317073170732,44.9506980905587,33.1736151908323,33.1736151908323,9,0,45
10543022,215,16/08/2021 00:00:00,16-Aug-2021 15:36:31,16-Aug-2021 22:22:16,40.3775273588514,590.4,72,14.4,06:45:45,3.375,4.57317073170732,44.9506980905587,33.1736151908323,33.1736151908323,1,0,45
10543024,215,17/08/2021 00:00:00,17-Aug-2021 06:33:44,17-Aug-2021 13:19:29,40.3775273588514,590.4,72,14.4,06:45:45,3.375,4.57317073170732,44.9506980905587,33.1736151908323,33.1736151908323,1,0,45
10543030,215,17/08/2021 00:00:00,17-Aug-2021 06:36:18,17-Aug-2021 13:22:03,40.3775273588514,590.4,72,14.4,06:45:45,3.375,4.57317073170732,44.9506980905587,33.1736151908323,33.1736151908323,2,0,45
10543026,215,17/08/2021 00:00:00,17-Aug-2021 07:12:50,17-Aug-2021 13:58:35,40.3775273588514,590.4,72,14.4,06:45:45,3.375,4.57317073170732,44.9506980905587,33.1736151908323,33.1736151908323,3,0,45
10543031,215,17/08/2021 00:00:00,17-Aug-2021 07:18:07,17-Aug-2021 14:03:52,40.3775273588514,590.4,72,14.4,06:45:45,3.375,4.57317073170732,44.9506980905587,33.1736151908323,33.1736151908323,4,0,45
10543027,215,17/08/2021 00:00:00,17-Aug-2021 07:45:23,17-Aug-2021 14:31:08,40.3775273588514,590.4,72,14.4,06:45:45,3.375,4.57317073170732,44.9506980905587,33.1736151908323,33.1736151908323,5,0,45
10543028,215,17/08/2021 00:00:00,17-Aug-2021 08:02:46,17-Aug-2021 14:48:31,40.3775273588514,590.4,72,14.4,06:45:45,3.375,4.57317073170732,44.9506980905587,33.1736151908323,33.1736151908323,6,0,45
10543025,215,17/08/2021 00:00:00,17-Aug-2021 08:13:46,17-Aug-2021 14:59:31,40.3775273588514,590.4,72,14.4,06:45:45,3.375,4.57317073170732,44.9506980905587,33.1736151908323,33.1736151908323,7,0,45
10543029,215,17/08/2021 00:00:00,17-Aug-2021 08:20:11,17-Aug-2021 15:05:56,40.3775273588514,590.4,72,14.4,06:45:45,3.375,4.57317073170732,44.9506980905587,33.1736151908323,33.1736151908323,8,0,45
10543023,215,17/08/2021 00:00:00,17-Aug-2021 08:26:11,17-Aug-2021 15:11:56,40.3775273588514,590.4,72,14.4,06:45:45,3.375,4.57317073170732,44.9506980905587,33.1736151908323,33.1736151908323,9,0,45
10543039,215,18/08/2021 00:00:00,18-Aug-2021 06:37:04,18-Aug-2021 13:22:49,40.3775273588514,590.4,72,14.4,06:45:45,3.375,4.57317073170732,44.9506980905587,33.1736151908323,33.1736151908323,1,0,45
10543038,215,18/08/2021 00:00:00,18-Aug-2021 06:40:40,18-Aug-2021 13:26:25,40.3775273588514,590.4,72,14.4,06:45:45,3.375,4.57317073170732,44.9506980905587,33.1736151908323,33.1736151908323,2,0,45
10543034,215,18/08/2021 00:00:00,18-Aug-2021 07:37:39,18-Aug-2021 14:23:24,40.3775273588514,590.4,72,14.4,06:45:45,3.375,4.57317073170732,44.9506980905587,33.1736151908323,33.1736151908323,3,0,45
10543035,215,18/08/2021 00:00:00,18-Aug-2021 07:53:47,18-Aug-2021 14:39:32,40.3775273588514,590.4,72,14.4,06:45:45,3.375,4.57317073170732,44.9506980905587,33.1736151908323,33.1736151908323,4,0,45
10543037,215,18/08/2021 00:00:00,18-Aug-2021 08:06:37,18-Aug-2021 14:52:23,40.3775273588514,590.4,72,14.4,06:45:45,3.375,4.57317073170732,44.9506980905587,33.1736151908323,33.1736151908323,5,0,45
10543032,215,18/08/2021 00:00:00,18-Aug-2021 08:06:57,18-Aug-2021 14:52:42,40.3775273588514,590.4,72,14.4,06:45:45,3.375,4.57317073170732,44.9506980905587,33.1736151908323,33.1736151908323,6,0,45
10543033,215,18/08/2021 00:00:00,18-Aug-2021 08:31:43,18-Aug-2021 15:17:29,40.3775273588514,590.4,72,14.4,06:45:45,3.375,4.57317073170732,44.9506980905587,33.1736151908323,33.1736151908323,7,0,45
10543036,215,18/08/2021 00:00:00,18-Aug-2021 09:13:04,18-Aug-2021 15:58:49,40.3775273588514,590.4,72,14.4,06:45:45,3.375,4.57317073170732,44.9506980905587,33.1736151908323,33.1736151908323,8,0,45
10543044,215,19/08/2021 00:00:00,19-Aug-2021 06:49:06,19-Aug-2021 13:34:53,40.3775273588514,590.4,72,14.4,06:45:46,3.375,4.57317073170732,44.9506980905587,33.1736151908323,33.1736151908323,1,0,45
10543045,215,19/08/2021 00:00:00,19-Aug-2021 07:41:04,19-Aug-2021 14:26:49,40.3775273588514,590.4,72,14.4,06:45:45,3.375,4.57317073170732,44.9506980905587,33.1736151908323,33.1736151908323,2,0,45
10543047,215,19/08/2021 00:00:00,19-Aug-2021 07:43:57,19-Aug-2021 14:29:42,40.3775273588514,590.4,72,14.4,06:45:45,3.375,4.57317073170732,44.9506980905587,33.1736151908323,33.1736151908323,3,0,45
10543042,215,19/08/2021 00:00:00,19-Aug-2021 07:59:52,19-Aug-2021 14:45:37,40.3775273588514,590.4,72,14.4,06:45:45,3.375,4.57317073170732,44.9506980905587,33.1736151908323,33.1736151908323,4,0,45
10543043,215,19/08/2021 00:00:00,19-Aug-2021 08:18:47,19-Aug-2021 15:04:32,40.3775273588514,590.4,72,14.4,06:45:45,3.375,4.57317073170732,44.9506980905587,33.1736151908323,33.1736151908323,5,0,45
10543041,215,19/08/2021 00:00:00,19-Aug-2021 08:19:57,19-Aug-2021 15:05:42,40.3775273588514,590.4,72,14.4,06:45:45,3.375,4.57317073170732,44.9506980905587,33.1736151908323,33.1736151908323,6,0,45
10543046,215,19/08/2021 00:00:00,19-Aug-2021 08:22:03,19-Aug-2021 15:07:48,40.3775273588514,590.4,72,14.4,06:45:45,3.375,4.57317073170732,44.9506980905587,33.1736151908323,33.1736151908323,7,0,45
10543040,215,19/08/2021 00:00:00,19-Aug-2021 08:46:22,19-Aug-2021 15:32:07,40.3775273588514,590.4,72,14.4,06:45:45,3.375,4.57317073170732,44.9506980905587,33.1736151908323,33.1736151908323,8,0,45
10543049,215,20/08/2021 00:00:00,20-Aug-2021 06:38:16,20-Aug-2021 13:44:12,42.9657000993172,590.4,72,14.4,07:05:56,3.5417,4.79905149051491,47.7647515898321,35.2503866732961,35.2503866732961,1,0,45
10543051,215,20/08/2021 00:00:00,20-Aug-2021 07:52:34,20-Aug-2021 14:58:31,42.9657000993172,590.4,72,14.4,07:05:57,3.5417,4.79905149051491,47.7647515898321,35.2503866732961,35.2503866732961,2,0,45
10543052,215,20/08/2021 00:00:00,20-Aug-2021 08:13:51,20-Aug-2021 15:19:47,42.9657000993172,590.4,72,14.4,07:05:56,3.5417,4.79905149051491,47.7647515898321,35.2503866732961,35.2503866732961,3,0,45
10543048,215,20/08/2021 00:00:00,20-Aug-2021 08:19:12,20-Aug-2021 15:25:07,42.9657000993172,590.4,72,14.4,07:05:56,3.5417,4.79905149051491,47.7647515898321,35.2503866732961,35.2503866732961,4,0,45
10543053,215,20/08/2021 00:00:00,20-Aug-2021 08:21:29,20-Aug-2021 15:27:25,42.9657000993172,590.4,72,14.4,07:05:56,3.5417,4.79905149051491,47.7647515898321,35.2503866732961,35.2503866732961,5,0,45
10543054,215,20/08/2021 00:00:00,20-Aug-2021 08:24:07,20-Aug-2021 15:30:03,42.9657000993172,590.4,72,14.4,07:05:56,3.5417,4.79905149051491,47.7647515898321,35.2503866732961,35.2503866732961,6,0,45
10543050,215,20/08/2021 00:00:00,20-Aug-2021 09:13:48,20-Aug-2021 16:19:44,42.9657000993172,590.4,72,14.4,07:05:56,3.5417,4.79905149051491,47.7647515898321,35.2503866732961,35.2503866732961,7,0,45
10543055,215,21/08/2021 00:00:00,21-Aug-2021 06:58:22,21-Aug-2021 14:04:19,42.9657000993172,590.4,72,14.4,07:05:56,3.5417,4.79905149051491,47.7647515898321,35.2503866732961,35.2503866732961,1,0,45
10543056,215,21/08/2021 00:00:00,21-Aug-2021 07:31:55,21-Aug-2021 14:37:51,42.9657000993172,590.4,72,14.4,07:05:56,3.5417,4.79905149051491,47.7647515898321,35.2503866732961,35.2503866732961,2,0,45
10543057,215,21/08/2021 00:00:00,21-Aug-2021 07:32:18,21-Aug-2021 14:38:14,42.9657000993172,590.4,72,14.4,07:05:56,3.5417,4.79905149051491,47.7647515898321,35.2503866732961,35.2503866732961,3,0,45
10543059,215,21/08/2021 00:00:00,21-Aug-2021 08:46:14,21-Aug-2021 15:52:10,42.9657000993172,590.4,72,14.4,07:05:56,3.5417,4.79905149051491,47.7647515898321,35.2503866732961,35.2503866732961,4,0,45
10543060,215,21/08/2021 00:00:00,21-Aug-2021 08:47:17,21-Aug-2021 15:53:14,42.9657000993172,590.4,72,14.4,07:05:56,3.5417,4.79905149051491,47.7647515898321,35.2503866732961,35.2503866732961,5,0,45
10543058,215,21/08/2021 00:00:00,21-Aug-2021 09:22:08,21-Aug-2021 16:28:05,42.9657000993172,590.4,72,14.4,07:05:56,3.5417,4.79905149051491,47.7647515898321,35.2503866732961,35.2503866732961,6,0,45
10543062,215,22/08/2021 00:00:00,22-Aug-2021 06:39:07,22-Aug-2021 13:45:03,42.9657000993172,590.4,72,14.4,07:05:56,3.5417,4.79905149051491,47.7647515898321,35.2503866732961,35.2503866732961,1,0,45
10543064,215,22/08/2021 00:00:00,22-Aug-2021 07:13:10,22-Aug-2021 14:19:05,42.9657000993172,590.4,72,14.4,07:05:56,3.5417,4.79905149051491,47.7647515898321,35.2503866732961,35.2503866732961,2,0,45
10543061,215,22/08/2021 00:00:00,22-Aug-2021 07:14:46,22-Aug-2021 14:20:42,42.9657000993172,590.4,72,14.4,07:05:56,3.5417,4.79905149051491,47.7647515898321,35.2503866732961,35.2503866732961,3,0,45
10543066,215,22/08/2021 00:00:00,22-Aug-2021 07:21:56,22-Aug-2021 14:27:52,42.9657000993172,590.4,72,14.4,07:05:56,3.5417,4.79905149051491,47.7647515898321,35.2503866732961,35.2503866732961,4,0,45
10543067,215,22/08/2021 00:00:00,22-Aug-2021 08:08:30,22-Aug-2021 15:14:26,42.9657000993172,590.4,72,14.4,07:05:56,3.5417,4.79905149051491,47.7647515898321,35.2503866732961,35.2503866732961,5,0,45
10543065,215,22/08/2021 00:00:00,22-Aug-2021 08:19:13,22-Aug-2021 15:25:09,42.9657000993172,590.4,72,14.4,07:05:56,3.5417,4.79905149051491,47.7647515898321,35.2503866732961,35.2503866732961,6,0,45
10543063,215,22/08/2021 00:00:00,22-Aug-2021 08:39:07,22-Aug-2021 15:45:03,42.9657000993172,590.4,72,14.4,07:05:56,3.5417,4.79905149051491,47.7647515898321,35.2503866732961,35.2503866732961,7,0,45
10543075,215,23/08/2021 00:00:00,23-Aug-2021 06:43:30,23-Aug-2021 13:49:25,42.9657000993172,590.4,72,14.4,07:05:56,3.5417,4.79905149051491,47.7647515898321,35.2503866732961,35.2503866732961,1,0,45
10543076,215,23/08/2021 00:00:00,23-Aug-2021 07:15:15,23-Aug-2021 14:21:11,42.9657000993172,590.4,72,14.4,07:05:56,3.5417,4.79905149051491,47.7647515898321,35.2503866732961,35.2503866732961,2,0,45
10543070,215,23/08/2021 00:00:00,23-Aug-2021 07:18:30,23-Aug-2021 14:24:27,42.9657000993172,590.4,72,14.4,07:05:57,3.5417,4.79905149051491,47.7647515898321,35.2503866732961,35.2503866732961,3,0,45
10543073,215,23/08/2021 00:00:00,23-Aug-2021 07:19:07,23-Aug-2021 14:25:02,42.9657000993172,590.4,72,14.4,07:05:56,3.5417,4.79905149051491,47.7647515898321,35.2503866732961,35.2503866732961,4,0,45
10543074,215,23/08/2021 00:00:00,23-Aug-2021 07:27:43,23-Aug-2021 14:33:39,42.9657000993172,590.4,72,14.4,07:05:56,3.5417,4.79905149051491,47.7647515898321,35.2503866732961,35.2503866732961,5,0,45
10543068,215,23/08/2021 00:00:00,23-Aug-2021 07:29:05,23-Aug-2021 14:35:01,42.9657000993172,590.4,72,14.4,07:05:56,3.5417,4.79905149051491,47.7647515898321,35.2503866732961,35.2503866732961,6,0,45
10543071,215,23/08/2021 00:00:00,23-Aug-2021 08:06:50,23-Aug-2021 15:12:45,42.9657000993172,590.4,72,14.4,07:05:56,3.5417,4.79905149051491,47.7647515898321,35.2503866732961,35.2503866732961,7,0,45
10543072,215,23/08/2021 00:00:00,23-Aug-2021 08:16:17,23-Aug-2021 15:22:14,42.9657000993172,590.4,72,14.4,07:05:57,3.5417,4.79905149051491,47.7647515898321,35.2503866732961,35.2503866732961,8,0,45
10543069,215,23/08/2021 00:00:00,23-Aug-2021 08:29:58,23-Aug-2021 15:35:55,42.9657000993172,590.4,72,14.4,07:05:56,3.5417,4.79905149051491,47.7647515898321,35.2503866732961,35.2503866732961,9,0,45
10543079,215,24/08/2021 00:00:00,24-Aug-2021 06:37:19,24-Aug-2021 13:43:14,42.9657000993172,590.4,72,14.4,07:05:56,3.5417,4.79905149051491,47.7647515898321,35.2503866732961,35.2503866732961,1,0,45
10543077,215,24/08/2021 00:00:00,24-Aug-2021 06:40:02,24-Aug-2021 13:45:58,42.9657000993172,590.4,72,14.4,07:05:57,3.5417,4.79905149051491,47.7647515898321,35.2503866732961,35.2503866732961,2,0,45
10543084,215,24/08/2021 00:00:00,24-Aug-2021 07:02:18,24-Aug-2021 14:08:13,42.9657000993172,590.4,72,14.4,07:05:56,3.5417,4.79905149051491,47.7647515898321,35.2503866732961,35.2503866732961,3,0,45
10543080,215,24/08/2021 00:00:00,24-Aug-2021 07:14:27,24-Aug-2021 14:20:24,42.9657000993172,590.4,72,14.4,07:05:56,3.5417,4.79905149051491,47.7647515898321,35.2503866732961,35.2503866732961,4,0,45
10543081,215,24/08/2021 00:00:00,24-Aug-2021 07:31:19,24-Aug-2021 14:37:15,42.9657000993172,590.4,72,14.4,07:05:56,3.5417,4.79905149051491,47.7647515898321,35.2503866732961,35.2503866732961,5,0,45
10543085,215,24/08/2021 00:00:00,24-Aug-2021 07:42:04,24-Aug-2021 14:48:00,42.9657000993172,590.4,72,14.4,07:05:56,3.5417,4.79905149051491,47.7647515898321,35.2503866732961,35.2503866732961,6,0,45
10543078,215,24/08/2021 00:00:00,24-Aug-2021 08:06:44,24-Aug-2021 15:12:41,42.9657000993172,590.4,72,14.4,07:05:56,3.5417,4.79905149051491,47.7647515898321,35.2503866732961,35.2503866732961,7,0,45
10543083,215,24/08/2021 00:00:00,24-Aug-2021 08:17:03,24-Aug-2021 15:22:59,42.9657000993172,590.4,72,14.4,07:05:56,3.5417,4.79905149051491,47.7647515898321,35.2503866732961,35.2503866732961,8,0,45
10543082,215,24/08/2021 00:00:00,24-Aug-2021 08:23:23,24-Aug-2021 15:29:18,42.9657000993172,590.4,72,14.4,07:05:56,3.5417,4.79905149051491,47.7647515898321,35.2503866732961,35.2503866732961,9,0,45
10543087,215,25/08/2021 00:00:00,25-Aug-2021 07:12:26,25-Aug-2021 14:18:21,42.9657000993172,590.4,72,14.4,07:05:56,3.5417,4.79905149051491,47.7647515898321,35.2503866732961,35.2503866732961,1,0,45
10543089,215,25/08/2021 00:00:00,25-Aug-2021 07:13:05,25-Aug-2021 14:19:02,42.9657000993172,590.4,72,14.4,07:05:56,3.5417,4.79905149051491,47.7647515898321,35.2503866732961,35.2503866732961,2,0,45
10543088,215,25/08/2021 00:00:00,25-Aug-2021 07:16:52,25-Aug-2021 14:22:48,42.9657000993172,590.4,72,14.4,07:05:56,3.5417,4.79905149051491,47.7647515898321,35.2503866732961,35.2503866732961,3,0,45
10543091,215,25/08/2021 00:00:00,25-Aug-2021 08:29:40,25-Aug-2021 15:35:36,42.9657000993172,590.4,72,14.4,07:05:56,3.5417,4.79905149051491,47.7647515898321,35.2503866732961,35.2503866732961,4,0,45
10543086,215,25/08/2021 00:00:00,25-Aug-2021 08:53:41,25-Aug-2021 15:59:36,42.9657000993172,590.4,72,14.4,07:05:56,3.5417,4.79905149051491,47.7647515898321,35.2503866732961,35.2503866732961,5,0,45
10543090,215,25/08/2021 00:00:00,25-Aug-2021 09:17:41,25-Aug-2021 16:23:39,42.9657000993172,590.4,72,14.4,07:05:57,3.5417,4.79905149051491,47.7647515898321,35.2503866732961,35.2503866732961,6,0,45
10543092,215,25/08/2021 00:00:00,25-Aug-2021 09:23:25,25-Aug-2021 16:29:21,42.9657000993172,590.4,72,14.4,07:05:56,3.5417,4.79905149051491,47.7647515898321,35.2503866732961,35.2503866732961,7,0,45
10543094,215,26/08/2021 00:00:00,26-Aug-2021 06:40:11,26-Aug-2021 13:46:09,42.9657000993172,590.4,72,14.4,07:05:57,3.5417,4.79905149051491,47.7647515898321,35.2503866732961,35.2503866732961,1,0,45
10543093,215,26/08/2021 00:00:00,26-Aug-2021 07:17:43,26-Aug-2021 14:23:39,42.9657000993172,590.4,72,14.4,07:05:56,3.5417,4.79905149051491,47.7647515898321,35.2503866732961,35.2503866732961,2,0,45
10543099,215,26/08/2021 00:00:00,26-Aug-2021 08:07:27,26-Aug-2021 15:13:22,42.9657000993172,590.4,72,14.4,07:05:56,3.5417,4.79905149051491,47.7647515898321,35.2503866732961,35.2503866732961,3,0,45
10543100,215,26/08/2021 00:00:00,26-Aug-2021 08:16:35,26-Aug-2021 15:22:30,42.9657000993172,590.4,72,14.4,07:05:56,3.5417,4.79905149051491,47.7647515898321,35.2503866732961,35.2503866732961,4,0,45
10543095,215,26/08/2021 00:00:00,26-Aug-2021 08:18:22,26-Aug-2021 15:24:19,42.9657000993172,590.4,72,14.4,07:05:56,3.5417,4.79905149051491,47.7647515898321,35.2503866732961,35.2503866732961,5,0,45
10543098,215,26/08/2021 00:00:00,26-Aug-2021 08:26:01,26-Aug-2021 15:31:58,42.9657000993172,590.4,72,14.4,07:05:56,3.5417,4.79905149051491,47.7647515898321,35.2503866732961,35.2503866732961,6,0,45
10543096,215,26/08/2021 00:00:00,26-Aug-2021 08:40:54,26-Aug-2021 15:46:50,42.9657000993172,590.4,72,14.4,07:05:56,3.5417,4.79905149051491,47.7647515898321,35.2503866732961,35.2503866732961,7,0,45
10543097,215,26/08/2021 00:00:00,26-Aug-2021 09:07:28,26-Aug-2021 16:13:24,42.9657000993172,590.4,72,14.4,07:05:56,3.5417,4.79905149051491,47.7647515898321,35.2503866732961,35.2503866732961,8,0,45
10543107,215,27/08/2021 00:00:00,27-Aug-2021 06:34:43,27-Aug-2021 13:33:46,41.8008367202754,590.4,72,14.4,06:59:03,3.4917,4.73130081300813,46.5321375332835,34.3407174995632,34.3407174995632,1,0,45
10543104,215,27/08/2021 00:00:00,27-Aug-2021 06:39:54,27-Aug-2021 13:38:57,41.8008367202754,590.4,72,14.4,06:59:03,3.4917,4.73130081300813,46.5321375332835,34.3407174995632,34.3407174995632,2,0,45
10543102,215,27/08/2021 00:00:00,27-Aug-2021 07:16:17,27-Aug-2021 14:15:21,41.8008367202754,590.4,72,14.4,06:59:03,3.4917,4.73130081300813,46.5321375332835,34.3407174995632,34.3407174995632,3,0,45
10543103,215,27/08/2021 00:00:00,27-Aug-2021 07:45:43,27-Aug-2021 14:44:47,41.8008367202754,590.4,72,14.4,06:59:03,3.4917,4.73130081300813,46.5321375332835,34.3407174995632,34.3407174995632,4,0,45
10543105,215,27/08/2021 00:00:00,27-Aug-2021 07:50:53,27-Aug-2021 14:49:56,41.8008367202754,590.4,72,14.4,06:59:03,3.4917,4.73130081300813,46.5321375332835,34.3407174995632,34.3407174995632,5,0,45
10543101,215,27/08/2021 00:00:00,27-Aug-2021 08:55:41,27-Aug-2021 15:54:45,41.8008367202754,590.4,72,14.4,06:59:03,3.4917,4.73130081300813,46.5321375332835,34.3407174995632,34.3407174995632,6,0,45
10543106,215,27/08/2021 00:00:00,27-Aug-2021 09:17:20,27-Aug-2021 16:16:24,41.8008367202754,590.4,72,14.4,06:59:03,3.4917,4.73130081300813,46.5321375332835,34.3407174995632,34.3407174995632,7,0,45
10543110,215,28/08/2021 00:00:00,28-Aug-2021 06:48:36,28-Aug-2021 13:47:39,41.8008367202754,590.4,72,14.4,06:59:02,3.4917,4.73130081300813,46.5321375332835,34.3407174995632,34.3407174995632,1,0,45
10543112,215,28/08/2021 00:00:00,28-Aug-2021 07:17:39,28-Aug-2021 14:16:43,41.8008367202754,590.4,72,14.4,06:59:03,3.4917,4.73130081300813,46.5321375332835,34.3407174995632,34.3407174995632,2,0,45
10543111,215,28/08/2021 00:00:00,28-Aug-2021 07:36:03,28-Aug-2021 14:35:05,41.8008367202754,590.4,72,14.4,06:59:02,3.4917,4.73130081300813,46.5321375332835,34.3407174995632,34.3407174995632,3,0,45
10543108,215,28/08/2021 00:00:00,28-Aug-2021 07:57:32,28-Aug-2021 14:56:34,41.8008367202754,590.4,72,14.4,06:59:03,3.4917,4.73130081300813,46.5321375332835,34.3407174995632,34.3407174995632,4,0,45
10543109,215,28/08/2021 00:00:00,28-Aug-2021 08:22:19,28-Aug-2021 15:21:23,41.8008367202754,590.4,72,14.4,06:59:03,3.4917,4.73130081300813,46.5321375332835,34.3407174995632,34.3407174995632,5,0,45
10543113,215,28/08/2021 00:00:00,28-Aug-2021 08:50:26,28-Aug-2021 15:49:28,41.8008367202754,590.4,72,14.4,06:59:03,3.4917,4.73130081300813,46.5321375332835,34.3407174995632,34.3407174995632,6,0,45
10543119,215,29/08/2021 00:00:00,29-Aug-2021 06:50:09,29-Aug-2021 13:49:11,41.8008367202754,590.4,72,14.4,06:59:03,3.4917,4.73130081300813,46.5321375332835,34.3407174995632,34.3407174995632,1,0,45
10543118,215,29/08/2021 00:00:00,29-Aug-2021 06:50:52,29-Aug-2021 13:49:54,41.8008367202754,590.4,72,14.4,06:59:02,3.4917,4.73130081300813,46.5321375332835,34.3407174995632,34.3407174995632,2,0,45
10543114,215,29/08/2021 00:00:00,29-Aug-2021 07:12:12,29-Aug-2021 14:11:15,41.8008367202754,590.4,72,14.4,06:59:03,3.4917,4.73130081300813,46.5321375332835,34.3407174995632,34.3407174995632,3,0,45
10543115,215,29/08/2021 00:00:00,29-Aug-2021 08:32:37,29-Aug-2021 15:31:39,41.8008367202754,590.4,72,14.4,06:59:03,3.4917,4.73130081300813,46.5321375332835,34.3407174995632,34.3407174995632,4,0,45
10543117,215,29/08/2021 00:00:00,29-Aug-2021 08:43:02,29-Aug-2021 15:42:05,41.8008367202754,590.4,72,14.4,06:59:03,3.4917,4.73130081300813,46.5321375332835,34.3407174995632,34.3407174995632,5,0,45
10543116,215,29/08/2021 00:00:00,29-Aug-2021 08:44:03,29-Aug-2021 15:43:06,41.8008367202754,590.4,72,14.4,06:59:03,3.4917,4.73130081300813,46.5321375332835,34.3407174995632,34.3407174995632,6,0,45
10543120,215,29/08/2021 00:00:00,29-Aug-2021 09:09:46,29-Aug-2021 16:08:49,41.8008367202754,590.4,72,14.4,06:59:03,3.4917,4.73130081300813,46.5321375332835,34.3407174995632,34.3407174995632,7,0,45
10543121,215,30/08/2021 00:00:00,30-Aug-2021 06:46:48,30-Aug-2021 13:45:50,41.8008367202754,590.4,72,14.4,06:59:03,3.4917,4.73130081300813,46.5321375332835,34.3407174995632,34.3407174995632,1,0,45
10543128,215,30/08/2021 00:00:00,30-Aug-2021 07:22:43,30-Aug-2021 14:21:46,41.8008367202754,590.4,72,14.4,06:59:03,3.4917,4.73130081300813,46.5321375332835,34.3407174995632,34.3407174995632,2,0,45
10543124,215,30/08/2021 00:00:00,30-Aug-2021 07:25:39,30-Aug-2021 14:24:40,41.8008367202754,590.4,72,14.4,06:59:02,3.4917,4.73130081300813,46.5321375332835,34.3407174995632,34.3407174995632,3,0,45
10543127,215,30/08/2021 00:00:00,30-Aug-2021 07:34:54,30-Aug-2021 14:33:56,41.8008367202754,590.4,72,14.4,06:59:03,3.4917,4.73130081300813,46.5321375332835,34.3407174995632,34.3407174995632,4,0,45
10543122,215,30/08/2021 00:00:00,30-Aug-2021 07:44:02,30-Aug-2021 14:43:04,41.8008367202754,590.4,72,14.4,06:59:03,3.4917,4.73130081300813,46.5321375332835,34.3407174995632,34.3407174995632,5,0,45
10543125,215,30/08/2021 00:00:00,30-Aug-2021 07:45:54,30-Aug-2021 14:44:56,41.8008367202754,590.4,72,14.4,06:59:03,3.4917,4.73130081300813,46.5321375332835,34.3407174995632,34.3407174995632,6,0,45
10543126,215,30/08/2021 00:00:00,30-Aug-2021 07:57:27,30-Aug-2021 14:56:31,41.8008367202754,590.4,72,14.4,06:59:03,3.4917,4.73130081300813,46.5321375332835,34.3407174995632,34.3407174995632,7,0,45
10543129,215,30/08/2021 00:00:00,30-Aug-2021 08:05:04,30-Aug-2021 15:04:05,41.8008367202754,590.4,72,14.4,06:59:02,3.4917,4.73130081300813,46.5321375332835,34.3407174995632,34.3407174995632,8,0,45
10543123,215,30/08/2021 00:00:00,30-Aug-2021 08:15:27,30-Aug-2021 15:14:29,41.8008367202754,590.4,72,14.4,06:59:03,3.4917,4.73130081300813,46.5321375332835,34.3407174995632,34.3407174995632,9,0,45
10543130,215,30/08/2021 00:00:00,30-Aug-2021 15:43:16,30-Aug-2021 22:42:19,41.8008367202754,590.4,72,14.4,06:59:03,3.4917,4.73130081300813,46.5321375332835,34.3407174995632,34.3407174995632,1,0,45
10543138,215,31/08/2021 00:00:00,31-Aug-2021 06:42:58,31-Aug-2021 13:42:00,41.8008367202754,590.4,72,14.4,06:59:02,3.4917,4.73130081300813,46.5321375332835,34.3407174995632,34.3407174995632,1,0,45
10543139,215,31/08/2021 00:00:00,31-Aug-2021 06:54:46,31-Aug-2021 13:53:50,41.8008367202754,590.4,72,14.4,06:59:03,3.4917,4.73130081300813,46.5321375332835,34.3407174995632,34.3407174995632,2,0,45
10543136,215,31/08/2021 00:00:00,31-Aug-2021 07:08:49,31-Aug-2021 14:07:50,41.8008367202754,590.4,72,14.4,06:59:02,3.4917,4.73130081300813,46.5321375332835,34.3407174995632,34.3407174995632,3,0,45
10543132,215,31/08/2021 00:00:00,31-Aug-2021 07:14:29,31-Aug-2021 14:13:31,41.8008367202754,590.4,72,14.4,06:59:03,3.4917,4.73130081300813,46.5321375332835,34.3407174995632,34.3407174995632,4,0,45
10543134,215,31/08/2021 00:00:00,31-Aug-2021 07:18:33,31-Aug-2021 14:17:36,41.8008367202754,590.4,72,14.4,06:59:03,3.4917,4.73130081300813,46.5321375332835,34.3407174995632,34.3407174995632,5,0,45
10543133,215,31/08/2021 00:00:00,31-Aug-2021 07:19:16,31-Aug-2021 14:18:20,41.8008367202754,590.4,72,14.4,06:59:03,3.4917,4.73130081300813,46.5321375332835,34.3407174995632,34.3407174995632,6,0,45
10543131,215,31/08/2021 00:00:00,31-Aug-2021 07:28:58,31-Aug-2021 14:28:00,41.8008367202754,590.4,72,14.4,06:59:03,3.4917,4.73130081300813,46.5321375332835,34.3407174995632,34.3407174995632,7,0,45
10543137,215,31/08/2021 00:00:00,31-Aug-2021 07:47:44,31-Aug-2021 14:46:47,41.8008367202754,590.4,72,14.4,06:59:03,3.4917,4.73130081300813,46.5321375332835,34.3407174995632,34.3407174995632,8,0,45
10543135,215,31/08/2021 00:00:00,31-Aug-2021 08:26:03,31-Aug-2021 15:25:06,41.8008367202754,590.4,72,14.4,06:59:03,3.4917,4.73130081300813,46.5321375332835,34.3407174995632,34.3407174995632,9,0,45
10543143,215,01/09/2021 00:00:00,01-Sep-2021 06:30:54,01-Sep-2021 13:29:57,41.8008367202754,590.4,72,14.4,06:59:03,3.4917,4.73130081300813,46.5321375332835,34.3407174995632,34.3407174995632,1,0,45
10543145,215,01/09/2021 00:00:00,01-Sep-2021 06:31:23,01-Sep-2021 13:30:24,41.8008367202754,590.4,72,14.4,06:59:02,3.4917,4.73130081300813,46.5321375332835,34.3407174995632,34.3407174995632,2,0,45
10543146,215,01/09/2021 00:00:00,01-Sep-2021 07:54:37,01-Sep-2021 14:53:39,41.8008367202754,590.4,72,14.4,06:59:02,3.4917,4.73130081300813,46.5321375332835,34.3407174995632,34.3407174995632,3,0,45
10543144,215,01/09/2021 00:00:00,01-Sep-2021 08:10:42,01-Sep-2021 15:09:46,41.8008367202754,590.4,72,14.4,06:59:03,3.4917,4.73130081300813,46.5321375332835,34.3407174995632,34.3407174995632,4,0,45
10543141,215,01/09/2021 00:00:00,01-Sep-2021 08:15:38,01-Sep-2021 15:14:42,41.8008367202754,590.4,72,14.4,06:59:03,3.4917,4.73130081300813,46.5321375332835,34.3407174995632,34.3407174995632,5,0,45
10543142,215,01/09/2021 00:00:00,01-Sep-2021 09:00:21,01-Sep-2021 15:59:24,41.8008367202754,590.4,72,14.4,06:59:03,3.4917,4.73130081300813,46.5321375332835,34.3407174995632,34.3407174995632,6,0,45
10543140,215,01/09/2021 00:00:00,01-Sep-2021 09:08:28,01-Sep-2021 16:07:30,41.8008367202754,590.4,72,14.4,06:59:03,3.4917,4.73130081300813,46.5321375332835,34.3407174995632,34.3407174995632,7,0,45
10543154,215,02/09/2021 00:00:00,02-Sep-2021 06:38:01,02-Sep-2021 13:37:03,41.8008367202754,590.4,72,14.4,06:59:03,3.4917,4.73130081300813,46.5321375332835,34.3407174995632,34.3407174995632,1,0,45
10543147,215,02/09/2021 00:00:00,02-Sep-2021 06:38:34,02-Sep-2021 13:37:37,41.8008367202754,590.4,72,14.4,06:59:03,3.4917,4.73130081300813,46.5321375332835,34.3407174995632,34.3407174995632,2,0,45
10543149,215,02/09/2021 00:00:00,02-Sep-2021 07:06:59,02-Sep-2021 14:06:02,41.8008367202754,590.4,72,14.4,06:59:03,3.4917,4.73130081300813,46.5321375332835,34.3407174995632,34.3407174995632,3,0,45
10543151,215,02/09/2021 00:00:00,02-Sep-2021 07:15:43,02-Sep-2021 14:14:45,41.8008367202754,590.4,72,14.4,06:59:02,3.4917,4.73130081300813,46.5321375332835,34.3407174995632,34.3407174995632,4,0,45
10543152,215,02/09/2021 00:00:00,02-Sep-2021 07:28:07,02-Sep-2021 14:27:10,41.8008367202754,590.4,72,14.4,06:59:03,3.4917,4.73130081300813,46.5321375332835,34.3407174995632,34.3407174995632,5,0,45
10543150,215,02/09/2021 00:00:00,02-Sep-2021 07:44:39,02-Sep-2021 14:43:41,41.8008367202754,590.4,72,14.4,06:59:03,3.4917,4.73130081300813,46.5321375332835,34.3407174995632,34.3407174995632,6,0,45
10543148,215,02/09/2021 00:00:00,02-Sep-2021 08:03:08,02-Sep-2021 15:02:12,41.8008367202754,590.4,72,14.4,06:59:03,3.4917,4.73130081300813,46.5321375332835,34.3407174995632,34.3407174995632,7,0,45
10543153,215,02/09/2021 00:00:00,02-Sep-2021 09:01:41,02-Sep-2021 16:00:43,41.8008367202754,590.4,72,14.4,06:59:03,3.4917,4.73130081300813,46.5321375332835,34.3407174995632,34.3407174995632,8,0,45
10543157,215,03/09/2021 00:00:00,03-Sep-2021 07:05:37,03-Sep-2021 14:05:28,40.376367879898,590.4,72,14.4,06:59:51,3.4917,4.73130081300813,45.1076686929061,33.2894594953647,33.2894594953647,1,0,45
10543162,215,03/09/2021 00:00:00,03-Sep-2021 07:15:07,03-Sep-2021 14:14:57,40.376367879898,590.4,72,14.4,06:59:50,3.4917,4.73130081300813,45.1076686929061,33.2894594953647,33.2894594953647,2,0,45
10543160,215,03/09/2021 00:00:00,03-Sep-2021 07:16:59,03-Sep-2021 14:16:50,40.376367879898,590.4,72,14.4,06:59:51,3.4917,4.73130081300813,45.1076686929061,33.2894594953647,33.2894594953647,3,0,45
10543161,215,03/09/2021 00:00:00,03-Sep-2021 07:18:28,03-Sep-2021 14:18:18,40.376367879898,590.4,72,14.4,06:59:50,3.4917,4.73130081300813,45.1076686929061,33.2894594953647,33.2894594953647,4,0,45
10543155,215,03/09/2021 00:00:00,03-Sep-2021 08:08:16,03-Sep-2021 15:08:06,40.376367879898,590.4,72,14.4,06:59:50,3.4917,4.73130081300813,45.1076686929061,33.2894594953647,33.2894594953647,5,0,45
10543158,215,03/09/2021 00:00:00,03-Sep-2021 08:38:20,03-Sep-2021 15:38:11,40.376367879898,590.4,72,14.4,06:59:51,3.4917,4.73130081300813,45.1076686929061,33.2894594953647,33.2894594953647,6,0,45
10543159,215,03/09/2021 00:00:00,03-Sep-2021 09:17:26,03-Sep-2021 16:17:16,40.376367879898,590.4,72,14.4,06:59:50,3.4917,4.73130081300813,45.1076686929061,33.2894594953647,33.2894594953647,7,0,45
10543156,215,03/09/2021 00:00:00,03-Sep-2021 09:18:37,03-Sep-2021 16:18:28,40.376367879898,590.4,72,14.4,06:59:51,3.4917,4.73130081300813,45.1076686929061,33.2894594953647,33.2894594953647,8,0,45
10543166,215,04/09/2021 00:00:00,04-Sep-2021 06:51:00,04-Sep-2021 13:50:51,40.376367879898,590.4,72,14.4,06:59:51,3.4917,4.73130081300813,45.1076686929061,33.2894594953647,33.2894594953647,1,0,45
10543164,215,04/09/2021 00:00:00,04-Sep-2021 07:30:40,04-Sep-2021 14:30:31,40.376367879898,590.4,72,14.4,06:59:51,3.4917,4.73130081300813,45.1076686929061,33.2894594953647,33.2894594953647,2,0,45
10543168,215,04/09/2021 00:00:00,04-Sep-2021 07:47:41,04-Sep-2021 14:47:32,40.376367879898,590.4,72,14.4,06:59:51,3.4917,4.73130081300813,45.1076686929061,33.2894594953647,33.2894594953647,3,0,45
10543163,215,04/09/2021 00:00:00,04-Sep-2021 08:39:58,04-Sep-2021 15:39:48,40.376367879898,590.4,72,14.4,06:59:50,3.4917,4.73130081300813,45.1076686929061,33.2894594953647,33.2894594953647,4,0,45
10543165,215,04/09/2021 00:00:00,04-Sep-2021 08:42:02,04-Sep-2021 15:41:53,40.376367879898,590.4,72,14.4,06:59:51,3.4917,4.73130081300813,45.1076686929061,33.2894594953647,33.2894594953647,5,0,45
10543167,215,04/09/2021 00:00:00,04-Sep-2021 09:06:54,04-Sep-2021 16:06:45,40.376367879898,590.4,72,14.4,06:59:51,3.4917,4.73130081300813,45.1076686929061,33.2894594953647,33.2894594953647,6,0,45
10543169,215,04/09/2021 00:00:00,04-Sep-2021 09:29:22,04-Sep-2021 16:29:13,40.376367879898,590.4,72,14.4,06:59:51,3.4917,4.73130081300813,45.1076686929061,33.2894594953647,33.2894594953647,7,0,45
10543177,215,05/09/2021 00:00:00,05-Sep-2021 06:56:50,05-Sep-2021 13:56:41,40.376367879898,590.4,72,14.4,06:59:51,3.4917,4.73130081300813,45.1076686929061,33.2894594953647,33.2894594953647,1,0,45
10543176,215,05/09/2021 00:00:00,05-Sep-2021 07:04:22,05-Sep-2021 14:04:13,40.376367879898,590.4,72,14.4,06:59:51,3.4917,4.73130081300813,45.1076686929061,33.2894594953647,33.2894594953647,2,0,45
10543170,215,05/09/2021 00:00:00,05-Sep-2021 07:39:22,05-Sep-2021 14:39:13,40.376367879898,590.4,72,14.4,06:59:51,3.4917,4.73130081300813,45.1076686929061,33.2894594953647,33.2894594953647,3,0,45
10543175,215,05/09/2021 00:00:00,05-Sep-2021 08:01:46,05-Sep-2021 15:01:37,40.376367879898,590.4,72,14.4,06:59:51,3.4917,4.73130081300813,45.1076686929061,33.2894594953647,33.2894594953647,4,0,45
10543173,215,05/09/2021 00:00:00,05-Sep-2021 09:04:28,05-Sep-2021 16:04:18,40.376367879898,590.4,72,14.4,06:59:50,3.4917,4.73130081300813,45.1076686929061,33.2894594953647,33.2894594953647,5,0,45
10543174,215,05/09/2021 00:00:00,05-Sep-2021 09:15:11,05-Sep-2021 16:15:02,40.376367879898,590.4,72,14.4,06:59:51,3.4917,4.73130081300813,45.1076686929061,33.2894594953647,33.2894594953647,6,0,45
10543172,215,05/09/2021 00:00:00,05-Sep-2021 09:19:15,05-Sep-2021 16:19:06,40.376367879898,590.4,72,14.4,06:59:51,3.4917,4.73130081300813,45.1076686929061,33.2894594953647,33.2894594953647,7,0,45
10543171,215,05/09/2021 00:00:00,05-Sep-2021 09:29:45,05-Sep-2021 16:29:36,40.376367879898,590.4,72,14.4,06:59:51,3.4917,4.73130081300813,45.1076686929061,33.2894594953647,33.2894594953647,8,0,45
10543183,215,06/09/2021 00:00:00,06-Sep-2021 06:42:29,06-Sep-2021 13:42:20,40.376367879898,590.4,72,14.4,06:59:51,3.4917,4.73130081300813,45.1076686929061,33.2894594953647,33.2894594953647,1,0,45
10543186,215,06/09/2021 00:00:00,06-Sep-2021 06:50:09,06-Sep-2021 13:49:59,40.376367879898,590.4,72,14.4,06:59:50,3.4917,4.73130081300813,45.1076686929061,33.2894594953647,33.2894594953647,2,0,45
10543181,215,06/09/2021 00:00:00,06-Sep-2021 06:50:49,06-Sep-2021 13:50:39,40.376367879898,590.4,72,14.4,06:59:50,3.4917,4.73130081300813,45.1076686929061,33.2894594953647,33.2894594953647,3,0,45
10543180,215,06/09/2021 00:00:00,06-Sep-2021 07:07:01,06-Sep-2021 14:06:51,40.376367879898,590.4,72,14.4,06:59:51,3.4917,4.73130081300813,45.1076686929061,33.2894594953647,33.2894594953647,4,0,45
10543178,215,06/09/2021 00:00:00,06-Sep-2021 07:10:18,06-Sep-2021 14:10:09,40.376367879898,590.4,72,14.4,06:59:51,3.4917,4.73130081300813,45.1076686929061,33.2894594953647,33.2894594953647,5,0,45
10543184,215,06/09/2021 00:00:00,06-Sep-2021 07:11:49,06-Sep-2021 14:11:39,40.376367879898,590.4,72,14.4,06:59:50,3.4917,4.73130081300813,45.1076686929061,33.2894594953647,33.2894594953647,6,0,45
10543182,215,06/09/2021 00:00:00,06-Sep-2021 07:23:54,06-Sep-2021 14:23:44,40.376367879898,590.4,72,14.4,06:59:50,3.4917,4.73130081300813,45.1076686929061,33.2894594953647,33.2894594953647,7,0,45
10543179,215,06/09/2021 00:00:00,06-Sep-2021 07:45:02,06-Sep-2021 14:44:52,40.376367879898,590.4,72,14.4,06:59:50,3.4917,4.73130081300813,45.1076686929061,33.2894594953647,33.2894594953647,8,0,45
10543185,215,06/09/2021 00:00:00,06-Sep-2021 08:28:03,06-Sep-2021 15:27:54,40.376367879898,590.4,72,14.4,06:59:51,3.4917,4.73130081300813,45.1076686929061,33.2894594953647,33.2894594953647,9,0,45
10543187,215,06/09/2021 00:00:00,06-Sep-2021 14:35:38,06-Sep-2021 21:35:29,40.376367879898,590.4,72,14.4,06:59:51,3.4917,4.73130081300813,45.1076686929061,33.2894594953647,33.2894594953647,1,0,45
10543188,215,06/09/2021 00:00:00,06-Sep-2021 16:19:07,06-Sep-2021 23:18:58,40.376367879898,590.4,72,14.4,06:59:51,3.4917,4.73130081300813,45.1076686929061,33.2894594953647,33.2894594953647,2,0,45
10543195,215,07/09/2021 00:00:00,07-Sep-2021 06:59:25,07-Sep-2021 13:59:15,40.376367879898,590.4,72,14.4,06:59:50,3.4917,4.73130081300813,45.1076686929061,33.2894594953647,33.2894594953647,1,0,45
10543190,215,07/09/2021 00:00:00,07-Sep-2021 07:05:43,07-Sep-2021 14:05:33,40.376367879898,590.4,72,14.4,06:59:50,3.4917,4.73130081300813,45.1076686929061,33.2894594953647,33.2894594953647,2,0,45
10543196,215,07/09/2021 00:00:00,07-Sep-2021 07:10:20,07-Sep-2021 14:10:11,40.376367879898,590.4,72,14.4,06:59:51,3.4917,4.73130081300813,45.1076686929061,33.2894594953647,33.2894594953647,3,0,45
10543192,215,07/09/2021 00:00:00,07-Sep-2021 07:22:29,07-Sep-2021 14:22:21,40.376367879898,590.4,72,14.4,06:59:51,3.4917,4.73130081300813,45.1076686929061,33.2894594953647,33.2894594953647,4,0,45
10543194,215,07/09/2021 00:00:00,07-Sep-2021 07:30:27,07-Sep-2021 14:30:18,40.376367879898,590.4,72,14.4,06:59:51,3.4917,4.73130081300813,45.1076686929061,33.2894594953647,33.2894594953647,5,0,45
10543197,215,07/09/2021 00:00:00,07-Sep-2021 07:32:41,07-Sep-2021 14:32:32,40.376367879898,590.4,72,14.4,06:59:51,3.4917,4.73130081300813,45.1076686929061,33.2894594953647,33.2894594953647,6,0,45
10543193,215,07/09/2021 00:00:00,07-Sep-2021 07:41:07,07-Sep-2021 14:40:57,40.376367879898,590.4,72,14.4,06:59:50,3.4917,4.73130081300813,45.1076686929061,33.2894594953647,33.2894594953647,7,0,45
10543191,215,07/09/2021 00:00:00,07-Sep-2021 07:59:01,07-Sep-2021 14:58:51,40.376367879898,590.4,72,14.4,06:59:50,3.4917,4.73130081300813,45.1076686929061,33.2894594953647,33.2894594953647,8,0,45
10543189,215,07/09/2021 00:00:00,07-Sep-2021 08:02:16,07-Sep-2021 15:02:07,40.376367879898,590.4,72,14.4,06:59:51,3.4917,4.73130081300813,45.1076686929061,33.2894594953647,33.2894594953647,9,0,45
10543198,215,07/09/2021 00:00:00,07-Sep-2021 15:22:08,07-Sep-2021 22:21:58,40.376367879898,590.4,72,14.4,06:59:51,3.4917,4.73130081300813,45.1076686929061,33.2894594953647,33.2894594953647,1,0,45
10543205,215,08/09/2021 00:00:00,08-Sep-2021 06:40:55,08-Sep-2021 13:40:46,40.376367879898,590.4,72,14.4,06:59:51,3.4917,4.73130081300813,45.1076686929061,33.2894594953647,33.2894594953647,1,0,45
10543202,215,08/09/2021 00:00:00,08-Sep-2021 07:07:22,08-Sep-2021 14:07:12,40.376367879898,590.4,72,14.4,06:59:50,3.4917,4.73130081300813,45.1076686929061,33.2894594953647,33.2894594953647,2,0,45
10543207,215,08/09/2021 00:00:00,08-Sep-2021 07:25:26,08-Sep-2021 14:25:17,40.376367879898,590.4,72,14.4,06:59:51,3.4917,4.73130081300813,45.1076686929061,33.2894594953647,33.2894594953647,3,0,45
10543200,215,08/09/2021 00:00:00,08-Sep-2021 07:36:41,08-Sep-2021 14:36:31,40.376367879898,590.4,72,14.4,06:59:50,3.4917,4.73130081300813,45.1076686929061,33.2894594953647,33.2894594953647,4,0,45
10543199,215,08/09/2021 00:00:00,08-Sep-2021 07:51:54,08-Sep-2021 14:51:46,40.376367879898,590.4,72,14.4,06:59:51,3.4917,4.73130081300813,45.1076686929061,33.2894594953647,33.2894594953647,5,0,45
10543203,215,08/09/2021 00:00:00,08-Sep-2021 07:55:34,08-Sep-2021 14:55:25,40.376367879898,590.4,72,14.4,06:59:51,3.4917,4.73130081300813,45.1076686929061,33.2894594953647,33.2894594953647,6,0,45
10543206,215,08/09/2021 00:00:00,08-Sep-2021 08:02:31,08-Sep-2021 15:02:21,40.376367879898,590.4,72,14.4,06:59:51,3.4917,4.73130081300813,45.1076686929061,33.2894594953647,33.2894594953647,7,0,45
10543201,215,08/09/2021 00:00:00,08-Sep-2021 08:03:01,08-Sep-2021 15:02:51,40.376367879898,590.4,72,14.4,06:59:51,3.4917,4.73130081300813,45.1076686929061,33.2894594953647,33.2894594953647,8,0,45
10543204,215,08/09/2021 00:00:00,08-Sep-2021 08:24:31,08-Sep-2021 15:24:22,40.376367879898,590.4,72,14.4,06:59:51,3.4917,4.73130081300813,45.1076686929061,33.2894594953647,33.2894594953647,9,0,45
10543215,215,09/09/2021 00:00:00,09-Sep-2021 06:41:25,09-Sep-2021 13:41:15,40.376367879898,590.4,72,14.4,06:59:50,3.4917,4.73130081300813,45.1076686929061,33.2894594953647,33.2894594953647,1,0,45
10543211,215,09/09/2021 00:00:00,09-Sep-2021 06:55:20,09-Sep-2021 13:55:11,40.376367879898,590.4,72,14.4,06:59:51,3.4917,4.73130081300813,45.1076686929061,33.2894594953647,33.2894594953647,2,0,45
10543216,215,09/09/2021 00:00:00,09-Sep-2021 07:01:02,09-Sep-2021 14:00:52,40.376367879898,590.4,72,14.4,06:59:50,3.4917,4.73130081300813,45.1076686929061,33.2894594953647,33.2894594953647,3,0,45
10543214,215,09/09/2021 00:00:00,09-Sep-2021 07:17:51,09-Sep-2021 14:17:41,40.376367879898,590.4,72,14.4,06:59:50,3.4917,4.73130081300813,45.1076686929061,33.2894594953647,33.2894594953647,4,0,45
10543212,215,09/09/2021 00:00:00,09-Sep-2021 07:18:19,09-Sep-2021 14:18:09,40.376367879898,590.4,72,14.4,06:59:50,3.4917,4.73130081300813,45.1076686929061,33.2894594953647,33.2894594953647,5,0,45
10543213,215,09/09/2021 00:00:00,09-Sep-2021 07:22:13,09-Sep-2021 14:22:03,40.376367879898,590.4,72,14.4,06:59:51,3.4917,4.73130081300813,45.1076686929061,33.2894594953647,33.2894594953647,6,0,45
10543210,215,09/09/2021 00:00:00,09-Sep-2021 07:24:56,09-Sep-2021 14:24:46,40.376367879898,590.4,72,14.4,06:59:50,3.4917,4.73130081300813,45.1076686929061,33.2894594953647,33.2894594953647,7,0,45
10543209,215,09/09/2021 00:00:00,09-Sep-2021 07:25:51,09-Sep-2021 14:25:41,40.376367879898,590.4,72,14.4,06:59:50,3.4917,4.73130081300813,45.1076686929061,33.2894594953647,33.2894594953647,8,0,45
10543208,215,09/09/2021 00:00:00,09-Sep-2021 07:52:58,09-Sep-2021 14:52:49,40.376367879898,590.4,72,14.4,06:59:51,3.4917,4.73130081300813,45.1076686929061,33.2894594953647,33.2894594953647,9,0,45
10543218,215,10/09/2021 00:00:00,10-Sep-2021 07:21:25,10-Sep-2021 14:32:07,42.1515178151963,590.4,72,14.4,07:10:42,3.5833,4.85542005420054,47.0069378693968,34.6911201476149,34.6911201476149,1,0,45
10543220,215,10/09/2021 00:00:00,10-Sep-2021 07:32:14,10-Sep-2021 14:42:57,42.1515178151963,590.4,72,14.4,07:10:43,3.5833,4.85542005420054,47.0069378693968,34.6911201476149,34.6911201476149,2,0,45
10543222,215,10/09/2021 00:00:00,10-Sep-2021 07:39:12,10-Sep-2021 14:49:55,42.1515178151963,590.4,72,14.4,07:10:43,3.5833,4.85542005420054,47.0069378693968,34.6911201476149,34.6911201476149,3,0,45
10543217,215,10/09/2021 00:00:00,10-Sep-2021 07:47:11,10-Sep-2021 14:57:54,42.1515178151963,590.4,72,14.4,07:10:43,3.5833,4.85542005420054,47.0069378693968,34.6911201476149,34.6911201476149,4,0,45
10543219,215,10/09/2021 00:00:00,10-Sep-2021 07:53:50,10-Sep-2021 15:04:33,42.1515178151963,590.4,72,14.4,07:10:43,3.5833,4.85542005420054,47.0069378693968,34.6911201476149,34.6911201476149,5,0,45
10543221,215,10/09/2021 00:00:00,10-Sep-2021 07:54:21,10-Sep-2021 15:05:03,42.1515178151963,590.4,72,14.4,07:10:42,3.5833,4.85542005420054,47.0069378693968,34.6911201476149,34.6911201476149,6,0,45
10543223,215,10/09/2021 00:00:00,10-Sep-2021 09:05:08,10-Sep-2021 16:15:50,42.1515178151963,590.4,72,14.4,07:10:42,3.5833,4.85542005420054,47.0069378693968,34.6911201476149,34.6911201476149,7,0,45
10543224,215,10/09/2021 00:00:00,10-Sep-2021 09:21:31,10-Sep-2021 16:32:14,42.1515178151963,590.4,72,14.4,07:10:42,3.5833,4.85542005420054,47.0069378693968,34.6911201476149,34.6911201476149,8,0,45
10543225,215,11/09/2021 00:00:00,11-Sep-2021 06:32:51,11-Sep-2021 13:43:34,42.1515178151963,590.4,72,14.4,07:10:43,3.5833,4.85542005420054,47.0069378693968,34.6911201476149,34.6911201476149,1,0,45
10543226,215,11/09/2021 00:00:00,11-Sep-2021 06:44:27,11-Sep-2021 13:55:09,42.1515178151963,590.4,72,14.4,07:10:42,3.5833,4.85542005420054,47.0069378693968,34.6911201476149,34.6911201476149,2,0,45
10543230,215,11/09/2021 00:00:00,11-Sep-2021 07:19:45,11-Sep-2021 14:30:27,42.1515178151963,590.4,72,14.4,07:10:42,3.5833,4.85542005420054,47.0069378693968,34.6911201476149,34.6911201476149,3,0,45
10543229,215,11/09/2021 00:00:00,11-Sep-2021 07:37:36,11-Sep-2021 14:48:19,42.1515178151963,590.4,72,14.4,07:10:43,3.5833,4.85542005420054,47.0069378693968,34.6911201476149,34.6911201476149,4,0,45
10543231,215,11/09/2021 00:00:00,11-Sep-2021 07:49:10,11-Sep-2021 14:59:52,42.1515178151963,590.4,72,14.4,07:10:42,3.5833,4.85542005420054,47.0069378693968,34.6911201476149,34.6911201476149,5,0,45
10543227,215,11/09/2021 00:00:00,11-Sep-2021 08:59:00,11-Sep-2021 16:09:43,42.1515178151963,590.4,72,14.4,07:10:43,3.5833,4.85542005420054,47.0069378693968,34.6911201476149,34.6911201476149,6,0,45
10543228,215,11/09/2021 00:00:00,11-Sep-2021 09:28:20,11-Sep-2021 16:39:02,42.1515178151963,590.4,72,14.4,07:10:42,3.5833,4.85542005420054,47.0069378693968,34.6911201476149,34.6911201476149,7,0,45
10543239,215,12/09/2021 00:00:00,12-Sep-2021 06:31:02,12-Sep-2021 13:41:44,42.1515178151963,590.4,72,14.4,07:10:42,3.5833,4.85542005420054,47.0069378693968,34.6911201476149,34.6911201476149,1,0,45
10543233,215,12/09/2021 00:00:00,12-Sep-2021 06:38:10,12-Sep-2021 13:48:52,42.1515178151963,590.4,72,14.4,07:10:42,3.5833,4.85542005420054,47.0069378693968,34.6911201476149,34.6911201476149,2,0,45
10543235,215,12/09/2021 00:00:00,12-Sep-2021 07:34:10,12-Sep-2021 14:44:52,42.1515178151963,590.4,72,14.4,07:10:42,3.5833,4.85542005420054,47.0069378693968,34.6911201476149,34.6911201476149,3,0,45
10543234,215,12/09/2021 00:00:00,12-Sep-2021 07:43:00,12-Sep-2021 14:53:42,42.1515178151963,590.4,72,14.4,07:10:42,3.5833,4.85542005420054,47.0069378693968,34.6911201476149,34.6911201476149,4,0,45
10543232,215,12/09/2021 00:00:00,12-Sep-2021 08:07:06,12-Sep-2021 15:17:49,42.1515178151963,590.4,72,14.4,07:10:43,3.5833,4.85542005420054,47.0069378693968,34.6911201476149,34.6911201476149,5,0,45
10543238,215,12/09/2021 00:00:00,12-Sep-2021 08:19:55,12-Sep-2021 15:30:38,42.1515178151963,590.4,72,14.4,07:10:43,3.5833,4.85542005420054,47.0069378693968,34.6911201476149,34.6911201476149,6,0,45
10543236,215,12/09/2021 00:00:00,12-Sep-2021 08:25:20,12-Sep-2021 15:36:03,42.1515178151963,590.4,72,14.4,07:10:43,3.5833,4.85542005420054,47.0069378693968,34.6911201476149,34.6911201476149,7,0,45
10543237,215,12/09/2021 00:00:00,12-Sep-2021 09:05:48,12-Sep-2021 16:16:31,42.1515178151963,590.4,72,14.4,07:10:43,3.5833,4.85542005420054,47.0069378693968,34.6911201476149,34.6911201476149,8,0,45
10543245,215,13/09/2021 00:00:00,13-Sep-2021 06:35:14,13-Sep-2021 13:45:57,42.1515178151963,590.4,72,14.4,07:10:43,3.5833,4.85542005420054,47.0069378693968,34.6911201476149,34.6911201476149,1,0,45
10543248,215,13/09/2021 00:00:00,13-Sep-2021 06:39:13,13-Sep-2021 13:49:56,42.1515178151963,590.4,72,14.4,07:10:43,3.5833,4.85542005420054,47.0069378693968,34.6911201476149,34.6911201476149,2,0,45
10543242,215,13/09/2021 00:00:00,13-Sep-2021 07:03:18,13-Sep-2021 14:14:01,42.1515178151963,590.4,72,14.4,07:10:43,3.5833,4.85542005420054,47.0069378693968,34.6911201476149,34.6911201476149,3,0,45
10543241,215,13/09/2021 00:00:00,13-Sep-2021 07:04:43,13-Sep-2021 14:15:24,42.1515178151963,590.4,72,14.4,07:10:42,3.5833,4.85542005420054,47.0069378693968,34.6911201476149,34.6911201476149,4,0,45
10543246,215,13/09/2021 00:00:00,13-Sep-2021 07:13:59,13-Sep-2021 14:24:42,42.1515178151963,590.4,72,14.4,07:10:43,3.5833,4.85542005420054,47.0069378693968,34.6911201476149,34.6911201476149,5,0,45
10543244,215,13/09/2021 00:00:00,13-Sep-2021 08:03:42,13-Sep-2021 15:14:24,42.1515178151963,590.4,72,14.4,07:10:42,3.5833,4.85542005420054,47.0069378693968,34.6911201476149,34.6911201476149,6,0,45
10543240,215,13/09/2021 00:00:00,13-Sep-2021 08:20:10,13-Sep-2021 15:30:52,42.1515178151963,590.4,72,14.4,07:10:42,3.5833,4.85542005420054,47.0069378693968,34.6911201476149,34.6911201476149,7,0,45
10543243,215,13/09/2021 00:00:00,13-Sep-2021 08:21:10,13-Sep-2021 15:31:52,42.1515178151963,590.4,72,14.4,07:10:42,3.5833,4.85542005420054,47.0069378693968,34.6911201476149,34.6911201476149,8,0,45
10543247,215,13/09/2021 00:00:00,13-Sep-2021 08:28:14,13-Sep-2021 15:38:57,42.1515178151963,590.4,72,14.4,07:10:43,3.5833,4.85542005420054,47.0069378693968,34.6911201476149,34.6911201476149,9,0,45
10543250,215,13/09/2021 00:00:00,13-Sep-2021 15:35:59,13-Sep-2021 22:46:42,42.1515178151963,590.4,72,14.4,07:10:43,3.5833,4.85542005420054,47.0069378693968,34.6911201476149,34.6911201476149,1,0,45
10543249,215,13/09/2021 00:00:00,13-Sep-2021 16:24:46,13-Sep-2021 23:35:29,42.1515178151963,590.4,72,14.4,07:10:43,3.5833,4.85542005420054,47.0069378693968,34.6911201476149,34.6911201476149,2,0,45
10543254,215,14/09/2021 00:00:00,14-Sep-2021 06:44:44,14-Sep-2021 13:55:27,42.1515178151963,590.4,72,14.4,07:10:43,3.5833,4.85542005420054,47.0069378693968,34.6911201476149,34.6911201476149,1,0,45
10543256,215,14/09/2021 00:00:00,14-Sep-2021 07:10:34,14-Sep-2021 14:21:17,42.1515178151963,590.4,72,14.4,07:10:43,3.5833,4.85542005420054,47.0069378693968,34.6911201476149,34.6911201476149,2,0,45
10543258,215,14/09/2021 00:00:00,14-Sep-2021 07:20:37,14-Sep-2021 14:31:20,42.1515178151963,590.4,72,14.4,07:10:43,3.5833,4.85542005420054,47.0069378693968,34.6911201476149,34.6911201476149,3,0,45
10543253,215,14/09/2021 00:00:00,14-Sep-2021 07:21:14,14-Sep-2021 14:31:56,42.1515178151963,590.4,72,14.4,07:10:42,3.5833,4.85542005420054,47.0069378693968,34.6911201476149,34.6911201476149,4,0,45
10543251,215,14/09/2021 00:00:00,14-Sep-2021 07:24:03,14-Sep-2021 14:34:46,42.1515178151963,590.4,72,14.4,07:10:43,3.5833,4.85542005420054,47.0069378693968,34.6911201476149,34.6911201476149,5,0,45
10543252,215,14/09/2021 00:00:00,14-Sep-2021 07:25:33,14-Sep-2021 14:36:16,42.1515178151963,590.4,72,14.4,07:10:42,3.5833,4.85542005420054,47.0069378693968,34.6911201476149,34.6911201476149,6,0,45
10543255,215,14/09/2021 00:00:00,14-Sep-2021 07:54:27,14-Sep-2021 15:05:10,42.1515178151963,590.4,72,14.4,07:10:43,3.5833,4.85542005420054,47.0069378693968,34.6911201476149,34.6911201476149,7,0,45
10543259,215,14/09/2021 00:00:00,14-Sep-2021 08:05:11,14-Sep-2021 15:15:53,42.1515178151963,590.4,72,14.4,07:10:42,3.5833,4.85542005420054,47.0069378693968,34.6911201476149,34.6911201476149,8,0,45
10543257,215,14/09/2021 00:00:00,14-Sep-2021 08:16:22,14-Sep-2021 15:27:05,42.1515178151963,590.4,72,14.4,07:10:42,3.5833,4.85542005420054,47.0069378693968,34.6911201476149,34.6911201476149,9,0,45
10543261,215,14/09/2021 00:00:00,14-Sep-2021 15:48:20,14-Sep-2021 22:59:03,42.1515178151963,590.4,72,14.4,07:10:43,3.5833,4.85542005420054,47.0069378693968,34.6911201476149,34.6911201476149,1,0,45
10543260,215,14/09/2021 00:00:00,14-Sep-2021 16:21:31,14-Sep-2021 23:32:14,42.1515178151963,590.4,72,14.4,07:10:43,3.5833,4.85542005420054,47.0069378693968,34.6911201476149,34.6911201476149,2,0,45
10543262,215,15/09/2021 00:00:00,15-Sep-2021 06:36:50,15-Sep-2021 13:47:33,42.1515178151963,590.4,72,14.4,07:10:43,3.5833,4.85542005420054,47.0069378693968,34.6911201476149,34.6911201476149,1,0,45
10543266,215,15/09/2021 00:00:00,15-Sep-2021 06:43:51,15-Sep-2021 13:54:33,42.1515178151963,590.4,72,14.4,07:10:42,3.5833,4.85542005420054,47.0069378693968,34.6911201476149,34.6911201476149,2,0,45
10543264,215,15/09/2021 00:00:00,15-Sep-2021 07:23:02,15-Sep-2021 14:33:45,42.1515178151963,590.4,72,14.4,07:10:43,3.5833,4.85542005420054,47.0069378693968,34.6911201476149,34.6911201476149,3,0,45
10543265,215,15/09/2021 00:00:00,15-Sep-2021 07:29:53,15-Sep-2021 14:40:36,42.1515178151963,590.4,72,14.4,07:10:43,3.5833,4.85542005420054,47.0069378693968,34.6911201476149,34.6911201476149,4,0,45
10543268,215,15/09/2021 00:00:00,15-Sep-2021 07:30:45,15-Sep-2021 14:41:28,42.1515178151963,590.4,72,14.4,07:10:43,3.5833,4.85542005420054,47.0069378693968,34.6911201476149,34.6911201476149,5,0,45
10543270,215,15/09/2021 00:00:00,15-Sep-2021 07:36:16,15-Sep-2021 14:46:59,42.1515178151963,590.4,72,14.4,07:10:43,3.5833,4.85542005420054,47.0069378693968,34.6911201476149,34.6911201476149,6,0,45
10543267,215,15/09/2021 00:00:00,15-Sep-2021 07:41:06,15-Sep-2021 14:51:48,42.1515178151963,590.4,72,14.4,07:10:42,3.5833,4.85542005420054,47.0069378693968,34.6911201476149,34.6911201476149,7,0,45
10543263,215,15/09/2021 00:00:00,15-Sep-2021 07:49:40,15-Sep-2021 15:00:23,42.1515178151963,590.4,72,14.4,07:10:42,3.5833,4.85542005420054,47.0069378693968,34.6911201476149,34.6911201476149,8,0,45
10543269,215,15/09/2021 00:00:00,15-Sep-2021 07:54:18,15-Sep-2021 15:05:00,42.1515178151963,590.4,72,14.4,07:10:42,3.5833,4.85542005420054,47.0069378693968,34.6911201476149,34.6911201476149,9,0,45
10543272,215,16/09/2021 00:00:00,16-Sep-2021 06:53:41,16-Sep-2021 14:04:23,42.1515178151963,590.4,72,14.4,07:10:42,3.5833,4.85542005420054,47.0069378693968,34.6911201476149,34.6911201476149,1,0,45
10543277,215,16/09/2021 00:00:00,16-Sep-2021 06:59:02,16-Sep-2021 14:09:45,42.1515178151963,590.4,72,14.4,07:10:43,3.5833,4.85542005420054,47.0069378693968,34.6911201476149,34.6911201476149,2,0,45
10543273,215,16/09/2021 00:00:00,16-Sep-2021 07:00:47,16-Sep-2021 14:11:30,42.1515178151963,590.4,72,14.4,07:10:43,3.5833,4.85542005420054,47.0069378693968,34.6911201476149,34.6911201476149,3,0,45
10543278,215,16/09/2021 00:00:00,16-Sep-2021 07:23:48,16-Sep-2021 14:34:31,42.1515178151963,590.4,72,14.4,07:10:43,3.5833,4.85542005420054,47.0069378693968,34.6911201476149,34.6911201476149,4,0,45
10543271,215,16/09/2021 00:00:00,16-Sep-2021 07:28:02,16-Sep-2021 14:38:44,42.1515178151963,590.4,72,14.4,07:10:42,3.5833,4.85542005420054,47.0069378693968,34.6911201476149,34.6911201476149,5,0,45
10543274,215,16/09/2021 00:00:00,16-Sep-2021 07:46:04,16-Sep-2021 14:56:46,42.1515178151963,590.4,72,14.4,07:10:42,3.5833,4.85542005420054,47.0069378693968,34.6911201476149,34.6911201476149,6,0,45
10543275,215,16/09/2021 00:00:00,16-Sep-2021 08:05:32,16-Sep-2021 15:16:13,42.1515178151963,590.4,72,14.4,07:10:42,3.5833,4.85542005420054,47.0069378693968,34.6911201476149,34.6911201476149,7,0,45
10543279,215,16/09/2021 00:00:00,16-Sep-2021 08:15:58,16-Sep-2021 15:26:41,42.1515178151963,590.4,72,14.4,07:10:43,3.5833,4.85542005420054,47.0069378693968,34.6911201476149,34.6911201476149,8,0,45
10543276,215,16/09/2021 00:00:00,16-Sep-2021 08:24:00,16-Sep-2021 15:34:42,42.1515178151963,590.4,72,14.4,07:10:42,3.5833,4.85542005420054,47.0069378693968,34.6911201476149,34.6911201476149,9,0,45
10543287,215,17/09/2021 00:00:00,17-Sep-2021 07:21:09,17-Sep-2021 14:12:25,39.3213125850362,590.4,72,14.4,06:51:16,3.425,4.64092140921409,43.9622339942503,32.4441286877567,32.4441286877567,1,0,45
10543280,215,17/09/2021 00:00:00,17-Sep-2021 07:39:57,17-Sep-2021 14:31:12,39.3213125850362,590.4,72,14.4,06:51:16,3.425,4.64092140921409,43.9622339942503,32.4441286877567,32.4441286877567,2,0,45
10543282,215,17/09/2021 00:00:00,17-Sep-2021 07:50:40,17-Sep-2021 14:41:57,39.3213125850362,590.4,72,14.4,06:51:16,3.425,4.64092140921409,43.9622339942503,32.4441286877567,32.4441286877567,3,0,45
10543284,215,17/09/2021 00:00:00,17-Sep-2021 07:52:30,17-Sep-2021 14:43:47,39.3213125850362,590.4,72,14.4,06:51:16,3.425,4.64092140921409,43.9622339942503,32.4441286877567,32.4441286877567,4,0,45
10543285,215,17/09/2021 00:00:00,17-Sep-2021 08:00:15,17-Sep-2021 14:51:31,39.3213125850362,590.4,72,14.4,06:51:16,3.425,4.64092140921409,43.9622339942503,32.4441286877567,32.4441286877567,5,0,45
10543281,215,17/09/2021 00:00:00,17-Sep-2021 08:02:36,17-Sep-2021 14:53:52,39.3213125850362,590.4,72,14.4,06:51:16,3.425,4.64092140921409,43.9622339942503,32.4441286877567,32.4441286877567,6,0,45
10543286,215,17/09/2021 00:00:00,17-Sep-2021 09:03:40,17-Sep-2021 15:54:55,39.3213125850362,590.4,72,14.4,06:51:16,3.425,4.64092140921409,43.9622339942503,32.4441286877567,32.4441286877567,7,0,45
10543283,215,17/09/2021 00:00:00,17-Sep-2021 09:20:01,17-Sep-2021 16:11:17,39.3213125850362,590.4,72,14.4,06:51:16,3.425,4.64092140921409,43.9622339942503,32.4441286877567,32.4441286877567,8,0,45
10543293,215,18/09/2021 00:00:00,18-Sep-2021 06:31:54,18-Sep-2021 13:23:10,39.3213125850362,590.4,72,14.4,06:51:16,3.425,4.64092140921409,43.9622339942503,32.4441286877567,32.4441286877567,1,0,45
10543291,215,18/09/2021 00:00:00,18-Sep-2021 06:48:28,18-Sep-2021 13:39:45,39.3213125850362,590.4,72,14.4,06:51:16,3.425,4.64092140921409,43.9622339942503,32.4441286877567,32.4441286877567,2,0,45
10543289,215,18/09/2021 00:00:00,18-Sep-2021 07:02:17,18-Sep-2021 13:53:33,39.3213125850362,590.4,72,14.4,06:51:16,3.425,4.64092140921409,43.9622339942503,32.4441286877567,32.4441286877567,3,0,45
10543294,215,18/09/2021 00:00:00,18-Sep-2021 08:33:37,18-Sep-2021 15:24:52,39.3213125850362,590.4,72,14.4,06:51:16,3.425,4.64092140921409,43.9622339942503,32.4441286877567,32.4441286877567,4,0,45
10543292,215,18/09/2021 00:00:00,18-Sep-2021 08:35:42,18-Sep-2021 15:26:58,39.3213125850362,590.4,72,14.4,06:51:17,3.425,4.64092140921409,43.9622339942503,32.4441286877567,32.4441286877567,5,0,45
10543288,215,18/09/2021 00:00:00,18-Sep-2021 09:14:20,18-Sep-2021 16:05:36,39.3213125850362,590.4,72,14.4,06:51:16,3.425,4.64092140921409,43.9622339942503,32.4441286877567,32.4441286877567,6,0,45
10543290,215,18/09/2021 00:00:00,18-Sep-2021 09:21:13,18-Sep-2021 16:12:28,39.3213125850362,590.4,72,14.4,06:51:16,3.425,4.64092140921409,43.9622339942503,32.4441286877567,32.4441286877567,7,0,45
10543297,215,19/09/2021 00:00:00,19-Sep-2021 06:36:14,19-Sep-2021 13:27:30,39.3213125850362,590.4,72,14.4,06:51:16,3.425,4.64092140921409,43.9622339942503,32.4441286877567,32.4441286877567,1,0,45
10543300,215,19/09/2021 00:00:00,19-Sep-2021 06:49:13,19-Sep-2021 13:40:30,39.3213125850362,590.4,72,14.4,06:51:17,3.425,4.64092140921409,43.9622339942503,32.4441286877567,32.4441286877567,2,0,45
10543296,215,19/09/2021 00:00:00,19-Sep-2021 06:55:53,19-Sep-2021 13:47:11,39.3213125850362,590.4,72,14.4,06:51:17,3.425,4.64092140921409,43.9622339942503,32.4441286877567,32.4441286877567,3,0,45
10543302,215,19/09/2021 00:00:00,19-Sep-2021 07:17:38,19-Sep-2021 14:08:54,39.3213125850362,590.4,72,14.4,06:51:16,3.425,4.64092140921409,43.9622339942503,32.4441286877567,32.4441286877567,4,0,45
10543299,215,19/09/2021 00:00:00,19-Sep-2021 08:19:05,19-Sep-2021 15:10:22,39.3213125850362,590.4,72,14.4,06:51:16,3.425,4.64092140921409,43.9622339942503,32.4441286877567,32.4441286877567,5,0,45
10543298,215,19/09/2021 00:00:00,19-Sep-2021 08:20:18,19-Sep-2021 15:11:34,39.3213125850362,590.4,72,14.4,06:51:16,3.425,4.64092140921409,43.9622339942503,32.4441286877567,32.4441286877567,6,0,45
10543301,215,19/09/2021 00:00:00,19-Sep-2021 08:55:36,19-Sep-2021 15:46:52,39.3213125850362,590.4,72,14.4,06:51:16,3.425,4.64092140921409,43.9622339942503,32.4441286877567,32.4441286877567,7,0,45
10543295,215,19/09/2021 00:00:00,19-Sep-2021 09:21:09,19-Sep-2021 16:12:25,39.3213125850362,590.4,72,14.4,06:51:16,3.425,4.64092140921409,43.9622339942503,32.4441286877567,32.4441286877567,8,0,45
10543305,215,20/09/2021 00:00:00,20-Sep-2021 06:30:44,20-Sep-2021 13:21:59,39.3213125850362,590.4,72,14.4,06:51:16,3.425,4.64092140921409,43.9622339942503,32.4441286877567,32.4441286877567,1,0,45
10543303,215,20/09/2021 00:00:00,20-Sep-2021 06:58:21,20-Sep-2021 13:49:37,39.3213125850362,590.4,72,14.4,06:51:16,3.425,4.64092140921409,43.9622339942503,32.4441286877567,32.4441286877567,2,0,45
10543309,215,20/09/2021 00:00:00,20-Sep-2021 07:03:51,20-Sep-2021 13:55:06,39.3213125850362,590.4,72,14.4,06:51:16,3.425,4.64092140921409,43.9622339942503,32.4441286877567,32.4441286877567,3,0,45
10543311,215,20/09/2021 00:00:00,20-Sep-2021 07:17:47,20-Sep-2021 14:09:04,39.3213125850362,590.4,72,14.4,06:51:16,3.425,4.64092140921409,43.9622339942503,32.4441286877567,32.4441286877567,4,0,45
10543304,215,20/09/2021 00:00:00,20-Sep-2021 07:23:32,20-Sep-2021 14:14:48,39.3213125850362,590.4,72,14.4,06:51:16,3.425,4.64092140921409,43.9622339942503,32.4441286877567,32.4441286877567,5,0,45
10543308,215,20/09/2021 00:00:00,20-Sep-2021 07:39:44,20-Sep-2021 14:31:00,39.3213125850362,590.4,72,14.4,06:51:16,3.425,4.64092140921409,43.9622339942503,32.4441286877567,32.4441286877567,6,0,45
10543307,215,20/09/2021 00:00:00,20-Sep-2021 07:46:23,20-Sep-2021 14:37:38,39.3213125850362,590.4,72,14.4,06:51:16,3.425,4.64092140921409,43.9622339942503,32.4441286877567,32.4441286877567,7,0,45
10543310,215,20/09/2021 00:00:00,20-Sep-2021 08:11:52,20-Sep-2021 15:03:07,39.3213125850362,590.4,72,14.4,06:51:16,3.425,4.64092140921409,43.9622339942503,32.4441286877567,32.4441286877567,8,0,45
10543306,215,20/09/2021 00:00:00,20-Sep-2021 08:18:13,20-Sep-2021 15:09:30,39.3213125850362,590.4,72,14.4,06:51:16,3.425,4.64092140921409,43.9622339942503,32.4441286877567,32.4441286877567,9,0,45
10543313,215,20/09/2021 00:00:00,20-Sep-2021 14:47:52,20-Sep-2021 21:39:09,39.3213125850362,590.4,72,14.4,06:51:17,3.425,4.64092140921409,43.9622339942503,32.4441286877567,32.4441286877567,1,0,45
10543312,215,20/09/2021 00:00:00,20-Sep-2021 15:07:58,20-Sep-2021 21:59:13,39.3213125850362,590.4,72,14.4,06:51:16,3.425,4.64092140921409,43.9622339942503,32.4441286877567,32.4441286877567,2,0,45
10543319,215,21/09/2021 00:00:00,21-Sep-2021 06:38:50,21-Sep-2021 13:30:07,39.3213125850362,590.4,72,14.4,06:51:16,3.425,4.64092140921409,43.9622339942503,32.4441286877567,32.4441286877567,1,0,45
10543322,215,21/09/2021 00:00:00,21-Sep-2021 06:59:40,21-Sep-2021 13:50:57,39.3213125850362,590.4,72,14.4,06:51:17,3.425,4.64092140921409,43.9622339942503,32.4441286877567,32.4441286877567,2,0,45
10543316,215,21/09/2021 00:00:00,21-Sep-2021 07:15:06,21-Sep-2021 14:06:21,39.3213125850362,590.4,72,14.4,06:51:16,3.425,4.64092140921409,43.9622339942503,32.4441286877567,32.4441286877567,3,0,45
10543315,215,21/09/2021 00:00:00,21-Sep-2021 07:19:16,21-Sep-2021 14:10:33,39.3213125850362,590.4,72,14.4,06:51:17,3.425,4.64092140921409,43.9622339942503,32.4441286877567,32.4441286877567,4,0,45
10543314,215,21/09/2021 00:00:00,21-Sep-2021 07:30:41,21-Sep-2021 14:21:56,39.3213125850362,590.4,72,14.4,06:51:16,3.425,4.64092140921409,43.9622339942503,32.4441286877567,32.4441286877567,5,0,45
10543321,215,21/09/2021 00:00:00,21-Sep-2021 07:34:49,21-Sep-2021 14:26:06,39.3213125850362,590.4,72,14.4,06:51:17,3.425,4.64092140921409,43.9622339942503,32.4441286877567,32.4441286877567,6,0,45
10543317,215,21/09/2021 00:00:00,21-Sep-2021 07:39:39,21-Sep-2021 14:30:55,39.3213125850362,590.4,72,14.4,06:51:16,3.425,4.64092140921409,43.9622339942503,32.4441286877567,32.4441286877567,7,0,45
10543320,215,21/09/2021 00:00:00,21-Sep-2021 07:55:22,21-Sep-2021 14:46:39,39.3213125850362,590.4,72,14.4,06:51:16,3.425,4.64092140921409,43.9622339942503,32.4441286877567,32.4441286877567,8,0,45
10543318,215,21/09/2021 00:00:00,21-Sep-2021 08:01:29,21-Sep-2021 14:52:44,39.3213125850362,590.4,72,14.4,06:51:16,3.425,4.64092140921409,43.9622339942503,32.4441286877567,32.4441286877567,9,0,45
10543323,215,21/09/2021 00:00:00,21-Sep-2021 14:34:45,21-Sep-2021 21:26:01,39.3213125850362,590.4,72,14.4,06:51:16,3.425,4.64092140921409,43.9622339942503,32.4441286877567,32.4441286877567,1,0,45
10543325,215,22/09/2021 00:00:00,22-Sep-2021 06:36:48,22-Sep-2021 13:28:03,39.3213125850362,590.4,72,14.4,06:51:16,3.425,4.64092140921409,43.9622339942503,32.4441286877567,32.4441286877567,1,0,45
10543324,215,22/09/2021 00:00:00,22-Sep-2021 06:39:22,22-Sep-2021 13:30:38,39.3213125850362,590.4,72,14.4,06:51:16,3.425,4.64092140921409,43.9622339942503,32.4441286877567,32.4441286877567,2,0,45
10543328,215,22/09/2021 00:00:00,22-Sep-2021 06:42:10,22-Sep-2021 13:33:26,39.3213125850362,590.4,72,14.4,06:51:16,3.425,4.64092140921409,43.9622339942503,32.4441286877567,32.4441286877567,3,0,45
10543326,215,22/09/2021 00:00:00,22-Sep-2021 06:45:13,22-Sep-2021 13:36:29,39.3213125850362,590.4,72,14.4,06:51:16,3.425,4.64092140921409,43.9622339942503,32.4441286877567,32.4441286877567,4,0,45
10543330,215,22/09/2021 00:00:00,22-Sep-2021 07:07:28,22-Sep-2021 13:58:44,39.3213125850362,590.4,72,14.4,06:51:16,3.425,4.64092140921409,43.9622339942503,32.4441286877567,32.4441286877567,5,0,45
10543327,215,22/09/2021 00:00:00,22-Sep-2021 08:34:50,22-Sep-2021 15:26:06,39.3213125850362,590.4,72,14.4,06:51:16,3.425,4.64092140921409,43.9622339942503,32.4441286877567,32.4441286877567,6,0,45
10543329,215,22/09/2021 00:00:00,22-Sep-2021 08:42:02,22-Sep-2021 15:33:17,39.3213125850362,590.4,72,14.4,06:51:16,3.425,4.64092140921409,43.9622339942503,32.4441286877567,32.4441286877567,7,0,45
10543331,215,22/09/2021 00:00:00,22-Sep-2021 09:05:32,22-Sep-2021 15:56:48,39.3213125850362,590.4,72,14.4,06:51:16,3.425,4.64092140921409,43.9622339942503,32.4441286877567,32.4441286877567,8,0,45
10543338,215,23/09/2021 00:00:00,23-Sep-2021 06:51:34,23-Sep-2021 13:42:51,39.3213125850362,590.4,72,14.4,06:51:16,3.425,4.64092140921409,43.9622339942503,32.4441286877567,32.4441286877567,1,0,45
10543332,215,23/09/2021 00:00:00,23-Sep-2021 07:11:56,23-Sep-2021 14:03:13,39.3213125850362,590.4,72,14.4,06:51:17,3.425,4.64092140921409,43.9622339942503,32.4441286877567,32.4441286877567,2,0,45
10543340,215,23/09/2021 00:00:00,23-Sep-2021 07:25:51,23-Sep-2021 14:17:07,39.3213125850362,590.4,72,14.4,06:51:16,3.425,4.64092140921409,43.9622339942503,32.4441286877567,32.4441286877567,3,0,45
10543334,215,23/09/2021 00:00:00,23-Sep-2021 07:30:33,23-Sep-2021 14:21:48,39.3213125850362,590.4,72,14.4,06:51:16,3.425,4.64092140921409,43.9622339942503,32.4441286877567,32.4441286877567,4,0,45
10543336,215,23/09/2021 00:00:00,23-Sep-2021 07:45:09,23-Sep-2021 14:36:24,39.3213125850362,590.4,72,14.4,06:51:16,3.425,4.64092140921409,43.9622339942503,32.4441286877567,32.4441286877567,5,0,45
10543335,215,23/09/2021 00:00:00,23-Sep-2021 07:51:25,23-Sep-2021 14:42:42,39.3213125850362,590.4,72,14.4,06:51:16,3.425,4.64092140921409,43.9622339942503,32.4441286877567,32.4441286877567,6,0,45
10543337,215,23/09/2021 00:00:00,23-Sep-2021 08:15:41,23-Sep-2021 15:06:56,39.3213125850362,590.4,72,14.4,06:51:16,3.425,4.64092140921409,43.9622339942503,32.4441286877567,32.4441286877567,7,0,45
10543333,215,23/09/2021 00:00:00,23-Sep-2021 08:16:48,23-Sep-2021 15:08:03,39.3213125850362,590.4,72,14.4,06:51:16,3.425,4.64092140921409,43.9622339942503,32.4441286877567,32.4441286877567,8,0,45
10543339,215,23/09/2021 00:00:00,23-Sep-2021 08:20:55,23-Sep-2021 15:12:11,39.3213125850362,590.4,72,14.4,06:51:16,3.425,4.64092140921409,43.9622339942503,32.4441286877567,32.4441286877567,9,0,45
10543341,215,24/09/2021 00:00:00,24-Sep-2021 06:48:03,24-Sep-2021 14:00:47,42.0650421203564,590.4,72,14.4,07:12:45,3.6,4.8780487804878,46.9430909008442,34.644001084823,34.644001084823,1,0,45
10543346,215,24/09/2021 00:00:00,24-Sep-2021 06:56:12,24-Sep-2021 14:08:57,42.0650421203564,590.4,72,14.4,07:12:45,3.6,4.8780487804878,46.9430909008442,34.644001084823,34.644001084823,2,0,45
10543342,215,24/09/2021 00:00:00,24-Sep-2021 06:59:11,24-Sep-2021 14:11:55,42.0650421203564,590.4,72,14.4,07:12:45,3.6,4.8780487804878,46.9430909008442,34.644001084823,34.644001084823,3,0,45
10543347,215,24/09/2021 00:00:00,24-Sep-2021 07:20:04,24-Sep-2021 14:32:49,42.0650421203564,590.4,72,14.4,07:12:45,3.6,4.8780487804878,46.9430909008442,34.644001084823,34.644001084823,4,0,45
10543348,215,24/09/2021 00:00:00,24-Sep-2021 07:51:30,24-Sep-2021 15:04:15,42.0650421203564,590.4,72,14.4,07:12:45,3.6,4.8780487804878,46.9430909008442,34.644001084823,34.644001084823,5,0,45
10543345,215,24/09/2021 00:00:00,24-Sep-2021 08:52:17,24-Sep-2021 16:05:02,42.0650421203564,590.4,72,14.4,07:12:45,3.6,4.8780487804878,46.9430909008442,34.644001084823,34.644001084823,6,0,45
10543344,215,24/09/2021 00:00:00,24-Sep-2021 09:20:53,24-Sep-2021 16:33:38,42.0650421203564,590.4,72,14.4,07:12:45,3.6,4.8780487804878,46.9430909008442,34.644001084823,34.644001084823,7,0,45
10543343,215,24/09/2021 00:00:00,24-Sep-2021 09:25:46,24-Sep-2021 16:38:31,42.0650421203564,590.4,72,14.4,07:12:45,3.6,4.8780487804878,46.9430909008442,34.644001084823,34.644001084823,8,0,45
10543349,215,25/09/2021 00:00:00,25-Sep-2021 06:59:37,25-Sep-2021 14:12:23,42.0650421203564,590.4,72,14.4,07:12:45,3.6,4.8780487804878,46.9430909008442,34.644001084823,34.644001084823,1,0,45
10543353,215,25/09/2021 00:00:00,25-Sep-2021 07:33:10,25-Sep-2021 14:45:55,42.0650421203564,590.4,72,14.4,07:12:45,3.6,4.8780487804878,46.9430909008442,34.644001084823,34.644001084823,2,0,45
10543354,215,25/09/2021 00:00:00,25-Sep-2021 07:42:48,25-Sep-2021 14:55:33,42.0650421203564,590.4,72,14.4,07:12:45,3.6,4.8780487804878,46.9430909008442,34.644001084823,34.644001084823,3,0,45
10543352,215,25/09/2021 00:00:00,25-Sep-2021 07:43:58,25-Sep-2021 14:56:43,42.0650421203564,590.4,72,14.4,07:12:45,3.6,4.8780487804878,46.9430909008442,34.644001084823,34.644001084823,4,0,45
10543350,215,25/09/2021 00:00:00,25-Sep-2021 08:17:26,25-Sep-2021 15:30:10,42.0650421203564,590.4,72,14.4,07:12:45,3.6,4.8780487804878,46.9430909008442,34.644001084823,34.644001084823,5,0,45
10543355,215,25/09/2021 00:00:00,25-Sep-2021 08:48:35,25-Sep-2021 16:01:20,42.0650421203564,590.4,72,14.4,07:12:45,3.6,4.8780487804878,46.9430909008442,34.644001084823,34.644001084823,6,0,45
10543351,215,25/09/2021 00:00:00,25-Sep-2021 09:15:04,25-Sep-2021 16:27:48,42.0650421203564,590.4,72,14.4,07:12:45,3.6,4.8780487804878,46.9430909008442,34.644001084823,34.644001084823,7,0,45
10543364,215,26/09/2021 00:00:00,26-Sep-2021 06:35:28,26-Sep-2021 13:48:12,42.0650421203564,590.4,72,14.4,07:12:45,3.6,4.8780487804878,46.9430909008442,34.644001084823,34.644001084823,1,0,45
10543358,215,26/09/2021 00:00:00,26-Sep-2021 06:51:11,26-Sep-2021 14:03:57,42.0650421203564,590.4,72,14.4,07:12:45,3.6,4.8780487804878,46.9430909008442,34.644001084823,34.644001084823,2,0,45
10543356,215,26/09/2021 00:00:00,26-Sep-2021 06:59:28,26-Sep-2021 14:12:14,42.0650421203564,590.4,72,14.4,07:12:45,3.6,4.8780487804878,46.9430909008442,34.644001084823,34.644001084823,3,0,45
10543359,215,26/09/2021 00:00:00,26-Sep-2021 07:01:16,26-Sep-2021 14:14:01,42.0650421203564,590.4,72,14.4,07:12:45,3.6,4.8780487804878,46.9430909008442,34.644001084823,34.644001084823,4,0,45
10543357,215,26/09/2021 00:00:00,26-Sep-2021 07:06:50,26-Sep-2021 14:19:35,42.0650421203564,590.4,72,14.4,07:12:45,3.6,4.8780487804878,46.9430909008442,34.644001084823,34.644001084823,5,0,45
10543360,215,26/09/2021 00:00:00,26-Sep-2021 07:09:14,26-Sep-2021 14:21:59,42.0650421203564,590.4,72,14.4,07:12:45,3.6,4.8780487804878,46.9430909008442,34.644001084823,34.644001084823,6,0,45
10543361,215,26/09/2021 00:00:00,26-Sep-2021 07:29:07,26-Sep-2021 14:41:51,42.0650421203564,590.4,72,14.4,07:12:45,3.6,4.8780487804878,46.9430909008442,34.644001084823,34.644001084823,7,0,45
10543363,215,26/09/2021 00:00:00,26-Sep-2021 07:47:41,26-Sep-2021 15:00:27,42.0650421203564,590.4,72,14.4,07:12:45,3.6,4.8780487804878,46.9430909008442,34.644001084823,34.644001084823,8,0,45
10543362,215,26/09/2021 00:00:00,26-Sep-2021 08:19:38,26-Sep-2021 15:32:23,42.0650421203564,590.4,72,14.4,07:12:45,3.6,4.8780487804878,46.9430909008442,34.644001084823,34.644001084823,9,0,45
10543367,215,27/09/2021 00:00:00,27-Sep-2021 06:42:11,27-Sep-2021 13:54:57,42.0650421203564,590.4,72,14.4,07:12:45,3.6,4.8780487804878,46.9430909008442,34.644001084823,34.644001084823,1,0,45
10543366,215,27/09/2021 00:00:00,27-Sep-2021 06:50:25,27-Sep-2021 14:03:09,42.0650421203564,590.4,72,14.4,07:12:45,3.6,4.8780487804878,46.9430909008442,34.644001084823,34.644001084823,2,0,45
10543373,215,27/09/2021 00:00:00,27-Sep-2021 06:50:41,27-Sep-2021 14:03:26,42.0650421203564,590.4,72,14.4,07:12:45,3.6,4.8780487804878,46.9430909008442,34.644001084823,34.644001084823,3,0,45
10543371,215,27/09/2021 00:00:00,27-Sep-2021 06:58:42,27-Sep-2021 14:11:26,42.0650421203564,590.4,72,14.4,07:12:45,3.6,4.8780487804878,46.9430909008442,34.644001084823,34.644001084823,4,0,45
10543370,215,27/09/2021 00:00:00,27-Sep-2021 07:21:58,27-Sep-2021 14:34:44,42.0650421203564,590.4,72,14.4,07:12:45,3.6,4.8780487804878,46.9430909008442,34.644001084823,34.644001084823,5,0,45
10543365,215,27/09/2021 00:00:00,27-Sep-2021 07:50:23,27-Sep-2021 15:03:07,42.0650421203564,590.4,72,14.4,07:12:45,3.6,4.8780487804878,46.9430909008442,34.644001084823,34.644001084823,6,0,45
10543368,215,27/09/2021 00:00:00,27-Sep-2021 08:02:00,27-Sep-2021 15:14:44,42.0650421203564,590.4,72,14.4,07:12:45,3.6,4.8780487804878,46.9430909008442,34.644001084823,34.644001084823,7,0,45
10543369,215,27/09/2021 00:00:00,27-Sep-2021 08:26:01,27-Sep-2021 15:38:47,42.0650421203564,590.4,72,14.4,07:12:45,3.6,4.8780487804878,46.9430909008442,34.644001084823,34.644001084823,8,0,45
10543372,215,27/09/2021 00:00:00,27-Sep-2021 08:26:03,27-Sep-2021 15:38:48,42.0650421203564,590.4,72,14.4,07:12:45,3.6,4.8780487804878,46.9430909008442,34.644001084823,34.644001084823,9,0,45
10543375,215,27/09/2021 00:00:00,27-Sep-2021 14:42:42,27-Sep-2021 21:55:27,42.0650421203564,590.4,72,14.4,07:12:45,3.6,4.8780487804878,46.9430909008442,34.644001084823,34.644001084823,10,0,45
10543374,215,27/09/2021 00:00:00,27-Sep-2021 14:57:20,27-Sep-2021 22:10:05,42.0650421203564,590.4,72,14.4,07:12:45,3.6,4.8780487804878,46.9430909008442,34.644001084823,34.644001084823,1,0,45
10543376,215,27/09/2021 00:00:00,27-Sep-2021 16:16:10,27-Sep-2021 23:28:55,42.0650421203564,590.4,72,14.4,07:12:45,3.6,4.8780487804878,46.9430909008442,34.644001084823,34.644001084823,2,0,45
10543385,215,28/09/2021 00:00:00,28-Sep-2021 06:31:09,28-Sep-2021 13:43:54,42.0650421203564,590.4,72,14.4,07:12:45,3.6,4.8780487804878,46.9430909008442,34.644001084823,34.644001084823,1,0,45
10543378,215,28/09/2021 00:00:00,28-Sep-2021 06:41:33,28-Sep-2021 13:54:19,42.0650421203564,590.4,72,14.4,07:12:45,3.6,4.8780487804878,46.9430909008442,34.644001084823,34.644001084823,2,0,45
10543381,215,28/09/2021 00:00:00,28-Sep-2021 07:17:16,28-Sep-2021 14:30:01,42.0650421203564,590.4,72,14.4,07:12:45,3.6,4.8780487804878,46.9430909008442,34.644001084823,34.644001084823,3,0,45
10543384,215,28/09/2021 00:00:00,28-Sep-2021 07:40:36,28-Sep-2021 14:53:20,42.0650421203564,590.4,72,14.4,07:12:45,3.6,4.8780487804878,46.9430909008442,34.644001084823,34.644001084823,4,0,45
10543383,215,28/09/2021 00:00:00,28-Sep-2021 07:43:19,28-Sep-2021 14:56:03,42.0650421203564,590.4,72,14.4,07:12:45,3.6,4.8780487804878,46.9430909008442,34.644001084823,34.644001084823,5,0,45
10543380,215,28/09/2021 00:00:00,28-Sep-2021 08:03:28,28-Sep-2021 15:16:12,42.0650421203564,590.4,72,14.4,07:12:45,3.6,4.8780487804878,46.9430909008442,34.644001084823,34.644001084823,6,0,45
10543377,215,28/09/2021 00:00:00,28-Sep-2021 08:06:00,28-Sep-2021 15:18:46,42.0650421203564,590.4,72,14.4,07:12:45,3.6,4.8780487804878,46.9430909008442,34.644001084823,34.644001084823,7,0,45
10543382,215,28/09/2021 00:00:00,28-Sep-2021 08:17:22,28-Sep-2021 15:30:08,42.0650421203564,590.4,72,14.4,07:12:45,3.6,4.8780487804878,46.9430909008442,34.644001084823,34.644001084823,8,0,45
10543379,215,28/09/2021 00:00:00,28-Sep-2021 08:26:52,28-Sep-2021 15:39:37,42.0650421203564,590.4,72,14.4,07:12:45,3.6,4.8780487804878,46.9430909008442,34.644001084823,34.644001084823,9,0,45
10543386,215,28/09/2021 00:00:00,28-Sep-2021 14:50:45,28-Sep-2021 22:03:31,42.0650421203564,590.4,72,14.4,07:12:45,3.6,4.8780487804878,46.9430909008442,34.644001084823,34.644001084823,1,0,45
10543387,215,28/09/2021 00:00:00,28-Sep-2021 16:14:46,28-Sep-2021 23:27:30,42.0650421203564,590.4,72,14.4,07:12:45,3.6,4.8780487804878,46.9430909008442,34.644001084823,34.644001084823,2,0,45
10543391,215,29/09/2021 00:00:00,29-Sep-2021 06:36:56,29-Sep-2021 13:49:40,42.0650421203564,590.4,72,14.4,07:12:45,3.6,4.8780487804878,46.9430909008442,34.644001084823,34.644001084823,1,0,45
10543392,215,29/09/2021 00:00:00,29-Sep-2021 06:39:41,29-Sep-2021 13:52:26,42.0650421203564,590.4,72,14.4,07:12:45,3.6,4.8780487804878,46.9430909008442,34.644001084823,34.644001084823,2,0,45
10543389,215,29/09/2021 00:00:00,29-Sep-2021 06:39:59,29-Sep-2021 13:52:44,42.0650421203564,590.4,72,14.4,07:12:45,3.6,4.8780487804878,46.9430909008442,34.644001084823,34.644001084823,3,0,45
10543388,215,29/09/2021 00:00:00,29-Sep-2021 06:42:54,29-Sep-2021 13:55:39,42.0650421203564,590.4,72,14.4,07:12:45,3.6,4.8780487804878,46.9430909008442,34.644001084823,34.644001084823,4,0,45
10543393,215,29/09/2021 00:00:00,29-Sep-2021 06:56:22,29-Sep-2021 14:09:07,42.0650421203564,590.4,72,14.4,07:12:45,3.6,4.8780487804878,46.9430909008442,34.644001084823,34.644001084823,5,0,45
10543390,215,29/09/2021 00:00:00,29-Sep-2021 07:04:23,29-Sep-2021 14:17:07,42.0650421203564,590.4,72,14.4,07:12:45,3.6,4.8780487804878,46.9430909008442,34.644001084823,34.644001084823,6,0,45
10543396,215,29/09/2021 00:00:00,29-Sep-2021 07:30:53,29-Sep-2021 14:43:39,42.0650421203564,590.4,72,14.4,07:12:45,3.6,4.8780487804878,46.9430909008442,34.644001084823,34.644001084823,7,0,45
10543395,215,29/09/2021 00:00:00,29-Sep-2021 07:38:54,29-Sep-2021 14:51:39,42.0650421203564,590.4,72,14.4,07:12:45,3.6,4.8780487804878,46.9430909008442,34.644001084823,34.644001084823,8,0,45
10543394,215,29/09/2021 00:00:00,29-Sep-2021 07:43:11,29-Sep-2021 14:55:56,42.0650421203564,590.4,72,14.4,07:12:45,3.6,4.8780487804878,46.9430909008442,34.644001084823,34.644001084823,9,0,45
10543400,215,30/09/2021 00:00:00,30-Sep-2021 06:32:39,30-Sep-2021 13:45:24,42.0650421203564,590.4,72,14.4,07:12:45,3.6,4.8780487804878,46.9430909008442,34.644001084823,34.644001084823,1,0,45
10543404,215,30/09/2021 00:00:00,30-Sep-2021 06:35:12,30-Sep-2021 13:47:56,42.0650421203564,590.4,72,14.4,07:12:45,3.6,4.8780487804878,46.9430909008442,34.644001084823,34.644001084823,2,0,45
10543401,215,30/09/2021 00:00:00,30-Sep-2021 07:20:22,30-Sep-2021 14:33:08,42.0650421203564,590.4,72,14.4,07:12:45,3.6,4.8780487804878,46.9430909008442,34.644001084823,34.644001084823,3,0,45
10543397,215,30/09/2021 00:00:00,30-Sep-2021 07:39:32,30-Sep-2021 14:52:17,42.0650421203564,590.4,72,14.4,07:12:45,3.6,4.8780487804878,46.9430909008442,34.644001084823,34.644001084823,4,0,45
10543399,215,30/09/2021 00:00:00,30-Sep-2021 07:46:10,30-Sep-2021 14:58:54,42.0650421203564,590.4,72,14.4,07:12:45,3.6,4.8780487804878,46.9430909008442,34.644001084823,34.644001084823,5,0,45
10543398,215,30/09/2021 00:00:00,30-Sep-2021 07:47:00,30-Sep-2021 14:59:45,42.0650421203564,590.4,72,14.4,07:12:45,3.6,4.8780487804878,46.9430909008442,34.644001084823,34.644001084823,6,0,45
10543405,215,30/09/2021 00:00:00,30-Sep-2021 07:49:06,30-Sep-2021 15:01:51,42.0650421203564,590.4,72,14.4,07:12:45,3.6,4.8780487804878,46.9430909008442,34.644001084823,34.644001084823,7,0,45
10543403,215,30/09/2021 00:00:00,30-Sep-2021 08:23:53,30-Sep-2021 15:36:37,42.0650421203564,590.4,72,14.4,07:12:45,3.6,4.8780487804878,46.9430909008442,34.644001084823,34.644001084823,8,0,45
10543402,215,30/09/2021 00:00:00,30-Sep-2021 08:25:47,30-Sep-2021 15:38:33,42.0650421203564,590.4,72,14.4,07:12:45,3.6,4.8780487804878,46.9430909008442,34.644001084823,34.644001084823,9,0,45
10543406,215,30/09/2021 00:00:00,30-Sep-2021 15:57:22,30-Sep-2021 23:10:08,42.0650421203564,590.4,72,14.4,07:12:45,3.6,4.8780487804878,46.9430909008442,34.644001084823,34.644001084823,1,0,45
10543408,215,01/10/2021 00:00:00,01-Oct-2021 06:35:59,01-Oct-2021 13:16:18,40.4223943212153,590.4,72,14.4,06:40:20,3.3333,4.51666666666667,44.939060987882,33.1650270090569,33.1650270090569,1,0,45
10543409,215,01/10/2021 00:00:00,01-Oct-2021 06:49:39,01-Oct-2021 13:29:59,40.4223943212153,590.4,72,14.4,06:40:20,3.3333,4.51666666666667,44.939060987882,33.1650270090569,33.1650270090569,2,0,45
10543407,215,01/10/2021 00:00:00,01-Oct-2021 06:51:17,01-Oct-2021 13:31:37,40.4223943212153,590.4,72,14.4,06:40:20,3.3333,4.51666666666667,44.939060987882,33.1650270090569,33.1650270090569,3,0,45
10543415,215,01/10/2021 00:00:00,01-Oct-2021 07:51:49,01-Oct-2021 14:32:10,40.4223943212153,590.4,72,14.4,06:40:21,3.3333,4.51666666666667,44.939060987882,33.1650270090569,33.1650270090569,4,0,45
10543410,215,01/10/2021 00:00:00,01-Oct-2021 07:57:20,01-Oct-2021 14:37:39,40.4223943212153,590.4,72,14.4,06:40:20,3.3333,4.51666666666667,44.939060987882,33.1650270090569,33.1650270090569,5,0,45
10543412,215,01/10/2021 00:00:00,01-Oct-2021 07:58:09,01-Oct-2021 14:38:29,40.4223943212153,590.4,72,14.4,06:40:20,3.3333,4.51666666666667,44.939060987882,33.1650270090569,33.1650270090569,6,0,45
10543411,215,01/10/2021 00:00:00,01-Oct-2021 08:13:21,01-Oct-2021 14:53:41,40.4223943212153,590.4,72,14.4,06:40:20,3.3333,4.51666666666667,44.939060987882,33.1650270090569,33.1650270090569,7,0,45
10543414,215,01/10/2021 00:00:00,01-Oct-2021 08:14:44,01-Oct-2021 14:55:04,40.4223943212153,590.4,72,14.4,06:40:20,3.3333,4.51666666666667,44.939060987882,33.1650270090569,33.1650270090569,8,0,45
10543413,215,01/10/2021 00:00:00,01-Oct-2021 08:22:52,01-Oct-2021 15:03:12,40.4223943212153,590.4,72,14.4,06:40:20,3.3333,4.51666666666667,44.939060987882,33.1650270090569,33.1650270090569,9,0,45
10543420,215,02/10/2021 00:00:00,02-Oct-2021 06:35:56,02-Oct-2021 13:16:17,40.4223943212153,590.4,72,14.4,06:40:21,3.3333,4.51666666666667,44.939060987882,33.1650270090569,33.1650270090569,1,0,45
10543422,215,02/10/2021 00:00:00,02-Oct-2021 06:59:40,02-Oct-2021 13:40:01,40.4223943212153,590.4,72,14.4,06:40:21,3.3333,4.51666666666667,44.939060987882,33.1650270090569,33.1650270090569,2,0,45
10543418,215,02/10/2021 00:00:00,02-Oct-2021 07:06:13,02-Oct-2021 13:46:33,40.4223943212153,590.4,72,14.4,06:40:20,3.3333,4.51666666666667,44.939060987882,33.1650270090569,33.1650270090569,3,0,45
10543423,215,02/10/2021 00:00:00,02-Oct-2021 07:16:17,02-Oct-2021 13:56:38,40.4223943212153,590.4,72,14.4,06:40:21,3.3333,4.51666666666667,44.939060987882,33.1650270090569,33.1650270090569,4,0,45
10543419,215,02/10/2021 00:00:00,02-Oct-2021 07:53:35,02-Oct-2021 14:33:55,40.4223943212153,590.4,72,14.4,06:40:21,3.3333,4.51666666666667,44.939060987882,33.1650270090569,33.1650270090569,5,0,45
10543417,215,02/10/2021 00:00:00,02-Oct-2021 08:07:36,02-Oct-2021 14:47:57,40.4223943212153,590.4,72,14.4,06:40:20,3.3333,4.51666666666667,44.939060987882,33.1650270090569,33.1650270090569,6,0,45
10543421,215,02/10/2021 00:00:00,02-Oct-2021 08:18:21,02-Oct-2021 14:58:40,40.4223943212153,590.4,72,14.4,06:40:20,3.3333,4.51666666666667,44.939060987882,33.1650270090569,33.1650270090569,7,0,45
10543416,215,02/10/2021 00:00:00,02-Oct-2021 08:19:01,02-Oct-2021 14:59:21,40.4223943212153,590.4,72,14.4,06:40:20,3.3333,4.51666666666667,44.939060987882,33.1650270090569,33.1650270090569,8,0,45
10543424,215,03/10/2021 00:00:00,03-Oct-2021 06:44:05,03-Oct-2021 13:24:25,40.4223943212153,590.4,72,14.4,06:40:20,3.3333,4.51666666666667,44.939060987882,33.1650270090569,33.1650270090569,1,0,45
10543432,215,03/10/2021 00:00:00,03-Oct-2021 06:46:52,03-Oct-2021 13:27:13,40.4223943212153,590.4,72,14.4,06:40:20,3.3333,4.51666666666667,44.939060987882,33.1650270090569,33.1650270090569,2,0,45
10543428,215,03/10/2021 00:00:00,03-Oct-2021 06:55:27,03-Oct-2021 13:35:48,40.4223943212153,590.4,72,14.4,06:40:21,3.3333,4.51666666666667,44.939060987882,33.1650270090569,33.1650270090569,3,0,45
10543425,215,03/10/2021 00:00:00,03-Oct-2021 07:21:33,03-Oct-2021 14:01:53,40.4223943212153,590.4,72,14.4,06:40:20,3.3333,4.51666666666667,44.939060987882,33.1650270090569,33.1650270090569,4,0,45
10543427,215,03/10/2021 00:00:00,03-Oct-2021 07:21:57,03-Oct-2021 14:02:16,40.4223943212153,590.4,72,14.4,06:40:20,3.3333,4.51666666666667,44.939060987882,33.1650270090569,33.1650270090569,5,0,45
10543426,215,03/10/2021 00:00:00,03-Oct-2021 07:37:37,03-Oct-2021 14:17:57,40.4223943212153,590.4,72,14.4,06:40:20,3.3333,4.51666666666667,44.939060987882,33.1650270090569,33.1650270090569,6,0,45
10543430,215,03/10/2021 00:00:00,03-Oct-2021 07:57:21,03-Oct-2021 14:37:42,40.4223943212153,590.4,72,14.4,06:40:20,3.3333,4.51666666666667,44.939060987882,33.1650270090569,33.1650270090569,7,0,45
10543429,215,03/10/2021 00:00:00,03-Oct-2021 07:58:30,03-Oct-2021 14:38:51,40.4223943212153,590.4,72,14.4,06:40:21,3.3333,4.51666666666667,44.939060987882,33.1650270090569,33.1650270090569,8,0,45
10543431,215,03/10/2021 00:00:00,03-Oct-2021 08:28:18,03-Oct-2021 15:08:38,40.4223943212153,590.4,72,14.4,06:40:20,3.3333,4.51666666666667,44.939060987882,33.1650270090569,33.1650270090569,9,0,45
10543434,215,04/10/2021 00:00:00,04-Oct-2021 06:52:07,04-Oct-2021 13:32:28,40.4223943212153,590.4,72,14.4,06:40:21,3.3333,4.51666666666667,44.939060987882,33.1650270090569,33.1650270090569,1,0,45
10543436,215,04/10/2021 00:00:00,04-Oct-2021 07:02:11,04-Oct-2021 13:42:32,40.4223943212153,590.4,72,14.4,06:40:21,3.3333,4.51666666666667,44.939060987882,33.1650270090569,33.1650270090569,2,0,45
10543433,215,04/10/2021 00:00:00,04-Oct-2021 07:26:40,04-Oct-2021 14:07:01,40.4223943212153,590.4,72,14.4,06:40:20,3.3333,4.51666666666667,44.939060987882,33.1650270090569,33.1650270090569,3,0,45
10543440,215,04/10/2021 00:00:00,04-Oct-2021 07:27:31,04-Oct-2021 14:07:50,40.4223943212153,590.4,72,14.4,06:40:20,3.3333,4.51666666666667,44.939060987882,33.1650270090569,33.1650270090569,4,0,45
10543439,215,04/10/2021 00:00:00,04-Oct-2021 07:38:37,04-Oct-2021 14:18:57,40.4223943212153,590.4,72,14.4,06:40:20,3.3333,4.51666666666667,44.939060987882,33.1650270090569,33.1650270090569,5,0,45
10543441,215,04/10/2021 00:00:00,04-Oct-2021 07:46:55,04-Oct-2021 14:27:15,40.4223943212153,590.4,72,14.4,06:40:21,3.3333,4.51666666666667,44.939060987882,33.1650270090569,33.1650270090569,6,0,45
10543438,215,04/10/2021 00:00:00,04-Oct-2021 07:54:45,04-Oct-2021 14:35:06,40.4223943212153,590.4,72,14.4,06:40:20,3.3333,4.51666666666667,44.939060987882,33.1650270090569,33.1650270090569,7,0,45
10543437,215,04/10/2021 00:00:00,04-Oct-2021 07:55:59,04-Oct-2021 14:36:21,40.4223943212153,590.4,72,14.4,06:40:21,3.3333,4.51666666666667,44.939060987882,33.1650270090569,33.1650270090569,8,0,45
10543435,215,04/10/2021 00:00:00,04-Oct-2021 08:03:02,04-Oct-2021 14:43:24,40.4223943212153,590.4,72,14.4,06:40:21,3.3333,4.51666666666667,44.939060987882,33.1650270090569,33.1650270090569,9,0,45
10543445,215,04/10/2021 00:00:00,04-Oct-2021 14:38:14,04-Oct-2021 21:18:34,40.4223943212153,590.4,72,14.4,06:40:21,3.3333,4.51666666666667,44.939060987882,33.1650270090569,33.1650270090569,1,0,45
10543442,215,04/10/2021 00:00:00,04-Oct-2021 14:59:31,04-Oct-2021 21:39:50,40.4223943212153,590.4,72,14.4,06:40:20,3.3333,4.51666666666667,44.939060987882,33.1650270090569,33.1650270090569,2,0,45
10543443,215,04/10/2021 00:00:00,04-Oct-2021 15:22:36,04-Oct-2021 22:02:56,40.4223943212153,590.4,72,14.4,06:40:20,3.3333,4.51666666666667,44.939060987882,33.1650270090569,33.1650270090569,3,0,45
10543444,215,04/10/2021 00:00:00,04-Oct-2021 16:28:05,04-Oct-2021 23:08:25,40.4223943212153,590.4,72,14.4,06:40:20,3.3333,4.51666666666667,44.939060987882,33.1650270090569,33.1650270090569,4,0,45
10543449,215,05/10/2021 00:00:00,05-Oct-2021 06:33:49,05-Oct-2021 13:14:09,40.4223943212153,590.4,72,14.4,06:40:20,3.3333,4.51666666666667,44.939060987882,33.1650270090569,33.1650270090569,1,0,45
10543448,215,05/10/2021 00:00:00,05-Oct-2021 06:46:57,05-Oct-2021 13:27:17,40.4223943212153,590.4,72,14.4,06:40:20,3.3333,4.51666666666667,44.939060987882,33.1650270090569,33.1650270090569,2,0,45
10543452,215,05/10/2021 00:00:00,05-Oct-2021 06:48:28,05-Oct-2021 13:28:49,40.4223943212153,590.4,72,14.4,06:40:20,3.3333,4.51666666666667,44.939060987882,33.1650270090569,33.1650270090569,3,0,45
10543446,215,05/10/2021 00:00:00,05-Oct-2021 06:51:05,05-Oct-2021 13:31:26,40.4223943212153,590.4,72,14.4,06:40:20,3.3333,4.51666666666667,44.939060987882,33.1650270090569,33.1650270090569,4,0,45
10543447,215,05/10/2021 00:00:00,05-Oct-2021 07:21:06,05-Oct-2021 14:01:25,40.4223943212153,590.4,72,14.4,06:40:20,3.3333,4.51666666666667,44.939060987882,33.1650270090569,33.1650270090569,5,0,45
10543451,215,05/10/2021 00:00:00,05-Oct-2021 07:30:21,05-Oct-2021 14:10:41,40.4223943212153,590.4,72,14.4,06:40:21,3.3333,4.51666666666667,44.939060987882,33.1650270090569,33.1650270090569,6,0,45
10543454,215,05/10/2021 00:00:00,05-Oct-2021 07:45:28,05-Oct-2021 14:25:47,40.4223943212153,590.4,72,14.4,06:40:20,3.3333,4.51666666666667,44.939060987882,33.1650270090569,33.1650270090569,7,0,45
10543453,215,05/10/2021 00:00:00,05-Oct-2021 07:57:46,05-Oct-2021 14:38:06,40.4223943212153,590.4,72,14.4,06:40:20,3.3333,4.51666666666667,44.939060987882,33.1650270090569,33.1650270090569,8,0,45
10543450,215,05/10/2021 00:00:00,05-Oct-2021 08:15:28,05-Oct-2021 14:55:48,40.4223943212153,590.4,72,14.4,06:40:20,3.3333,4.51666666666667,44.939060987882,33.1650270090569,33.1650270090569,9,0,45
10543455,215,05/10/2021 00:00:00,05-Oct-2021 15:18:45,05-Oct-2021 21:59:05,40.4223943212153,590.4,72,14.4,06:40:20,3.3333,4.51666666666667,44.939060987882,33.1650270090569,33.1650270090569,1,0,45
10543457,215,05/10/2021 00:00:00,05-Oct-2021 16:03:18,05-Oct-2021 22:43:40,40.4223943212153,590.4,72,14.4,06:40:21,3.3333,4.51666666666667,44.939060987882,33.1650270090569,33.1650270090569,2,0,45
10543456,215,05/10/2021 00:00:00,05-Oct-2021 16:07:50,05-Oct-2021 22:48:10,40.4223943212153,590.4,72,14.4,06:40:20,3.3333,4.51666666666667,44.939060987882,33.1650270090569,33.1650270090569,3,0,45
10543463,215,06/10/2021 00:00:00,06-Oct-2021 07:13:19,06-Oct-2021 13:53:40,40.4223943212153,590.4,72,14.4,06:40:20,3.3333,4.51666666666667,44.939060987882,33.1650270090569,33.1650270090569,1,0,45
10543459,215,06/10/2021 00:00:00,06-Oct-2021 07:20:36,06-Oct-2021 14:00:56,40.4223943212153,590.4,72,14.4,06:40:21,3.3333,4.51666666666667,44.939060987882,33.1650270090569,33.1650270090569,2,0,45
10543462,215,06/10/2021 00:00:00,06-Oct-2021 07:26:50,06-Oct-2021 14:07:10,40.4223943212153,590.4,72,14.4,06:40:20,3.3333,4.51666666666667,44.939060987882,33.1650270090569,33.1650270090569,3,0,45
10543466,215,06/10/2021 00:00:00,06-Oct-2021 07:28:03,06-Oct-2021 14:08:24,40.4223943212153,590.4,72,14.4,06:40:20,3.3333,4.51666666666667,44.939060987882,33.1650270090569,33.1650270090569,4,0,45
10543464,215,06/10/2021 00:00:00,06-Oct-2021 07:53:26,06-Oct-2021 14:33:46,40.4223943212153,590.4,72,14.4,06:40:20,3.3333,4.51666666666667,44.939060987882,33.1650270090569,33.1650270090569,5,0,45
10543465,215,06/10/2021 00:00:00,06-Oct-2021 07:55:28,06-Oct-2021 14:35:49,40.4223943212153,590.4,72,14.4,06:40:20,3.3333,4.51666666666667,44.939060987882,33.1650270090569,33.1650270090569,6,0,45
10543461,215,06/10/2021 00:00:00,06-Oct-2021 08:00:48,06-Oct-2021 14:41:09,40.4223943212153,590.4,72,14.4,06:40:20,3.3333,4.51666666666667,44.939060987882,33.1650270090569,33.1650270090569,7,0,45
10543460,215,06/10/2021 00:00:00,06-Oct-2021 08:06:51,06-Oct-2021 14:47:10,40.4223943212153,590.4,72,14.4,06:40:20,3.3333,4.51666666666667,44.939060987882,33.1650270090569,33.1650270090569,8,0,45
10543458,215,06/10/2021 00:00:00,06-Oct-2021 08:25:09,06-Oct-2021 15:05:28,40.4223943212153,590.4,72,14.4,06:40:20,3.3333,4.51666666666667,44.939060987882,33.1650270090569,33.1650270090569,9,0,45
10543467,215,06/10/2021 00:00:00,06-Oct-2021 15:26:49,06-Oct-2021 22:07:08,40.4223943212153,590.4,72,14.4,06:40:20,3.3333,4.51666666666667,44.939060987882,33.1650270090569,33.1650270090569,1,0,45
10543473,215,07/10/2021 00:00:00,07-Oct-2021 06:38:25,07-Oct-2021 13:18:45,40.4223943212153,590.4,72,14.4,06:40:20,3.3333,4.51666666666667,44.939060987882,33.1650270090569,33.1650270090569,1,0,45
10543468,215,07/10/2021 00:00:00,07-Oct-2021 06:39:38,07-Oct-2021 13:19:59,40.4223943212153,590.4,72,14.4,06:40:21,3.3333,4.51666666666667,44.939060987882,33.1650270090569,33.1650270090569,2,0,45
10543475,215,07/10/2021 00:00:00,07-Oct-2021 06:47:18,07-Oct-2021 13:27:38,40.4223943212153,590.4,72,14.4,06:40:20,3.3333,4.51666666666667,44.939060987882,33.1650270090569,33.1650270090569,3,0,45
10543472,215,07/10/2021 00:00:00,07-Oct-2021 07:01:49,07-Oct-2021 13:42:08,40.4223943212153,590.4,72,14.4,06:40:20,3.3333,4.51666666666667,44.939060987882,33.1650270090569,33.1650270090569,4,0,45
10543469,215,07/10/2021 00:00:00,07-Oct-2021 07:17:46,07-Oct-2021 13:58:05,40.4223943212153,590.4,72,14.4,06:40:20,3.3333,4.51666666666667,44.939060987882,33.1650270090569,33.1650270090569,5,0,45
10543474,215,07/10/2021 00:00:00,07-Oct-2021 07:18:58,07-Oct-2021 13:59:18,40.4223943212153,590.4,72,14.4,06:40:20,3.3333,4.51666666666667,44.939060987882,33.1650270090569,33.1650270090569,6,0,45
10543476,215,07/10/2021 00:00:00,07-Oct-2021 07:21:32,07-Oct-2021 14:01:53,40.4223943212153,590.4,72,14.4,06:40:21,3.3333,4.51666666666667,44.939060987882,33.1650270090569,33.1650270090569,7,0,45
10543470,215,07/10/2021 00:00:00,07-Oct-2021 08:10:10,07-Oct-2021 14:50:29,40.4223943212153,590.4,72,14.4,06:40:20,3.3333,4.51666666666667,44.939060987882,33.1650270090569,33.1650270090569,8,0,45
10543471,215,07/10/2021 00:00:00,07-Oct-2021 08:25:02,07-Oct-2021 15:05:23,40.4223943212153,590.4,72,14.4,06:40:20,3.3333,4.51666666666667,44.939060987882,33.1650270090569,33.1650270090569,9,0,45
10543477,215,07/10/2021 00:00:00,07-Oct-2021 15:45:24,07-Oct-2021 22:25:45,40.4223943212153,590.4,72,14.4,06:40:20,3.3333,4.51666666666667,44.939060987882,33.1650270090569,33.1650270090569,1,0,45
10543483,215,08/10/2021 00:00:00,08-Oct-2021 06:37:27,08-Oct-2021 13:40:58,40.3153883631251,590.4,72,14.4,07:03:31,3.525,4.77642276422764,45.0918111273527,33.2777566119863,33.2777566119863,1,0,45
10543482,215,08/10/2021 00:00:00,08-Oct-2021 06:38:34,08-Oct-2021 13:42:05,40.3153883631251,590.4,72,14.4,07:03:31,3.525,4.77642276422764,45.0918111273527,33.2777566119863,33.2777566119863,2,0,45
10543484,215,08/10/2021 00:00:00,08-Oct-2021 07:09:34,08-Oct-2021 14:13:05,40.3153883631251,590.4,72,14.4,07:03:31,3.525,4.77642276422764,45.0918111273527,33.2777566119863,33.2777566119863,3,0,45
10543480,215,08/10/2021 00:00:00,08-Oct-2021 07:38:40,08-Oct-2021 14:42:12,40.3153883631251,590.4,72,14.4,07:03:32,3.525,4.77642276422764,45.0918111273527,33.2777566119863,33.2777566119863,4,0,45
10543481,215,08/10/2021 00:00:00,08-Oct-2021 08:45:03,08-Oct-2021 15:48:34,40.3153883631251,590.4,72,14.4,07:03:31,3.525,4.77642276422764,45.0918111273527,33.2777566119863,33.2777566119863,5,0,45
10543485,215,08/10/2021 00:00:00,08-Oct-2021 09:11:05,08-Oct-2021 16:14:36,40.3153883631251,590.4,72,14.4,07:03:31,3.525,4.77642276422764,45.0918111273527,33.2777566119863,33.2777566119863,6,0,45
10543478,215,08/10/2021 00:00:00,08-Oct-2021 09:11:46,08-Oct-2021 16:15:18,40.3153883631251,590.4,72,14.4,07:03:31,3.525,4.77642276422764,45.0918111273527,33.2777566119863,33.2777566119863,7,0,45
10543479,215,08/10/2021 00:00:00,08-Oct-2021 09:13:49,08-Oct-2021 16:17:21,40.3153883631251,590.4,72,14.4,07:03:32,3.525,4.77642276422764,45.0918111273527,33.2777566119863,33.2777566119863,8,0,45
10543486,215,09/10/2021 00:00:00,09-Oct-2021 06:38:04,09-Oct-2021 13:41:35,40.3153883631251,590.4,72,14.4,07:03:31,3.525,4.77642276422764,45.0918111273527,33.2777566119863,33.2777566119863,1,0,45
10543490,215,09/10/2021 00:00:00,09-Oct-2021 06:44:46,09-Oct-2021 13:48:18,40.3153883631251,590.4,72,14.4,07:03:32,3.525,4.77642276422764,45.0918111273527,33.2777566119863,33.2777566119863,2,0,45
10543491,215,09/10/2021 00:00:00,09-Oct-2021 08:27:19,09-Oct-2021 15:30:50,40.3153883631251,590.4,72,14.4,07:03:31,3.525,4.77642276422764,45.0918111273527,33.2777566119863,33.2777566119863,3,0,45
10543487,215,09/10/2021 00:00:00,09-Oct-2021 08:33:46,09-Oct-2021 15:37:17,40.3153883631251,590.4,72,14.4,07:03:31,3.525,4.77642276422764,45.0918111273527,33.2777566119863,33.2777566119863,4,0,45
10543488,215,09/10/2021 00:00:00,09-Oct-2021 08:44:32,09-Oct-2021 15:48:03,40.3153883631251,590.4,72,14.4,07:03:31,3.525,4.77642276422764,45.0918111273527,33.2777566119863,33.2777566119863,5,0,45
10543492,215,09/10/2021 00:00:00,09-Oct-2021 08:48:16,09-Oct-2021 15:51:47,40.3153883631251,590.4,72,14.4,07:03:31,3.525,4.77642276422764,45.0918111273527,33.2777566119863,33.2777566119863,6,0,45
10543489,215,09/10/2021 00:00:00,09-Oct-2021 08:53:35,09-Oct-2021 15:57:07,40.3153883631251,590.4,72,14.4,07:03:32,3.525,4.77642276422764,45.0918111273527,33.2777566119863,33.2777566119863,7,0,45
10543495,215,10/10/2021 00:00:00,10-Oct-2021 06:51:04,10-Oct-2021 13:54:36,40.3153883631251,590.4,72,14.4,07:03:31,3.525,4.77642276422764,45.0918111273527,33.2777566119863,33.2777566119863,1,0,45
10543496,215,10/10/2021 00:00:00,10-Oct-2021 07:00:23,10-Oct-2021 14:03:53,40.3153883631251,590.4,72,14.4,07:03:31,3.525,4.77642276422764,45.0918111273527,33.2777566119863,33.2777566119863,2,0,45
10543497,215,10/10/2021 00:00:00,10-Oct-2021 07:03:09,10-Oct-2021 14:06:40,40.3153883631251,590.4,72,14.4,07:03:31,3.525,4.77642276422764,45.0918111273527,33.2777566119863,33.2777566119863,3,0,45
10543494,215,10/10/2021 00:00:00,10-Oct-2021 07:05:16,10-Oct-2021 14:08:47,40.3153883631251,590.4,72,14.4,07:03:31,3.525,4.77642276422764,45.0918111273527,33.2777566119863,33.2777566119863,4,0,45
10543499,215,10/10/2021 00:00:00,10-Oct-2021 07:09:40,10-Oct-2021 14:13:12,40.3153883631251,590.4,72,14.4,07:03:32,3.525,4.77642276422764,45.0918111273527,33.2777566119863,33.2777566119863,5,0,45
10543500,215,10/10/2021 00:00:00,10-Oct-2021 07:22:50,10-Oct-2021 14:26:22,40.3153883631251,590.4,72,14.4,07:03:32,3.525,4.77642276422764,45.0918111273527,33.2777566119863,33.2777566119863,6,0,45
10543493,215,10/10/2021 00:00:00,10-Oct-2021 07:37:31,10-Oct-2021 14:41:02,40.3153883631251,590.4,72,14.4,07:03:31,3.525,4.77642276422764,45.0918111273527,33.2777566119863,33.2777566119863,7,0,45
10543498,215,10/10/2021 00:00:00,10-Oct-2021 08:03:49,10-Oct-2021 15:07:19,40.3153883631251,590.4,72,14.4,07:03:31,3.525,4.77642276422764,45.0918111273527,33.2777566119863,33.2777566119863,8,0,45
10543501,215,10/10/2021 00:00:00,10-Oct-2021 08:24:45,10-Oct-2021 15:28:16,40.3153883631251,590.4,72,14.4,07:03:31,3.525,4.77642276422764,45.0918111273527,33.2777566119863,33.2777566119863,9,0,45
10543508,215,11/10/2021 00:00:00,11-Oct-2021 06:57:06,11-Oct-2021 14:00:38,40.3153883631251,590.4,72,14.4,07:03:32,3.525,4.77642276422764,45.0918111273527,33.2777566119863,33.2777566119863,1,0,45
10543505,215,11/10/2021 00:00:00,11-Oct-2021 07:10:47,11-Oct-2021 14:14:19,40.3153883631251,590.4,72,14.4,07:03:32,3.525,4.77642276422764,45.0918111273527,33.2777566119863,33.2777566119863,2,0,45
10543504,215,11/10/2021 00:00:00,11-Oct-2021 07:11:43,11-Oct-2021 14:15:15,40.3153883631251,590.4,72,14.4,07:03:32,3.525,4.77642276422764,45.0918111273527,33.2777566119863,33.2777566119863,3,0,45
10543510,215,11/10/2021 00:00:00,11-Oct-2021 07:12:37,11-Oct-2021 14:16:07,40.3153883631251,590.4,72,14.4,07:03:31,3.525,4.77642276422764,45.0918111273527,33.2777566119863,33.2777566119863,4,0,45
10543509,215,11/10/2021 00:00:00,11-Oct-2021 07:19:50,11-Oct-2021 14:23:21,40.3153883631251,590.4,72,14.4,07:03:31,3.525,4.77642276422764,45.0918111273527,33.2777566119863,33.2777566119863,5,0,45
10543507,215,11/10/2021 00:00:00,11-Oct-2021 07:42:48,11-Oct-2021 14:46:18,40.3153883631251,590.4,72,14.4,07:03:31,3.525,4.77642276422764,45.0918111273527,33.2777566119863,33.2777566119863,6,0,45
10543503,215,11/10/2021 00:00:00,11-Oct-2021 08:08:50,11-Oct-2021 15:12:22,40.3153883631251,590.4,72,14.4,07:03:32,3.525,4.77642276422764,45.0918111273527,33.2777566119863,33.2777566119863,7,0,45
10543502,215,11/10/2021 00:00:00,11-Oct-2021 08:15:00,11-Oct-2021 15:18:31,40.3153883631251,590.4,72,14.4,07:03:31,3.525,4.77642276422764,45.0918111273527,33.2777566119863,33.2777566119863,8,0,45
10543506,215,11/10/2021 00:00:00,11-Oct-2021 08:15:48,11-Oct-2021 15:19:18,40.3153883631251,590.4,72,14.4,07:03:31,3.525,4.77642276422764,45.0918111273527,33.2777566119863,33.2777566119863,9,0,45
10543513,215,11/10/2021 00:00:00,11-Oct-2021 15:28:15,11-Oct-2021 22:31:47,40.3153883631251,590.4,72,14.4,07:03:32,3.525,4.77642276422764,45.0918111273527,33.2777566119863,33.2777566119863,1,0,45
10543512,215,11/10/2021 00:00:00,11-Oct-2021 15:47:42,11-Oct-2021 22:51:13,40.3153883631251,590.4,72,14.4,07:03:31,3.525,4.77642276422764,45.0918111273527,33.2777566119863,33.2777566119863,2,0,45
10543511,215,11/10/2021 00:00:00,11-Oct-2021 15:50:08,11-Oct-2021 22:53:40,40.3153883631251,590.4,72,14.4,07:03:32,3.525,4.77642276422764,45.0918111273527,33.2777566119863,33.2777566119863,3,0,45
10543519,215,12/10/2021 00:00:00,12-Oct-2021 06:57:33,12-Oct-2021 14:01:05,40.3153883631251,590.4,72,14.4,07:03:32,3.525,4.77642276422764,45.0918111273527,33.2777566119863,33.2777566119863,1,0,45
10543522,215,12/10/2021 00:00:00,12-Oct-2021 07:00:51,12-Oct-2021 14:04:23,40.3153883631251,590.4,72,14.4,07:03:32,3.525,4.77642276422764,45.0918111273527,33.2777566119863,33.2777566119863,2,0,45
10543520,215,12/10/2021 00:00:00,12-Oct-2021 07:14:52,12-Oct-2021 14:18:22,40.3153883631251,590.4,72,14.4,07:03:31,3.525,4.77642276422764,45.0918111273527,33.2777566119863,33.2777566119863,3,0,45
10543515,215,12/10/2021 00:00:00,12-Oct-2021 07:16:43,12-Oct-2021 14:20:13,40.3153883631251,590.4,72,14.4,07:03:31,3.525,4.77642276422764,45.0918111273527,33.2777566119863,33.2777566119863,4,0,45
10543517,215,12/10/2021 00:00:00,12-Oct-2021 07:30:59,12-Oct-2021 14:34:31,40.3153883631251,590.4,72,14.4,07:03:32,3.525,4.77642276422764,45.0918111273527,33.2777566119863,33.2777566119863,5,0,45
10543518,215,12/10/2021 00:00:00,12-Oct-2021 07:56:57,12-Oct-2021 15:00:30,40.3153883631251,590.4,72,14.4,07:03:32,3.525,4.77642276422764,45.0918111273527,33.2777566119863,33.2777566119863,6,0,45
10543516,215,12/10/2021 00:00:00,12-Oct-2021 08:00:55,12-Oct-2021 15:04:27,40.3153883631251,590.4,72,14.4,07:03:31,3.525,4.77642276422764,45.0918111273527,33.2777566119863,33.2777566119863,7,0,45
10543514,215,12/10/2021 00:00:00,12-Oct-2021 08:10:52,12-Oct-2021 15:14:22,40.3153883631251,590.4,72,14.4,07:03:31,3.525,4.77642276422764,45.0918111273527,33.2777566119863,33.2777566119863,8,0,45
10543521,215,12/10/2021 00:00:00,12-Oct-2021 08:28:45,12-Oct-2021 15:32:17,40.3153883631251,590.4,72,14.4,07:03:32,3.525,4.77642276422764,45.0918111273527,33.2777566119863,33.2777566119863,9,0,45
10543524,215,12/10/2021 00:00:00,12-Oct-2021 14:37:24,12-Oct-2021 21:40:56,40.3153883631251,590.4,72,14.4,07:03:31,3.525,4.77642276422764,45.0918111273527,33.2777566119863,33.2777566119863,10,0,45
10543523,215,12/10/2021 00:00:00,12-Oct-2021 16:26:37,12-Oct-2021 23:30:09,40.3153883631251,590.4,72,14.4,07:03:32,3.525,4.77642276422764,45.0918111273527,33.2777566119863,33.2777566119863,1,0,45
10543533,215,13/10/2021 00:00:00,13-Oct-2021 06:34:48,13-Oct-2021 13:38:20,40.3153883631251,590.4,72,14.4,07:03:32,3.525,4.77642276422764,45.0918111273527,33.2777566119863,33.2777566119863,1,0,45
10543530,215,13/10/2021 00:00:00,13-Oct-2021 07:33:10,13-Oct-2021 14:36:41,40.3153883631251,590.4,72,14.4,07:03:31,3.525,4.77642276422764,45.0918111273527,33.2777566119863,33.2777566119863,2,0,45
10543531,215,13/10/2021 00:00:00,13-Oct-2021 07:33:56,13-Oct-2021 14:37:27,40.3153883631251,590.4,72,14.4,07:03:31,3.525,4.77642276422764,45.0918111273527,33.2777566119863,33.2777566119863,3,0,45
10543528,215,13/10/2021 00:00:00,13-Oct-2021 07:39:23,13-Oct-2021 14:42:54,40.3153883631251,590.4,72,14.4,07:03:31,3.525,4.77642276422764,45.0918111273527,33.2777566119863,33.2777566119863,4,0,45
10543529,215,13/10/2021 00:00:00,13-Oct-2021 07:50:58,13-Oct-2021 14:54:29,40.3153883631251,590.4,72,14.4,07:03:31,3.525,4.77642276422764,45.0918111273527,33.2777566119863,33.2777566119863,5,0,45
10543527,215,13/10/2021 00:00:00,13-Oct-2021 07:51:41,13-Oct-2021 14:55:12,40.3153883631251,590.4,72,14.4,07:03:32,3.525,4.77642276422764,45.0918111273527,33.2777566119863,33.2777566119863,6,0,45
10543526,215,13/10/2021 00:00:00,13-Oct-2021 07:57:46,13-Oct-2021 15:01:18,40.3153883631251,590.4,72,14.4,07:03:32,3.525,4.77642276422764,45.0918111273527,33.2777566119863,33.2777566119863,7,0,45
10543525,215,13/10/2021 00:00:00,13-Oct-2021 08:04:15,13-Oct-2021 15:07:48,40.3153883631251,590.4,72,14.4,07:03:32,3.525,4.77642276422764,45.0918111273527,33.2777566119863,33.2777566119863,8,0,45
10543532,215,13/10/2021 00:00:00,13-Oct-2021 08:10:37,13-Oct-2021 15:14:07,40.3153883631251,590.4,72,14.4,07:03:31,3.525,4.77642276422764,45.0918111273527,33.2777566119863,33.2777566119863,9,0,45
10543542,215,14/10/2021 00:00:00,14-Oct-2021 06:39:24,14-Oct-2021 13:42:55,40.3153883631251,590.4,72,14.4,07:03:31,3.525,4.77642276422764,45.0918111273527,33.2777566119863,33.2777566119863,1,0,45
10543541,215,14/10/2021 00:00:00,14-Oct-2021 06:58:18,14-Oct-2021 14:01:50,40.3153883631251,590.4,72,14.4,07:03:32,3.525,4.77642276422764,45.0918111273527,33.2777566119863,33.2777566119863,2,0,45
10543536,215,14/10/2021 00:00:00,14-Oct-2021 06:59:02,14-Oct-2021 14:02:34,40.3153883631251,590.4,72,14.4,07:03:32,3.525,4.77642276422764,45.0918111273527,33.2777566119863,33.2777566119863,3,0,45
10543540,215,14/10/2021 00:00:00,14-Oct-2021 07:38:21,14-Oct-2021 14:41:51,40.3153883631251,590.4,72,14.4,07:03:31,3.525,4.77642276422764,45.0918111273527,33.2777566119863,33.2777566119863,4,0,45
10543534,215,14/10/2021 00:00:00,14-Oct-2021 07:40:04,14-Oct-2021 14:43:35,40.3153883631251,590.4,72,14.4,07:03:32,3.525,4.77642276422764,45.0918111273527,33.2777566119863,33.2777566119863,5,0,45
10543537,215,14/10/2021 00:00:00,14-Oct-2021 07:50:02,14-Oct-2021 14:53:34,40.3153883631251,590.4,72,14.4,07:03:31,3.525,4.77642276422764,45.0918111273527,33.2777566119863,33.2777566119863,6,0,45
10543535,215,14/10/2021 00:00:00,14-Oct-2021 07:52:31,14-Oct-2021 14:56:03,40.3153883631251,590.4,72,14.4,07:03:32,3.525,4.77642276422764,45.0918111273527,33.2777566119863,33.2777566119863,7,0,45
10543539,215,14/10/2021 00:00:00,14-Oct-2021 07:56:09,14-Oct-2021 14:59:41,40.3153883631251,590.4,72,14.4,07:03:32,3.525,4.77642276422764,45.0918111273527,33.2777566119863,33.2777566119863,8,0,45
10543538,215,14/10/2021 00:00:00,14-Oct-2021 08:13:50,14-Oct-2021 15:17:22,40.3153883631251,590.4,72,14.4,07:03:32,3.525,4.77642276422764,45.0918111273527,33.2777566119863,33.2777566119863,9,0,45
10543543,215,14/10/2021 00:00:00,14-Oct-2021 14:34:32,14-Oct-2021 21:38:05,40.3153883631251,590.4,72,14.4,07:03:32,3.525,4.77642276422764,45.0918111273527,33.2777566119863,33.2777566119863,1,0,45
10543544,215,15/10/2021 00:00:00,15-Oct-2021 06:33:49,15-Oct-2021 13:47:19,39.7165112759365,590.4,72,14.4,07:13:30,3.6083,4.88929539295393,44.6058066688904,32.9190853216411,32.9190853216411,1,0,45
10543550,215,15/10/2021 00:00:00,15-Oct-2021 06:36:20,15-Oct-2021 13:49:50,39.7165112759365,590.4,72,14.4,07:13:30,3.6083,4.88929539295393,44.6058066688904,32.9190853216411,32.9190853216411,2,0,45
10543551,215,15/10/2021 00:00:00,15-Oct-2021 06:41:56,15-Oct-2021 13:55:27,39.7165112759365,590.4,72,14.4,07:13:30,3.6083,4.88929539295393,44.6058066688904,32.9190853216411,32.9190853216411,3,0,45
10543546,215,15/10/2021 00:00:00,15-Oct-2021 07:18:45,15-Oct-2021 14:32:15,39.7165112759365,590.4,72,14.4,07:13:30,3.6083,4.88929539295393,44.6058066688904,32.9190853216411,32.9190853216411,4,0,45
10543548,215,15/10/2021 00:00:00,15-Oct-2021 07:32:35,15-Oct-2021 14:46:03,39.7165112759365,590.4,72,14.4,07:13:29,3.6083,4.88929539295393,44.6058066688904,32.9190853216411,32.9190853216411,5,0,45
10543547,215,15/10/2021 00:00:00,15-Oct-2021 08:45:37,15-Oct-2021 15:59:06,39.7165112759365,590.4,72,14.4,07:13:30,3.6083,4.88929539295393,44.6058066688904,32.9190853216411,32.9190853216411,6,0,45
10543545,215,15/10/2021 00:00:00,15-Oct-2021 08:46:55,15-Oct-2021 16:00:26,39.7165112759365,590.4,72,14.4,07:13:30,3.6083,4.88929539295393,44.6058066688904,32.9190853216411,32.9190853216411,7,0,45
10543549,215,15/10/2021 00:00:00,15-Oct-2021 08:49:04,15-Oct-2021 16:02:34,39.7165112759365,590.4,72,14.4,07:13:30,3.6083,4.88929539295393,44.6058066688904,32.9190853216411,32.9190853216411,8,0,45
10543558,215,16/10/2021 00:00:00,16-Oct-2021 06:50:56,16-Oct-2021 14:04:27,39.7165112759365,590.4,72,14.4,07:13:30,3.6083,4.88929539295393,44.6058066688904,32.9190853216411,32.9190853216411,1,0,45
10543553,215,16/10/2021 00:00:00,16-Oct-2021 07:34:28,16-Oct-2021 14:47:59,39.7165112759365,590.4,72,14.4,07:13:30,3.6083,4.88929539295393,44.6058066688904,32.9190853216411,32.9190853216411,2,0,45
10543555,215,16/10/2021 00:00:00,16-Oct-2021 07:37:33,16-Oct-2021 14:51:02,39.7165112759365,590.4,72,14.4,07:13:29,3.6083,4.88929539295393,44.6058066688904,32.9190853216411,32.9190853216411,3,0,45
10543554,215,16/10/2021 00:00:00,16-Oct-2021 08:47:42,16-Oct-2021 16:01:12,39.7165112759365,590.4,72,14.4,07:13:30,3.6083,4.88929539295393,44.6058066688904,32.9190853216411,32.9190853216411,4,0,45
10543552,215,16/10/2021 00:00:00,16-Oct-2021 08:53:17,16-Oct-2021 16:06:46,39.7165112759365,590.4,72,14.4,07:13:30,3.6083,4.88929539295393,44.6058066688904,32.9190853216411,32.9190853216411,5,0,45
10543556,215,16/10/2021 00:00:00,16-Oct-2021 09:04:46,16-Oct-2021 16:18:15,39.7165112759365,590.4,72,14.4,07:13:29,3.6083,4.88929539295393,44.6058066688904,32.9190853216411,32.9190853216411,6,0,45
10543557,215,16/10/2021 00:00:00,16-Oct-2021 09:15:24,16-Oct-2021 16:28:54,39.7165112759365,590.4,72,14.4,07:13:30,3.6083,4.88929539295393,44.6058066688904,32.9190853216411,32.9190853216411,7,0,45
10543561,215,17/10/2021 00:00:00,17-Oct-2021 06:36:52,17-Oct-2021 13:50:23,39.7165112759365,590.4,72,14.4,07:13:30,3.6083,4.88929539295393,44.6058066688904,32.9190853216411,32.9190853216411,1,0,45
10543564,215,17/10/2021 00:00:00,17-Oct-2021 07:07:59,17-Oct-2021 14:21:29,39.7165112759365,590.4,72,14.4,07:13:30,3.6083,4.88929539295393,44.6058066688904,32.9190853216411,32.9190853216411,2,0,45
10543560,215,17/10/2021 00:00:00,17-Oct-2021 07:14:48,17-Oct-2021 14:28:18,39.7165112759365,590.4,72,14.4,07:13:30,3.6083,4.88929539295393,44.6058066688904,32.9190853216411,32.9190853216411,3,0,45
10543559,215,17/10/2021 00:00:00,17-Oct-2021 07:45:40,17-Oct-2021 14:59:09,39.7165112759365,590.4,72,14.4,07:13:30,3.6083,4.88929539295393,44.6058066688904,32.9190853216411,32.9190853216411,4,0,45
10543565,215,17/10/2021 00:00:00,17-Oct-2021 08:17:21,17-Oct-2021 15:30:52,39.7165112759365,590.4,72,14.4,07:13:30,3.6083,4.88929539295393,44.6058066688904,32.9190853216411,32.9190853216411,5,0,45
10543563,215,17/10/2021 00:00:00,17-Oct-2021 08:24:17,17-Oct-2021 15:37:48,39.7165112759365,590.4,72,14.4,07:13:30,3.6083,4.88929539295393,44.6058066688904,32.9190853216411,32.9190853216411,6,0,45
10543566,215,17/10/2021 00:00:00,17-Oct-2021 08:44:18,17-Oct-2021 15:57:48,39.7165112759365,590.4,72,14.4,07:13:30,3.6083,4.88929539295393,44.6058066688904,32.9190853216411,32.9190853216411,7,0,45
10543562,215,17/10/2021 00:00:00,17-Oct-2021 09:12:30,17-Oct-2021 16:26:01,39.7165112759365,590.4,72,14.4,07:13:30,3.6083,4.88929539295393,44.6058066688904,32.9190853216411,32.9190853216411,8,0,45
10543573,215,18/10/2021 00:00:00,18-Oct-2021 06:34:40,18-Oct-2021 13:48:10,39.7165112759365,590.4,72,14.4,07:13:30,3.6083,4.88929539295393,44.6058066688904,32.9190853216411,32.9190853216411,1,0,45
10543568,215,18/10/2021 00:00:00,18-Oct-2021 06:54:46,18-Oct-2021 14:08:15,39.7165112759365,590.4,72,14.4,07:13:29,3.6083,4.88929539295393,44.6058066688904,32.9190853216411,32.9190853216411,2,0,45
10543567,215,18/10/2021 00:00:00,18-Oct-2021 07:12:08,18-Oct-2021 14:25:38,39.7165112759365,590.4,72,14.4,07:13:30,3.6083,4.88929539295393,44.6058066688904,32.9190853216411,32.9190853216411,3,0,45
10543572,215,18/10/2021 00:00:00,18-Oct-2021 08:00:04,18-Oct-2021 15:13:34,39.7165112759365,590.4,72,14.4,07:13:29,3.6083,4.88929539295393,44.6058066688904,32.9190853216411,32.9190853216411,4,0,45
10543575,215,18/10/2021 00:00:00,18-Oct-2021 08:12:43,18-Oct-2021 15:26:12,39.7165112759365,590.4,72,14.4,07:13:29,3.6083,4.88929539295393,44.6058066688904,32.9190853216411,32.9190853216411,5,0,45
10543570,215,18/10/2021 00:00:00,18-Oct-2021 08:19:16,18-Oct-2021 15:32:46,39.7165112759365,590.4,72,14.4,07:13:30,3.6083,4.88929539295393,44.6058066688904,32.9190853216411,32.9190853216411,6,0,45
10543571,215,18/10/2021 00:00:00,18-Oct-2021 08:20:44,18-Oct-2021 15:34:14,39.7165112759365,590.4,72,14.4,07:13:30,3.6083,4.88929539295393,44.6058066688904,32.9190853216411,32.9190853216411,7,0,45
10543569,215,18/10/2021 00:00:00,18-Oct-2021 08:21:34,18-Oct-2021 15:35:04,39.7165112759365,590.4,72,14.4,07:13:30,3.6083,4.88929539295393,44.6058066688904,32.9190853216411,32.9190853216411,8,0,45
10543574,215,18/10/2021 00:00:00,18-Oct-2021 08:24:57,18-Oct-2021 15:38:27,39.7165112759365,590.4,72,14.4,07:13:30,3.6083,4.88929539295393,44.6058066688904,32.9190853216411,32.9190853216411,9,0,45
10543576,215,18/10/2021 00:00:00,18-Oct-2021 14:41:48,18-Oct-2021 21:55:17,39.7165112759365,590.4,72,14.4,07:13:30,3.6083,4.88929539295393,44.6058066688904,32.9190853216411,32.9190853216411,10,0,45
10543577,215,18/10/2021 00:00:00,18-Oct-2021 14:42:50,18-Oct-2021 21:56:21,39.7165112759365,590.4,72,14.4,07:13:30,3.6083,4.88929539295393,44.6058066688904,32.9190853216411,32.9190853216411,11,0,45
10543578,215,18/10/2021 00:00:00,18-Oct-2021 15:06:29,18-Oct-2021 22:19:59,39.7165112759365,590.4,72,14.4,07:13:30,3.6083,4.88929539295393,44.6058066688904,32.9190853216411,32.9190853216411,1,0,45
10543586,215,19/10/2021 00:00:00,19-Oct-2021 06:31:28,19-Oct-2021 13:44:58,39.7165112759365,590.4,72,14.4,07:13:30,3.6083,4.88929539295393,44.6058066688904,32.9190853216411,32.9190853216411,1,0,45
10543582,215,19/10/2021 00:00:00,19-Oct-2021 06:48:01,19-Oct-2021 14:01:31,39.7165112759365,590.4,72,14.4,07:13:30,3.6083,4.88929539295393,44.6058066688904,32.9190853216411,32.9190853216411,2,0,45
10543581,215,19/10/2021 00:00:00,19-Oct-2021 06:50:48,19-Oct-2021 14:04:18,39.7165112759365,590.4,72,14.4,07:13:30,3.6083,4.88929539295393,44.6058066688904,32.9190853216411,32.9190853216411,3,0,45
10543587,215,19/10/2021 00:00:00,19-Oct-2021 07:10:17,19-Oct-2021 14:23:47,39.7165112759365,590.4,72,14.4,07:13:30,3.6083,4.88929539295393,44.6058066688904,32.9190853216411,32.9190853216411,4,0,45
10543585,215,19/10/2021 00:00:00,19-Oct-2021 07:17:59,19-Oct-2021 14:31:28,39.7165112759365,590.4,72,14.4,07:13:30,3.6083,4.88929539295393,44.6058066688904,32.9190853216411,32.9190853216411,5,0,45
10543579,215,19/10/2021 00:00:00,19-Oct-2021 07:25:14,19-Oct-2021 14:38:44,39.7165112759365,590.4,72,14.4,07:13:30,3.6083,4.88929539295393,44.6058066688904,32.9190853216411,32.9190853216411,6,0,45
10543583,215,19/10/2021 00:00:00,19-Oct-2021 07:31:44,19-Oct-2021 14:45:15,39.7165112759365,590.4,72,14.4,07:13:30,3.6083,4.88929539295393,44.6058066688904,32.9190853216411,32.9190853216411,7,0,45
10543580,215,19/10/2021 00:00:00,19-Oct-2021 08:00:44,19-Oct-2021 15:14:13,39.7165112759365,590.4,72,14.4,07:13:30,3.6083,4.88929539295393,44.6058066688904,32.9190853216411,32.9190853216411,8,0,45
10543584,215,19/10/2021 00:00:00,19-Oct-2021 08:28:40,19-Oct-2021 15:42:10,39.7165112759365,590.4,72,14.4,07:13:30,3.6083,4.88929539295393,44.6058066688904,32.9190853216411,32.9190853216411,9,0,45
10543588,215,19/10/2021 00:00:00,19-Oct-2021 14:38:08,19-Oct-2021 21:51:39,39.7165112759365,590.4,72,14.4,07:13:30,3.6083,4.88929539295393,44.6058066688904,32.9190853216411,32.9190853216411,1,0,45
10543589,215,19/10/2021 00:00:00,19-Oct-2021 16:15:03,19-Oct-2021 23:28:33,39.7165112759365,590.4,72,14.4,07:13:30,3.6083,4.88929539295393,44.6058066688904,32.9190853216411,32.9190853216411,2,0,45
10543591,215,20/10/2021 00:00:00,20-Oct-2021 06:56:53,20-Oct-2021 14:10:23,39.7165112759365,590.4,72,14.4,07:13:30,3.6083,4.88929539295393,44.6058066688904,32.9190853216411,32.9190853216411,1,0,45
10543594,215,20/10/2021 00:00:00,20-Oct-2021 07:22:35,20-Oct-2021 14:36:05,39.7165112759365,590.4,72,14.4,07:13:30,3.6083,4.88929539295393,44.6058066688904,32.9190853216411,32.9190853216411,2,0,45
10543595,215,20/10/2021 00:00:00,20-Oct-2021 07:25:41,20-Oct-2021 14:39:11,39.7165112759365,590.4,72,14.4,07:13:30,3.6083,4.88929539295393,44.6058066688904,32.9190853216411,32.9190853216411,3,0,45
10543592,215,20/10/2021 00:00:00,20-Oct-2021 07:31:14,20-Oct-2021 14:44:42,39.7165112759365,590.4,72,14.4,07:13:29,3.6083,4.88929539295393,44.6058066688904,32.9190853216411,32.9190853216411,4,0,45
10543590,215,20/10/2021 00:00:00,20-Oct-2021 07:44:43,20-Oct-2021 14:58:13,39.7165112759365,590.4,72,14.4,07:13:30,3.6083,4.88929539295393,44.6058066688904,32.9190853216411,32.9190853216411,5,0,45
10543593,215,20/10/2021 00:00:00,20-Oct-2021 07:46:24,20-Oct-2021 14:59:53,39.7165112759365,590.4,72,14.4,07:13:30,3.6083,4.88929539295393,44.6058066688904,32.9190853216411,32.9190853216411,6,0,45
10543597,215,20/10/2021 00:00:00,20-Oct-2021 07:49:10,20-Oct-2021 15:02:40,39.7165112759365,590.4,72,14.4,07:13:30,3.6083,4.88929539295393,44.6058066688904,32.9190853216411,32.9190853216411,7,0,45
10543598,215,20/10/2021 00:00:00,20-Oct-2021 08:18:05,20-Oct-2021 15:31:35,39.7165112759365,590.4,72,14.4,07:13:30,3.6083,4.88929539295393,44.6058066688904,32.9190853216411,32.9190853216411,8,0,45
10543596,215,20/10/2021 00:00:00,20-Oct-2021 08:18:40,20-Oct-2021 15:32:09,39.7165112759365,590.4,72,14.4,07:13:30,3.6083,4.88929539295393,44.6058066688904,32.9190853216411,32.9190853216411,9,0,45
10543603,215,21/10/2021 00:00:00,21-Oct-2021 06:30:26,21-Oct-2021 13:43:57,39.7165112759365,590.4,72,14.4,07:13:30,3.6083,4.88929539295393,44.6058066688904,32.9190853216411,32.9190853216411,1,0,45
10543604,215,21/10/2021 00:00:00,21-Oct-2021 06:54:43,21-Oct-2021 14:08:12,39.7165112759365,590.4,72,14.4,07:13:30,3.6083,4.88929539295393,44.6058066688904,32.9190853216411,32.9190853216411,2,0,45
10543601,215,21/10/2021 00:00:00,21-Oct-2021 07:06:05,21-Oct-2021 14:19:34,39.7165112759365,590.4,72,14.4,07:13:29,3.6083,4.88929539295393,44.6058066688904,32.9190853216411,32.9190853216411,3,0,45
10543607,215,21/10/2021 00:00:00,21-Oct-2021 07:09:03,21-Oct-2021 14:22:33,39.7165112759365,590.4,72,14.4,07:13:30,3.6083,4.88929539295393,44.6058066688904,32.9190853216411,32.9190853216411,4,0,45
10543599,215,21/10/2021 00:00:00,21-Oct-2021 07:18:01,21-Oct-2021 14:31:32,39.7165112759365,590.4,72,14.4,07:13:30,3.6083,4.88929539295393,44.6058066688904,32.9190853216411,32.9190853216411,5,0,45
10543605,215,21/10/2021 00:00:00,21-Oct-2021 07:33:24,21-Oct-2021 14:46:54,39.7165112759365,590.4,72,14.4,07:13:30,3.6083,4.88929539295393,44.6058066688904,32.9190853216411,32.9190853216411,6,0,45
10543600,215,21/10/2021 00:00:00,21-Oct-2021 07:33:26,21-Oct-2021 14:46:55,39.7165112759365,590.4,72,14.4,07:13:30,3.6083,4.88929539295393,44.6058066688904,32.9190853216411,32.9190853216411,7,0,45
10543606,215,21/10/2021 00:00:00,21-Oct-2021 07:49:24,21-Oct-2021 15:02:52,39.7165112759365,590.4,72,14.4,07:13:29,3.6083,4.88929539295393,44.6058066688904,32.9190853216411,32.9190853216411,8,0,45
10543602,215,21/10/2021 00:00:00,21-Oct-2021 08:14:01,21-Oct-2021 15:27:32,39.7165112759365,590.4,72,14.4,07:13:30,3.6083,4.88929539295393,44.6058066688904,32.9190853216411,32.9190853216411,9,0,45
10543610,215,22/10/2021 00:00:00,22-Oct-2021 07:01:37,22-Oct-2021 14:18:06,39.5796508718576,590.4,72,14.4,07:16:30,3.6333,4.92317073170732,44.5028216035649,32.8430823434309,32.8430823434309,1,0,45
10543611,215,22/10/2021 00:00:00,22-Oct-2021 07:06:24,22-Oct-2021 14:22:55,39.5796508718576,590.4,72,14.4,07:16:30,3.6333,4.92317073170732,44.5028216035649,32.8430823434309,32.8430823434309,2,0,45
10543613,215,22/10/2021 00:00:00,22-Oct-2021 07:17:09,22-Oct-2021 14:33:40,39.5796508718576,590.4,72,14.4,07:16:30,3.6333,4.92317073170732,44.5028216035649,32.8430823434309,32.8430823434309,3,0,45
10543608,215,22/10/2021 00:00:00,22-Oct-2021 08:40:04,22-Oct-2021 15:56:35,39.5796508718576,590.4,72,14.4,07:16:31,3.6333,4.92317073170732,44.5028216035649,32.8430823434309,32.8430823434309,4,0,45
10543612,215,22/10/2021 00:00:00,22-Oct-2021 08:44:27,22-Oct-2021 16:00:57,39.5796508718576,590.4,72,14.4,07:16:30,3.6333,4.92317073170732,44.5028216035649,32.8430823434309,32.8430823434309,5,0,45
10543609,215,22/10/2021 00:00:00,22-Oct-2021 09:08:57,22-Oct-2021 16:25:26,39.5796508718576,590.4,72,14.4,07:16:30,3.6333,4.92317073170732,44.5028216035649,32.8430823434309,32.8430823434309,6,0,45
10543614,215,22/10/2021 00:00:00,22-Oct-2021 09:13:41,22-Oct-2021 16:30:11,39.5796508718576,590.4,72,14.4,07:16:30,3.6333,4.92317073170732,44.5028216035649,32.8430823434309,32.8430823434309,7,0,45
10543619,215,23/10/2021 00:00:00,23-Oct-2021 07:09:33,23-Oct-2021 14:26:04,39.5796508718576,590.4,72,14.4,07:16:31,3.6333,4.92317073170732,44.5028216035649,32.8430823434309,32.8430823434309,1,0,45
10543617,215,23/10/2021 00:00:00,23-Oct-2021 07:24:03,23-Oct-2021 14:40:34,39.5796508718576,590.4,72,14.4,07:16:31,3.6333,4.92317073170732,44.5028216035649,32.8430823434309,32.8430823434309,2,0,45
10543616,215,23/10/2021 00:00:00,23-Oct-2021 07:50:54,23-Oct-2021 15:07:25,39.5796508718576,590.4,72,14.4,07:16:30,3.6333,4.92317073170732,44.5028216035649,32.8430823434309,32.8430823434309,3,0,45
10543620,215,23/10/2021 00:00:00,23-Oct-2021 08:38:31,23-Oct-2021 15:55:02,39.5796508718576,590.4,72,14.4,07:16:31,3.6333,4.92317073170732,44.5028216035649,32.8430823434309,32.8430823434309,4,0,45
10543615,215,23/10/2021 00:00:00,23-Oct-2021 08:51:52,23-Oct-2021 16:08:22,39.5796508718576,590.4,72,14.4,07:16:30,3.6333,4.92317073170732,44.5028216035649,32.8430823434309,32.8430823434309,5,0,45
10543618,215,23/10/2021 00:00:00,23-Oct-2021 09:25:56,23-Oct-2021 16:42:26,39.5796508718576,590.4,72,14.4,07:16:30,3.6333,4.92317073170732,44.5028216035649,32.8430823434309,32.8430823434309,6,0,45
10543621,215,24/10/2021 00:00:00,24-Oct-2021 07:01:15,24-Oct-2021 14:17:44,39.5796508718576,590.4,72,14.4,07:16:30,3.6333,4.92317073170732,44.5028216035649,32.8430823434309,32.8430823434309,1,0,45
10543626,215,24/10/2021 00:00:00,24-Oct-2021 07:06:22,24-Oct-2021 14:22:52,39.5796508718576,590.4,72,14.4,07:16:30,3.6333,4.92317073170732,44.5028216035649,32.8430823434309,32.8430823434309,2,0,45
10543623,215,24/10/2021 00:00:00,24-Oct-2021 07:41:38,24-Oct-2021 14:58:09,39.5796508718576,590.4,72,14.4,07:16:30,3.6333,4.92317073170732,44.5028216035649,32.8430823434309,32.8430823434309,3,0,45
10543624,215,24/10/2021 00:00:00,24-Oct-2021 07:48:48,24-Oct-2021 15:05:19,39.5796508718576,590.4,72,14.4,07:16:30,3.6333,4.92317073170732,44.5028216035649,32.8430823434309,32.8430823434309,4,0,45
10543625,215,24/10/2021 00:00:00,24-Oct-2021 08:30:18,24-Oct-2021 15:46:48,39.5796508718576,590.4,72,14.4,07:16:30,3.6333,4.92317073170732,44.5028216035649,32.8430823434309,32.8430823434309,5,0,45
10543627,215,24/10/2021 00:00:00,24-Oct-2021 08:51:28,24-Oct-2021 16:07:59,39.5796508718576,590.4,72,14.4,07:16:31,3.6333,4.92317073170732,44.5028216035649,32.8430823434309,32.8430823434309,6,0,45
10543622,215,24/10/2021 00:00:00,24-Oct-2021 09:16:12,24-Oct-2021 16:32:43,39.5796508718576,590.4,72,14.4,07:16:30,3.6333,4.92317073170732,44.5028216035649,32.8430823434309,32.8430823434309,7,0,45
10543634,215,25/10/2021 00:00:00,25-Oct-2021 06:45:31,25-Oct-2021 14:02:02,39.5796508718576,590.4,72,14.4,07:16:30,3.6333,4.92317073170732,44.5028216035649,32.8430823434309,32.8430823434309,1,0,45
10543628,215,25/10/2021 00:00:00,25-Oct-2021 07:09:22,25-Oct-2021 14:25:52,39.5796508718576,590.4,72,14.4,07:16:30,3.6333,4.92317073170732,44.5028216035649,32.8430823434309,32.8430823434309,2,0,45
10543631,215,25/10/2021 00:00:00,25-Oct-2021 07:18:39,25-Oct-2021 14:35:10,39.5796508718576,590.4,72,14.4,07:16:31,3.6333,4.92317073170732,44.5028216035649,32.8430823434309,32.8430823434309,3,0,45
10543632,215,25/10/2021 00:00:00,25-Oct-2021 07:32:47,25-Oct-2021 14:49:16,39.5796508718576,590.4,72,14.4,07:16:30,3.6333,4.92317073170732,44.5028216035649,32.8430823434309,32.8430823434309,4,0,45
10543633,215,25/10/2021 00:00:00,25-Oct-2021 07:35:54,25-Oct-2021 14:52:24,39.5796508718576,590.4,72,14.4,07:16:30,3.6333,4.92317073170732,44.5028216035649,32.8430823434309,32.8430823434309,5,0,45
10543630,215,25/10/2021 00:00:00,25-Oct-2021 07:36:25,25-Oct-2021 14:52:55,39.5796508718576,590.4,72,14.4,07:16:30,3.6333,4.92317073170732,44.5028216035649,32.8430823434309,32.8430823434309,6,0,45
10543635,215,25/10/2021 00:00:00,25-Oct-2021 07:45:58,25-Oct-2021 15:02:29,39.5796508718576,590.4,72,14.4,07:16:30,3.6333,4.92317073170732,44.5028216035649,32.8430823434309,32.8430823434309,7,0,45
10543636,215,25/10/2021 00:00:00,25-Oct-2021 07:46:33,25-Oct-2021 15:03:03,39.5796508718576,590.4,72,14.4,07:16:30,3.6333,4.92317073170732,44.5028216035649,32.8430823434309,32.8430823434309,8,0,45
10543629,215,25/10/2021 00:00:00,25-Oct-2021 08:28:41,25-Oct-2021 15:45:11,39.5796508718576,590.4,72,14.4,07:16:30,3.6333,4.92317073170732,44.5028216035649,32.8430823434309,32.8430823434309,9,0,45
10543637,215,25/10/2021 00:00:00,25-Oct-2021 16:16:39,25-Oct-2021 23:33:09,39.5796508718576,590.4,72,14.4,07:16:30,3.6333,4.92317073170732,44.5028216035649,32.8430823434309,32.8430823434309,1,0,45
10543642,215,26/10/2021 00:00:00,26-Oct-2021 06:33:53,26-Oct-2021 13:50:24,39.5796508718576,590.4,72,14.4,07:16:30,3.6333,4.92317073170732,44.5028216035649,32.8430823434309,32.8430823434309,1,0,45
10543638,215,26/10/2021 00:00:00,26-Oct-2021 07:07:44,26-Oct-2021 14:24:15,39.5796508718576,590.4,72,14.4,07:16:31,3.6333,4.92317073170732,44.5028216035649,32.8430823434309,32.8430823434309,2,0,45
10543646,215,26/10/2021 00:00:00,26-Oct-2021 07:36:27,26-Oct-2021 14:52:58,39.5796508718576,590.4,72,14.4,07:16:30,3.6333,4.92317073170732,44.5028216035649,32.8430823434309,32.8430823434309,3,0,45
10543639,215,26/10/2021 00:00:00,26-Oct-2021 07:38:00,26-Oct-2021 14:54:30,39.5796508718576,590.4,72,14.4,07:16:30,3.6333,4.92317073170732,44.5028216035649,32.8430823434309,32.8430823434309,4,0,45
10543641,215,26/10/2021 00:00:00,26-Oct-2021 07:41:42,26-Oct-2021 14:58:12,39.5796508718576,590.4,72,14.4,07:16:30,3.6333,4.92317073170732,44.5028216035649,32.8430823434309,32.8430823434309,5,0,45
10543645,215,26/10/2021 00:00:00,26-Oct-2021 07:59:27,26-Oct-2021 15:15:57,39.5796508718576,590.4,72,14.4,07:16:30,3.6333,4.92317073170732,44.5028216035649,32.8430823434309,32.8430823434309,6,0,45
10543643,215,26/10/2021 00:00:00,26-Oct-2021 08:03:04,26-Oct-2021 15:19:33,39.5796508718576,590.4,72,14.4,07:16:30,3.6333,4.92317073170732,44.5028216035649,32.8430823434309,32.8430823434309,7,0,45
10543644,215,26/10/2021 00:00:00,26-Oct-2021 08:09:50,26-Oct-2021 15:26:20,39.5796508718576,590.4,72,14.4,07:16:30,3.6333,4.92317073170732,44.5028216035649,32.8430823434309,32.8430823434309,8,0,45
10543640,215,26/10/2021 00:00:00,26-Oct-2021 08:20:19,26-Oct-2021 15:36:49,39.5796508718576,590.4,72,14.4,07:16:30,3.6333,4.92317073170732,44.5028216035649,32.8430823434309,32.8430823434309,9,0,45
10543647,215,26/10/2021 00:00:00,26-Oct-2021 15:47:54,26-Oct-2021 23:04:23,39.5796508718576,590.4,72,14.4,07:16:30,3.6333,4.92317073170732,44.5028216035649,32.8430823434309,32.8430823434309,1,0,45
10543655,215,27/10/2021 00:00:00,27-Oct-2021 06:50:01,27-Oct-2021 14:06:31,39.5796508718576,590.4,72,14.4,07:16:30,3.6333,4.92317073170732,44.5028216035649,32.8430823434309,32.8430823434309,1,0,45
10543653,215,27/10/2021 00:00:00,27-Oct-2021 07:04:20,27-Oct-2021 14:20:49,39.5796508718576,590.4,72,14.4,07:16:30,3.6333,4.92317073170732,44.5028216035649,32.8430823434309,32.8430823434309,2,0,45
10543654,215,27/10/2021 00:00:00,27-Oct-2021 07:06:13,27-Oct-2021 14:22:43,39.5796508718576,590.4,72,14.4,07:16:30,3.6333,4.92317073170732,44.5028216035649,32.8430823434309,32.8430823434309,3,0,45
10543648,215,27/10/2021 00:00:00,27-Oct-2021 07:13:27,27-Oct-2021 14:29:58,39.5796508718576,590.4,72,14.4,07:16:30,3.6333,4.92317073170732,44.5028216035649,32.8430823434309,32.8430823434309,4,0,45
10543651,215,27/10/2021 00:00:00,27-Oct-2021 07:15:24,27-Oct-2021 14:31:54,39.5796508718576,590.4,72,14.4,07:16:30,3.6333,4.92317073170732,44.5028216035649,32.8430823434309,32.8430823434309,5,0,45
10543649,215,27/10/2021 00:00:00,27-Oct-2021 07:49:45,27-Oct-2021 15:06:15,39.5796508718576,590.4,72,14.4,07:16:30,3.6333,4.92317073170732,44.5028216035649,32.8430823434309,32.8430823434309,6,0,45
10543652,215,27/10/2021 00:00:00,27-Oct-2021 07:50:22,27-Oct-2021 15:06:53,39.5796508718576,590.4,72,14.4,07:16:31,3.6333,4.92317073170732,44.5028216035649,32.8430823434309,32.8430823434309,7,0,45
10543650,215,27/10/2021 00:00:00,27-Oct-2021 08:29:13,27-Oct-2021 15:45:43,39.5796508718576,590.4,72,14.4,07:16:30,3.6333,4.92317073170732,44.5028216035649,32.8430823434309,32.8430823434309,8,0,45
10543660,215,28/10/2021 00:00:00,28-Oct-2021 06:48:16,28-Oct-2021 14:04:45,39.5796508718576,590.4,72,14.4,07:16:30,3.6333,4.92317073170732,44.5028216035649,32.8430823434309,32.8430823434309,1,0,45
10543658,215,28/10/2021 00:00:00,28-Oct-2021 07:09:52,28-Oct-2021 14:26:23,39.5796508718576,590.4,72,14.4,07:16:30,3.6333,4.92317073170732,44.5028216035649,32.8430823434309,32.8430823434309,2,0,45
10543661,215,28/10/2021 00:00:00,28-Oct-2021 07:25:07,28-Oct-2021 14:41:36,39.5796508718576,590.4,72,14.4,07:16:30,3.6333,4.92317073170732,44.5028216035649,32.8430823434309,32.8430823434309,3,0,45
10543656,215,28/10/2021 00:00:00,28-Oct-2021 08:27:43,28-Oct-2021 15:44:13,39.5796508718576,590.4,72,14.4,07:16:30,3.6333,4.92317073170732,44.5028216035649,32.8430823434309,32.8430823434309,4,0,45
10543662,215,28/10/2021 00:00:00,28-Oct-2021 08:41:23,28-Oct-2021 15:57:52,39.5796508718576,590.4,72,14.4,07:16:30,3.6333,4.92317073170732,44.5028216035649,32.8430823434309,32.8430823434309,5,0,45
10543657,215,28/10/2021 00:00:00,28-Oct-2021 09:01:14,28-Oct-2021 16:17:44,39.5796508718576,590.4,72,14.4,07:16:30,3.6333,4.92317073170732,44.5028216035649,32.8430823434309,32.8430823434309,6,0,45
10543659,215,28/10/2021 00:00:00,28-Oct-2021 09:18:11,28-Oct-2021 16:34:41,39.5796508718576,590.4,72,14.4,07:16:30,3.6333,4.92317073170732,44.5028216035649,32.8430823434309,32.8430823434309,7,0,45
10543663,215,28/10/2021 00:00:00,28-Oct-2021 09:22:21,28-Oct-2021 16:38:52,39.5796508718576,590.4,72,14.4,07:16:31,3.6333,4.92317073170732,44.5028216035649,32.8430823434309,32.8430823434309,8,0,45
10543665,215,29/10/2021 00:00:00,29-Oct-2021 06:30:51,29-Oct-2021 13:43:04,41.2739324658017,590.4,72,14.4,07:12:13,3.6,4.8780487804878,46.1519812462895,34.0601621597617,34.0601621597617,1,0,45
10543668,215,29/10/2021 00:00:00,29-Oct-2021 06:50:18,29-Oct-2021 14:02:31,41.2739324658017,590.4,72,14.4,07:12:13,3.6,4.8780487804878,46.1519812462895,34.0601621597617,34.0601621597617,2,0,45
10543669,215,29/10/2021 00:00:00,29-Oct-2021 07:48:26,29-Oct-2021 15:00:40,41.2739324658017,590.4,72,14.4,07:12:13,3.6,4.8780487804878,46.1519812462895,34.0601621597617,34.0601621597617,3,0,45
10543667,215,29/10/2021 00:00:00,29-Oct-2021 09:10:22,29-Oct-2021 16:22:35,41.2739324658017,590.4,72,14.4,07:12:13,3.6,4.8780487804878,46.1519812462895,34.0601621597617,34.0601621597617,4,0,45
10543666,215,29/10/2021 00:00:00,29-Oct-2021 09:11:14,29-Oct-2021 16:23:27,41.2739324658017,590.4,72,14.4,07:12:13,3.6,4.8780487804878,46.1519812462895,34.0601621597617,34.0601621597617,5,0,45
10543664,215,29/10/2021 00:00:00,29-Oct-2021 09:12:59,29-Oct-2021 16:25:11,41.2739324658017,590.4,72,14.4,07:12:13,3.6,4.8780487804878,46.1519812462895,34.0601621597617,34.0601621597617,6,0,45
10543670,215,29/10/2021 00:00:00,29-Oct-2021 09:27:31,29-Oct-2021 16:39:44,41.2739324658017,590.4,72,14.4,07:12:13,3.6,4.8780487804878,46.1519812462895,34.0601621597617,34.0601621597617,7,0,45
10543676,215,30/10/2021 00:00:00,30-Oct-2021 06:30:45,30-Oct-2021 13:42:58,41.2739324658017,590.4,72,14.4,07:12:13,3.6,4.8780487804878,46.1519812462895,34.0601621597617,34.0601621597617,1,0,45
10543671,215,30/10/2021 00:00:00,30-Oct-2021 06:56:15,30-Oct-2021 14:08:28,41.2739324658017,590.4,72,14.4,07:12:13,3.6,4.8780487804878,46.1519812462895,34.0601621597617,34.0601621597617,2,0,45
10543675,215,30/10/2021 00:00:00,30-Oct-2021 08:41:58,30-Oct-2021 15:54:12,41.2739324658017,590.4,72,14.4,07:12:13,3.6,4.8780487804878,46.1519812462895,34.0601621597617,34.0601621597617,3,0,45
10543674,215,30/10/2021 00:00:00,30-Oct-2021 09:11:01,30-Oct-2021 16:23:13,41.2739324658017,590.4,72,14.4,07:12:13,3.6,4.8780487804878,46.1519812462895,34.0601621597617,34.0601621597617,4,0,45
10543672,215,30/10/2021 00:00:00,30-Oct-2021 09:16:45,30-Oct-2021 16:28:58,41.2739324658017,590.4,72,14.4,07:12:13,3.6,4.8780487804878,46.1519812462895,34.0601621597617,34.0601621597617,5,0,45
10543673,215,30/10/2021 00:00:00,30-Oct-2021 09:24:07,30-Oct-2021 16:36:20,41.2739324658017,590.4,72,14.4,07:12:13,3.6,4.8780487804878,46.1519812462895,34.0601621597617,34.0601621597617,6,0,45
10543683,215,31/10/2021 00:00:00,31-Oct-2021 06:33:14,31-Oct-2021 13:45:27,41.2739324658017,590.4,72,14.4,07:12:13,3.6,4.8780487804878,46.1519812462895,34.0601621597617,34.0601621597617,1,0,45
10543677,215,31/10/2021 00:00:00,31-Oct-2021 06:44:05,31-Oct-2021 13:56:18,41.2739324658017,590.4,72,14.4,07:12:13,3.6,4.8780487804878,46.1519812462895,34.0601621597617,34.0601621597617,2,0,45
10543679,215,31/10/2021 00:00:00,31-Oct-2021 07:19:33,31-Oct-2021 14:31:46,41.2739324658017,590.4,72,14.4,07:12:13,3.6,4.8780487804878,46.1519812462895,34.0601621597617,34.0601621597617,3,0,45
10543682,215,31/10/2021 00:00:00,31-Oct-2021 08:14:59,31-Oct-2021 15:27:12,41.2739324658017,590.4,72,14.4,07:12:13,3.6,4.8780487804878,46.1519812462895,34.0601621597617,34.0601621597617,4,0,45
10543678,215,31/10/2021 00:00:00,31-Oct-2021 08:26:22,31-Oct-2021 15:38:35,41.2739324658017,590.4,72,14.4,07:12:13,3.6,4.8780487804878,46.1519812462895,34.0601621597617,34.0601621597617,5,0,45
10543680,215,31/10/2021 00:00:00,31-Oct-2021 08:44:55,31-Oct-2021 15:57:07,41.2739324658017,590.4,72,14.4,07:12:13,3.6,4.8780487804878,46.1519812462895,34.0601621597617,34.0601621597617,6,0,45
10543681,215,31/10/2021 00:00:00,31-Oct-2021 09:01:27,31-Oct-2021 16:13:40,41.2739324658017,590.4,72,14.4,07:12:13,3.6,4.8780487804878,46.1519812462895,34.0601621597617,34.0601621597617,7,0,45
10543686,215,01/11/2021 00:00:00,01-Nov-2021 06:32:25,01-Nov-2021 13:44:39,41.2739324658017,590.4,72,14.4,07:12:13,3.6,4.8780487804878,46.1519812462895,34.0601621597617,34.0601621597617,1,0,45
10543687,215,01/11/2021 00:00:00,01-Nov-2021 06:34:45,01-Nov-2021 13:46:57,41.2739324658017,590.4,72,14.4,07:12:13,3.6,4.8780487804878,46.1519812462895,34.0601621597617,34.0601621597617,2,0,45
10543685,215,01/11/2021 00:00:00,01-Nov-2021 06:36:18,01-Nov-2021 13:48:31,41.2739324658017,590.4,72,14.4,07:12:13,3.6,4.8780487804878,46.1519812462895,34.0601621597617,34.0601621597617,3,0,45
10543692,215,01/11/2021 00:00:00,01-Nov-2021 06:51:15,01-Nov-2021 14:03:28,41.2739324658017,590.4,72,14.4,07:12:13,3.6,4.8780487804878,46.1519812462895,34.0601621597617,34.0601621597617,4,0,45
10543691,215,01/11/2021 00:00:00,01-Nov-2021 07:04:46,01-Nov-2021 14:16:59,41.2739324658017,590.4,72,14.4,07:12:13,3.6,4.8780487804878,46.1519812462895,34.0601621597617,34.0601621597617,5,0,45
10543684,215,01/11/2021 00:00:00,01-Nov-2021 07:13:29,01-Nov-2021 14:25:42,41.2739324658017,590.4,72,14.4,07:12:13,3.6,4.8780487804878,46.1519812462895,34.0601621597617,34.0601621597617,6,0,45
10543689,215,01/11/2021 00:00:00,01-Nov-2021 07:24:52,01-Nov-2021 14:37:05,41.2739324658017,590.4,72,14.4,07:12:13,3.6,4.8780487804878,46.1519812462895,34.0601621597617,34.0601621597617,7,0,45
10543688,215,01/11/2021 00:00:00,01-Nov-2021 07:40:47,01-Nov-2021 14:53:01,41.2739324658017,590.4,72,14.4,07:12:13,3.6,4.8780487804878,46.1519812462895,34.0601621597617,34.0601621597617,8,0,45
10543690,215,01/11/2021 00:00:00,01-Nov-2021 08:23:10,01-Nov-2021 15:35:23,41.2739324658017,590.4,72,14.4,07:12:13,3.6,4.8780487804878,46.1519812462895,34.0601621597617,34.0601621597617,9,0,45
10543693,215,01/11/2021 00:00:00,01-Nov-2021 15:39:10,01-Nov-2021 22:51:23,41.2739324658017,590.4,72,14.4,07:12:13,3.6,4.8780487804878,46.1519812462895,34.0601621597617,34.0601621597617,1,0,45
10543694,215,02/11/2021 00:00:00,02-Nov-2021 06:34:30,02-Nov-2021 13:46:42,41.2739324658017,590.4,72,14.4,07:12:13,3.6,4.8780487804878,46.1519812462895,34.0601621597617,34.0601621597617,1,0,45
10543702,215,02/11/2021 00:00:00,02-Nov-2021 06:47:27,02-Nov-2021 13:59:40,41.2739324658017,590.4,72,14.4,07:12:13,3.6,4.8780487804878,46.1519812462895,34.0601621597617,34.0601621597617,2,0,45
10543701,215,02/11/2021 00:00:00,02-Nov-2021 07:01:20,02-Nov-2021 14:13:34,41.2739324658017,590.4,72,14.4,07:12:13,3.6,4.8780487804878,46.1519812462895,34.0601621597617,34.0601621597617,3,0,45
10543696,215,02/11/2021 00:00:00,02-Nov-2021 07:27:24,02-Nov-2021 14:39:37,41.2739324658017,590.4,72,14.4,07:12:13,3.6,4.8780487804878,46.1519812462895,34.0601621597617,34.0601621597617,4,0,45
10543698,215,02/11/2021 00:00:00,02-Nov-2021 07:33:29,02-Nov-2021 14:45:43,41.2739324658017,590.4,72,14.4,07:12:13,3.6,4.8780487804878,46.1519812462895,34.0601621597617,34.0601621597617,5,0,45
10543699,215,02/11/2021 00:00:00,02-Nov-2021 07:34:03,02-Nov-2021 14:46:16,41.2739324658017,590.4,72,14.4,07:12:13,3.6,4.8780487804878,46.1519812462895,34.0601621597617,34.0601621597617,6,0,45
10543695,215,02/11/2021 00:00:00,02-Nov-2021 07:48:49,02-Nov-2021 15:01:03,41.2739324658017,590.4,72,14.4,07:12:13,3.6,4.8780487804878,46.1519812462895,34.0601621597617,34.0601621597617,7,0,45
10543697,215,02/11/2021 00:00:00,02-Nov-2021 07:51:30,02-Nov-2021 15:03:43,41.2739324658017,590.4,72,14.4,07:12:13,3.6,4.8780487804878,46.1519812462895,34.0601621597617,34.0601621597617,8,0,45
10543700,215,02/11/2021 00:00:00,02-Nov-2021 08:22:48,02-Nov-2021 15:35:00,41.2739324658017,590.4,72,14.4,07:12:13,3.6,4.8780487804878,46.1519812462895,34.0601621597617,34.0601621597617,9,0,45
10543703,215,02/11/2021 00:00:00,02-Nov-2021 15:43:10,02-Nov-2021 22:55:25,41.2739324658017,590.4,72,14.4,07:12:14,3.6,4.8780487804878,46.1519812462895,34.0601621597617,34.0601621597617,1,0,45
10543711,215,03/11/2021 00:00:00,03-Nov-2021 06:42:48,03-Nov-2021 13:55:02,41.2739324658017,590.4,72,14.4,07:12:13,3.6,4.8780487804878,46.1519812462895,34.0601621597617,34.0601621597617,1,0,45
10543706,215,03/11/2021 00:00:00,03-Nov-2021 08:15:15,03-Nov-2021 15:27:27,41.2739324658017,590.4,72,14.4,07:12:13,3.6,4.8780487804878,46.1519812462895,34.0601621597617,34.0601621597617,2,0,45
10543705,215,03/11/2021 00:00:00,03-Nov-2021 08:15:44,03-Nov-2021 15:27:57,41.2739324658017,590.4,72,14.4,07:12:13,3.6,4.8780487804878,46.1519812462895,34.0601621597617,34.0601621597617,3,0,45
10543704,215,03/11/2021 00:00:00,03-Nov-2021 08:25:43,03-Nov-2021 15:37:56,41.2739324658017,590.4,72,14.4,07:12:13,3.6,4.8780487804878,46.1519812462895,34.0601621597617,34.0601621597617,4,0,45
10543707,215,03/11/2021 00:00:00,03-Nov-2021 08:34:00,03-Nov-2021 15:46:13,41.2739324658017,590.4,72,14.4,07:12:13,3.6,4.8780487804878,46.1519812462895,34.0601621597617,34.0601621597617,5,0,45
10543709,215,03/11/2021 00:00:00,03-Nov-2021 09:03:32,03-Nov-2021 16:15:45,41.2739324658017,590.4,72,14.4,07:12:13,3.6,4.8780487804878,46.1519812462895,34.0601621597617,34.0601621597617,6,0,45
10543708,215,03/11/2021 00:00:00,03-Nov-2021 09:08:25,03-Nov-2021 16:20:38,41.2739324658017,590.4,72,14.4,07:12:13,3.6,4.8780487804878,46.1519812462895,34.0601621597617,34.0601621597617,7,0,45
10543710,215,03/11/2021 00:00:00,03-Nov-2021 09:21:42,03-Nov-2021 16:33:55,41.2739324658017,590.4,72,14.4,07:12:13,3.6,4.8780487804878,46.1519812462895,34.0601621597617,34.0601621597617,8,0,45
10543714,215,04/11/2021 00:00:00,04-Nov-2021 06:34:45,04-Nov-2021 13:46:57,41.2739324658017,590.4,72,14.4,07:12:13,3.6,4.8780487804878,46.1519812462895,34.0601621597617,34.0601621597617,1,0,45
10543713,215,04/11/2021 00:00:00,04-Nov-2021 06:38:17,04-Nov-2021 13:50:30,41.2739324658017,590.4,72,14.4,07:12:13,3.6,4.8780487804878,46.1519812462895,34.0601621597617,34.0601621597617,2,0,45
10543712,215,04/11/2021 00:00:00,04-Nov-2021 07:05:38,04-Nov-2021 14:17:51,41.2739324658017,590.4,72,14.4,07:12:13,3.6,4.8780487804878,46.1519812462895,34.0601621597617,34.0601621597617,3,0,45
10543716,215,04/11/2021 00:00:00,04-Nov-2021 07:14:51,04-Nov-2021 14:27:04,41.2739324658017,590.4,72,14.4,07:12:13,3.6,4.8780487804878,46.1519812462895,34.0601621597617,34.0601621597617,4,0,45
10543717,215,04/11/2021 00:00:00,04-Nov-2021 07:58:24,04-Nov-2021 15:10:37,41.2739324658017,590.4,72,14.4,07:12:13,3.6,4.8780487804878,46.1519812462895,34.0601621597617,34.0601621597617,5,0,45
10543719,215,04/11/2021 00:00:00,04-Nov-2021 09:17:18,04-Nov-2021 16:29:31,41.2739324658017,590.4,72,14.4,07:12:13,3.6,4.8780487804878,46.1519812462895,34.0601621597617,34.0601621597617,6,0,45
10543718,215,04/11/2021 00:00:00,04-Nov-2021 09:26:06,04-Nov-2021 16:38:18,41.2739324658017,590.4,72,14.4,07:12:13,3.6,4.8780487804878,46.1519812462895,34.0601621597617,34.0601621597617,7,0,45
10543715,215,04/11/2021 00:00:00,04-Nov-2021 09:27:10,04-Nov-2021 16:39:23,41.2739324658017,590.4,72,14.4,07:12:13,3.6,4.8780487804878,46.1519812462895,34.0601621597617,34.0601621597617,8,0,45
10543725,215,05/11/2021 00:00:00,05-Nov-2021 06:31:38,05-Nov-2021 13:02:37,38.3369827700876,590.4,72,14.4,06:30:59,3.25,4.40379403794038,42.740776808028,31.5426932843246,31.5426932843246,1,0,45
10543727,215,05/11/2021 00:00:00,05-Nov-2021 06:34:46,05-Nov-2021 13:05:46,38.3369827700876,590.4,72,14.4,06:30:59,3.25,4.40379403794038,42.740776808028,31.5426932843246,31.5426932843246,2,0,45
10543726,215,05/11/2021 00:00:00,05-Nov-2021 06:35:35,05-Nov-2021 13:06:34,38.3369827700876,590.4,72,14.4,06:30:59,3.25,4.40379403794038,42.740776808028,31.5426932843246,31.5426932843246,3,0,45
10543723,215,05/11/2021 00:00:00,05-Nov-2021 06:50:59,05-Nov-2021 13:21:58,38.3369827700876,590.4,72,14.4,06:30:59,3.25,4.40379403794038,42.740776808028,31.5426932843246,31.5426932843246,4,0,45
10543720,215,05/11/2021 00:00:00,05-Nov-2021 06:55:49,05-Nov-2021 13:26:48,38.3369827700876,590.4,72,14.4,06:30:59,3.25,4.40379403794038,42.740776808028,31.5426932843246,31.5426932843246,5,0,45
10543728,215,05/11/2021 00:00:00,05-Nov-2021 06:59:47,05-Nov-2021 13:30:45,38.3369827700876,590.4,72,14.4,06:30:59,3.25,4.40379403794038,42.740776808028,31.5426932843246,31.5426932843246,6,0,45
10543722,215,05/11/2021 00:00:00,05-Nov-2021 07:06:27,05-Nov-2021 13:37:25,38.3369827700876,590.4,72,14.4,06:30:59,3.25,4.40379403794038,42.740776808028,31.5426932843246,31.5426932843246,7,0,45
10543721,215,05/11/2021 00:00:00,05-Nov-2021 07:50:55,05-Nov-2021 14:21:55,38.3369827700876,590.4,72,14.4,06:30:59,3.25,4.40379403794038,42.740776808028,31.5426932843246,31.5426932843246,8,0,45
10543724,215,05/11/2021 00:00:00,05-Nov-2021 08:21:19,05-Nov-2021 14:52:18,38.3369827700876,590.4,72,14.4,06:30:59,3.25,4.40379403794038,42.740776808028,31.5426932843246,31.5426932843246,9,0,45
10543732,215,06/11/2021 00:00:00,06-Nov-2021 06:49:53,06-Nov-2021 13:20:52,38.3369827700876,590.4,72,14.4,06:30:59,3.25,4.40379403794038,42.740776808028,31.5426932843246,31.5426932843246,1,0,45
10543736,215,06/11/2021 00:00:00,06-Nov-2021 08:05:59,06-Nov-2021 14:36:59,38.3369827700876,590.4,72,14.4,06:30:59,3.25,4.40379403794038,42.740776808028,31.5426932843246,31.5426932843246,2,0,45
10543730,215,06/11/2021 00:00:00,06-Nov-2021 08:20:53,06-Nov-2021 14:51:51,38.3369827700876,590.4,72,14.4,06:30:59,3.25,4.40379403794038,42.740776808028,31.5426932843246,31.5426932843246,3,0,45
10543731,215,06/11/2021 00:00:00,06-Nov-2021 08:21:04,06-Nov-2021 14:52:03,38.3369827700876,590.4,72,14.4,06:30:59,3.25,4.40379403794038,42.740776808028,31.5426932843246,31.5426932843246,4,0,45
10543735,215,06/11/2021 00:00:00,06-Nov-2021 08:28:36,06-Nov-2021 14:59:36,38.3369827700876,590.4,72,14.4,06:30:59,3.25,4.40379403794038,42.740776808028,31.5426932843246,31.5426932843246,5,0,45
10543734,215,06/11/2021 00:00:00,06-Nov-2021 08:58:22,06-Nov-2021 15:29:21,38.3369827700876,590.4,72,14.4,06:30:59,3.25,4.40379403794038,42.740776808028,31.5426932843246,31.5426932843246,6,0,45
10543729,215,06/11/2021 00:00:00,06-Nov-2021 09:18:11,06-Nov-2021 15:49:10,38.3369827700876,590.4,72,14.4,06:30:59,3.25,4.40379403794038,42.740776808028,31.5426932843246,31.5426932843246,7,0,45
10543733,215,06/11/2021 00:00:00,06-Nov-2021 09:27:31,06-Nov-2021 15:58:29,38.3369827700876,590.4,72,14.4,06:30:59,3.25,4.40379403794038,42.740776808028,31.5426932843246,31.5426932843246,8,0,45
10543738,215,07/11/2021 00:00:00,07-Nov-2021 06:48:12,07-Nov-2021 13:19:11,38.3369827700876,590.4,72,14.4,06:30:59,3.25,4.40379403794038,42.740776808028,31.5426932843246,31.5426932843246,1,0,45
10543737,215,07/11/2021 00:00:00,07-Nov-2021 07:19:29,07-Nov-2021 13:50:28,38.3369827700876,590.4,72,14.4,06:30:59,3.25,4.40379403794038,42.740776808028,31.5426932843246,31.5426932843246,2,0,45
10543742,215,07/11/2021 00:00:00,07-Nov-2021 07:30:04,07-Nov-2021 14:01:02,38.3369827700876,590.4,72,14.4,06:30:59,3.25,4.40379403794038,42.740776808028,31.5426932843246,31.5426932843246,3,0,45
10543744,215,07/11/2021 00:00:00,07-Nov-2021 07:32:02,07-Nov-2021 14:03:01,38.3369827700876,590.4,72,14.4,06:30:59,3.25,4.40379403794038,42.740776808028,31.5426932843246,31.5426932843246,4,0,45
10543745,215,07/11/2021 00:00:00,07-Nov-2021 07:48:11,07-Nov-2021 14:19:11,38.3369827700876,590.4,72,14.4,06:30:59,3.25,4.40379403794038,42.740776808028,31.5426932843246,31.5426932843246,5,0,45
10543743,215,07/11/2021 00:00:00,07-Nov-2021 07:57:58,07-Nov-2021 14:28:58,38.3369827700876,590.4,72,14.4,06:30:59,3.25,4.40379403794038,42.740776808028,31.5426932843246,31.5426932843246,6,0,45
10543741,215,07/11/2021 00:00:00,07-Nov-2021 08:10:26,07-Nov-2021 14:41:25,38.3369827700876,590.4,72,14.4,06:30:59,3.25,4.40379403794038,42.740776808028,31.5426932843246,31.5426932843246,7,0,45
10543740,215,07/11/2021 00:00:00,07-Nov-2021 08:11:18,07-Nov-2021 14:42:17,38.3369827700876,590.4,72,14.4,06:30:59,3.25,4.40379403794038,42.740776808028,31.5426932843246,31.5426932843246,8,0,45
10543739,215,07/11/2021 00:00:00,07-Nov-2021 08:29:03,07-Nov-2021 15:00:01,38.3369827700876,590.4,72,14.4,06:30:59,3.25,4.40379403794038,42.740776808028,31.5426932843246,31.5426932843246,9,0,45
10543754,215,08/11/2021 00:00:00,08-Nov-2021 06:52:07,08-Nov-2021 13:23:05,38.3369827700876,590.4,72,14.4,06:30:59,3.25,4.40379403794038,42.740776808028,31.5426932843246,31.5426932843246,1,0,45
10543750,215,08/11/2021 00:00:00,08-Nov-2021 06:54:01,08-Nov-2021 13:25:00,38.3369827700876,590.4,72,14.4,06:30:59,3.25,4.40379403794038,42.740776808028,31.5426932843246,31.5426932843246,2,0,45
10543749,215,08/11/2021 00:00:00,08-Nov-2021 06:54:02,08-Nov-2021 13:25:01,38.3369827700876,590.4,72,14.4,06:30:59,3.25,4.40379403794038,42.740776808028,31.5426932843246,31.5426932843246,3,0,45
10543753,215,08/11/2021 00:00:00,08-Nov-2021 07:17:54,08-Nov-2021 13:48:54,38.3369827700876,590.4,72,14.4,06:30:59,3.25,4.40379403794038,42.740776808028,31.5426932843246,31.5426932843246,4,0,45
10543752,215,08/11/2021 00:00:00,08-Nov-2021 07:33:02,08-Nov-2021 14:04:00,38.3369827700876,590.4,72,14.4,06:30:59,3.25,4.40379403794038,42.740776808028,31.5426932843246,31.5426932843246,5,0,45
10543751,215,08/11/2021 00:00:00,08-Nov-2021 07:33:07,08-Nov-2021 14:04:07,38.3369827700876,590.4,72,14.4,06:30:59,3.25,4.40379403794038,42.740776808028,31.5426932843246,31.5426932843246,6,0,45
10543747,215,08/11/2021 00:00:00,08-Nov-2021 08:09:19,08-Nov-2021 14:40:19,38.3369827700876,590.4,72,14.4,06:30:59,3.25,4.40379403794038,42.740776808028,31.5426932843246,31.5426932843246,7,0,45
10543746,215,08/11/2021 00:00:00,08-Nov-2021 08:11:01,08-Nov-2021 14:42:00,38.3369827700876,590.4,72,14.4,06:30:59,3.25,4.40379403794038,42.740776808028,31.5426932843246,31.5426932843246,8,0,45
10543748,215,08/11/2021 00:00:00,08-Nov-2021 08:13:10,08-Nov-2021 14:44:10,38.3369827700876,590.4,72,14.4,06:30:59,3.25,4.40379403794038,42.740776808028,31.5426932843246,31.5426932843246,9,0,45
10543756,215,08/11/2021 00:00:00,08-Nov-2021 14:59:49,08-Nov-2021 21:30:47,38.3369827700876,590.4,72,14.4,06:30:59,3.25,4.40379403794038,42.740776808028,31.5426932843246,31.5426932843246,1,0,45
10543758,215,08/11/2021 00:00:00,08-Nov-2021 15:50:24,08-Nov-2021 22:21:22,38.3369827700876,590.4,72,14.4,06:30:59,3.25,4.40379403794038,42.740776808028,31.5426932843246,31.5426932843246,2,0,45
10543757,215,08/11/2021 00:00:00,08-Nov-2021 15:56:35,08-Nov-2021 22:27:33,38.3369827700876,590.4,72,14.4,06:30:59,3.25,4.40379403794038,42.740776808028,31.5426932843246,31.5426932843246,3,0,45
10543755,215,08/11/2021 00:00:00,08-Nov-2021 16:00:33,08-Nov-2021 22:31:32,38.3369827700876,590.4,72,14.4,06:30:59,3.25,4.40379403794038,42.740776808028,31.5426932843246,31.5426932843246,4,0,45
10543764,215,09/11/2021 00:00:00,09-Nov-2021 06:40:19,09-Nov-2021 13:11:19,38.3369827700876,590.4,72,14.4,06:30:59,3.25,4.40379403794038,42.740776808028,31.5426932843246,31.5426932843246,1,0,45
10543761,215,09/11/2021 00:00:00,09-Nov-2021 06:45:14,09-Nov-2021 13:16:13,38.3369827700876,590.4,72,14.4,06:30:59,3.25,4.40379403794038,42.740776808028,31.5426932843246,31.5426932843246,2,0,45
10543760,215,09/11/2021 00:00:00,09-Nov-2021 06:49:06,09-Nov-2021 13:20:06,38.3369827700876,590.4,72,14.4,06:30:59,3.25,4.40379403794038,42.740776808028,31.5426932843246,31.5426932843246,3,0,45
10543759,215,09/11/2021 00:00:00,09-Nov-2021 06:51:53,09-Nov-2021 13:22:51,38.3369827700876,590.4,72,14.4,06:30:59,3.25,4.40379403794038,42.740776808028,31.5426932843246,31.5426932843246,4,0,45
10543767,215,09/11/2021 00:00:00,09-Nov-2021 07:13:09,09-Nov-2021 13:44:07,38.3369827700876,590.4,72,14.4,06:30:59,3.25,4.40379403794038,42.740776808028,31.5426932843246,31.5426932843246,5,0,45
10543766,215,09/11/2021 00:00:00,09-Nov-2021 07:13:34,09-Nov-2021 13:44:33,38.3369827700876,590.4,72,14.4,06:30:59,3.25,4.40379403794038,42.740776808028,31.5426932843246,31.5426932843246,6,0,45
10543763,215,09/11/2021 00:00:00,09-Nov-2021 07:14:59,09-Nov-2021 13:45:57,38.3369827700876,590.4,72,14.4,06:30:59,3.25,4.40379403794038,42.740776808028,31.5426932843246,31.5426932843246,7,0,45
10543762,215,09/11/2021 00:00:00,09-Nov-2021 07:47:33,09-Nov-2021 14:18:32,38.3369827700876,590.4,72,14.4,06:30:59,3.25,4.40379403794038,42.740776808028,31.5426932843246,31.5426932843246,8,0,45
10543765,215,09/11/2021 00:00:00,09-Nov-2021 08:23:37,09-Nov-2021 14:54:35,38.3369827700876,590.4,72,14.4,06:30:59,3.25,4.40379403794038,42.740776808028,31.5426932843246,31.5426932843246,9,0,45
10543769,215,09/11/2021 00:00:00,09-Nov-2021 14:48:54,09-Nov-2021 21:19:54,38.3369827700876,590.4,72,14.4,06:30:59,3.25,4.40379403794038,42.740776808028,31.5426932843246,31.5426932843246,1,0,45
10543768,215,09/11/2021 00:00:00,09-Nov-2021 14:51:48,09-Nov-2021 21:22:46,38.3369827700876,590.4,72,14.4,06:30:59,3.25,4.40379403794038,42.740776808028,31.5426932843246,31.5426932843246,2,0,45
10543770,215,09/11/2021 00:00:00,09-Nov-2021 15:12:44,09-Nov-2021 21:43:44,38.3369827700876,590.4,72,14.4,06:30:59,3.25,4.40379403794038,42.740776808028,31.5426932843246,31.5426932843246,3,0,45
10543774,215,10/11/2021 00:00:00,10-Nov-2021 07:14:11,10-Nov-2021 13:45:11,38.3369827700876,590.4,72,14.4,06:30:59,3.25,4.40379403794038,42.740776808028,31.5426932843246,31.5426932843246,1,0,45
10543777,215,10/11/2021 00:00:00,10-Nov-2021 07:16:10,10-Nov-2021 13:47:09,38.3369827700876,590.4,72,14.4,06:30:59,3.25,4.40379403794038,42.740776808028,31.5426932843246,31.5426932843246,2,0,45
10543778,215,10/11/2021 00:00:00,10-Nov-2021 07:20:25,10-Nov-2021 13:51:24,38.3369827700876,590.4,72,14.4,06:30:59,3.25,4.40379403794038,42.740776808028,31.5426932843246,31.5426932843246,3,0,45
10543772,215,10/11/2021 00:00:00,10-Nov-2021 07:42:06,10-Nov-2021 14:13:05,38.3369827700876,590.4,72,14.4,06:30:59,3.25,4.40379403794038,42.740776808028,31.5426932843246,31.5426932843246,4,0,45
10543779,215,10/11/2021 00:00:00,10-Nov-2021 07:43:22,10-Nov-2021 14:14:21,38.3369827700876,590.4,72,14.4,06:30:59,3.25,4.40379403794038,42.740776808028,31.5426932843246,31.5426932843246,5,0,45
10543776,215,10/11/2021 00:00:00,10-Nov-2021 07:48:17,10-Nov-2021 14:19:16,38.3369827700876,590.4,72,14.4,06:30:59,3.25,4.40379403794038,42.740776808028,31.5426932843246,31.5426932843246,6,0,45
10543775,215,10/11/2021 00:00:00,10-Nov-2021 08:00:04,10-Nov-2021 14:31:04,38.3369827700876,590.4,72,14.4,06:30:59,3.25,4.40379403794038,42.740776808028,31.5426932843246,31.5426932843246,7,0,45
10543773,215,10/11/2021 00:00:00,10-Nov-2021 08:05:18,10-Nov-2021 14:36:16,38.3369827700876,590.4,72,14.4,06:30:59,3.25,4.40379403794038,42.740776808028,31.5426932843246,31.5426932843246,8,0,45
10543771,215,10/11/2021 00:00:00,10-Nov-2021 08:05:49,10-Nov-2021 14:36:47,38.3369827700876,590.4,72,14.4,06:30:59,3.25,4.40379403794038,42.740776808028,31.5426932843246,31.5426932843246,9,0,45
10543780,215,10/11/2021 00:00:00,10-Nov-2021 15:16:16,10-Nov-2021 21:47:14,38.3369827700876,590.4,72,14.4,06:30:59,3.25,4.40379403794038,42.740776808028,31.5426932843246,31.5426932843246,1,0,45
10543782,215,11/11/2021 00:00:00,11-Nov-2021 06:37:16,11-Nov-2021 13:08:15,38.3369827700876,590.4,72,14.4,06:30:59,3.25,4.40379403794038,42.740776808028,31.5426932843246,31.5426932843246,1,0,45
10543781,215,11/11/2021 00:00:00,11-Nov-2021 06:47:37,11-Nov-2021 13:18:37,38.3369827700876,590.4,72,14.4,06:30:59,3.25,4.40379403794038,42.740776808028,31.5426932843246,31.5426932843246,2,0,45
10543783,215,11/11/2021 00:00:00,11-Nov-2021 07:09:50,11-Nov-2021 13:40:49,38.3369827700876,590.4,72,14.4,06:30:59,3.25,4.40379403794038,42.740776808028,31.5426932843246,31.5426932843246,3,0,45
10543784,215,11/11/2021 00:00:00,11-Nov-2021 07:12:52,11-Nov-2021 13:43:51,38.3369827700876,590.4,72,14.4,06:30:59,3.25,4.40379403794038,42.740776808028,31.5426932843246,31.5426932843246,4,0,45
10543787,215,11/11/2021 00:00:00,11-Nov-2021 07:37:56,11-Nov-2021 14:08:56,38.3369827700876,590.4,72,14.4,06:30:59,3.25,4.40379403794038,42.740776808028,31.5426932843246,31.5426932843246,5,0,45
10543786,215,11/11/2021 00:00:00,11-Nov-2021 07:51:09,11-Nov-2021 14:22:08,38.3369827700876,590.4,72,14.4,06:30:59,3.25,4.40379403794038,42.740776808028,31.5426932843246,31.5426932843246,6,0,45
10543788,215,11/11/2021 00:00:00,11-Nov-2021 08:17:59,11-Nov-2021 14:48:59,38.3369827700876,590.4,72,14.4,06:30:59,3.25,4.40379403794038,42.740776808028,31.5426932843246,31.5426932843246,7,0,45
10543789,215,11/11/2021 00:00:00,11-Nov-2021 08:19:06,11-Nov-2021 14:50:06,38.3369827700876,590.4,72,14.4,06:30:59,3.25,4.40379403794038,42.740776808028,31.5426932843246,31.5426932843246,8,0,45
10543785,215,11/11/2021 00:00:00,11-Nov-2021 08:28:20,11-Nov-2021 14:59:19,38.3369827700876,590.4,72,14.4,06:30:59,3.25,4.40379403794038,42.740776808028,31.5426932843246,31.5426932843246,9,0,45
10543790,215,11/11/2021 00:00:00,11-Nov-2021 14:44:41,11-Nov-2021 21:15:41,38.3369827700876,590.4,72,14.4,06:30:59,3.25,4.40379403794038,42.740776808028,31.5426932843246,31.5426932843246,1,0,45
10543797,215,12/11/2021 00:00:00,12-Nov-2021 06:33:59,12-Nov-2021 13:35:10,41.4904332296351,590.4,72,14.4,07:01:11,3.5083,4.75379403794038,46.2442272675755,34.1282397234707,34.1282397234707,1,0,45
10543791,215,12/11/2021 00:00:00,12-Nov-2021 06:36:41,12-Nov-2021 13:37:52,41.4904332296351,590.4,72,14.4,07:01:11,3.5083,4.75379403794038,46.2442272675755,34.1282397234707,34.1282397234707,2,0,45
10543794,215,12/11/2021 00:00:00,12-Nov-2021 06:45:08,12-Nov-2021 13:46:19,41.4904332296351,590.4,72,14.4,07:01:11,3.5083,4.75379403794038,46.2442272675755,34.1282397234707,34.1282397234707,3,0,45
10543796,215,12/11/2021 00:00:00,12-Nov-2021 06:45:28,12-Nov-2021 13:46:39,41.4904332296351,590.4,72,14.4,07:01:11,3.5083,4.75379403794038,46.2442272675755,34.1282397234707,34.1282397234707,4,0,45
10543793,215,12/11/2021 00:00:00,12-Nov-2021 06:47:55,12-Nov-2021 13:49:06,41.4904332296351,590.4,72,14.4,07:01:11,3.5083,4.75379403794038,46.2442272675755,34.1282397234707,34.1282397234707,5,0,45
10543792,215,12/11/2021 00:00:00,12-Nov-2021 06:49:50,12-Nov-2021 13:51:01,41.4904332296351,590.4,72,14.4,07:01:11,3.5083,4.75379403794038,46.2442272675755,34.1282397234707,34.1282397234707,6,0,45
10543799,215,12/11/2021 00:00:00,12-Nov-2021 06:51:19,12-Nov-2021 13:52:30,41.4904332296351,590.4,72,14.4,07:01:11,3.5083,4.75379403794038,46.2442272675755,34.1282397234707,34.1282397234707,7,0,45
10543795,215,12/11/2021 00:00:00,12-Nov-2021 07:27:48,12-Nov-2021 14:28:59,41.4904332296351,590.4,72,14.4,07:01:11,3.5083,4.75379403794038,46.2442272675755,34.1282397234707,34.1282397234707,8,0,45
10543798,215,12/11/2021 00:00:00,12-Nov-2021 08:21:24,12-Nov-2021 15:22:35,41.4904332296351,590.4,72,14.4,07:01:11,3.5083,4.75379403794038,46.2442272675755,34.1282397234707,34.1282397234707,9,0,45
10543806,215,13/11/2021 00:00:00,13-Nov-2021 06:49:57,13-Nov-2021 13:51:09,41.4904332296351,590.4,72,14.4,07:01:11,3.5083,4.75379403794038,46.2442272675755,34.1282397234707,34.1282397234707,1,0,45
10543803,215,13/11/2021 00:00:00,13-Nov-2021 06:52:00,13-Nov-2021 13:53:11,41.4904332296351,590.4,72,14.4,07:01:11,3.5083,4.75379403794038,46.2442272675755,34.1282397234707,34.1282397234707,2,0,45
10543802,215,13/11/2021 00:00:00,13-Nov-2021 07:45:43,13-Nov-2021 14:46:54,41.4904332296351,590.4,72,14.4,07:01:11,3.5083,4.75379403794038,46.2442272675755,34.1282397234707,34.1282397234707,3,0,45
10543804,215,13/11/2021 00:00:00,13-Nov-2021 08:03:58,13-Nov-2021 15:05:08,41.4904332296351,590.4,72,14.4,07:01:10,3.5083,4.75379403794038,46.2442272675755,34.1282397234707,34.1282397234707,4,0,45
10543805,215,13/11/2021 00:00:00,13-Nov-2021 08:16:56,13-Nov-2021 15:18:07,41.4904332296351,590.4,72,14.4,07:01:11,3.5083,4.75379403794038,46.2442272675755,34.1282397234707,34.1282397234707,5,0,45
10543801,215,13/11/2021 00:00:00,13-Nov-2021 08:51:14,13-Nov-2021 15:52:25,41.4904332296351,590.4,72,14.4,07:01:11,3.5083,4.75379403794038,46.2442272675755,34.1282397234707,34.1282397234707,6,0,45
10543800,215,13/11/2021 00:00:00,13-Nov-2021 08:56:18,13-Nov-2021 15:57:29,41.4904332296351,590.4,72,14.4,07:01:11,3.5083,4.75379403794038,46.2442272675755,34.1282397234707,34.1282397234707,7,0,45
10543808,215,14/11/2021 00:00:00,14-Nov-2021 06:43:52,14-Nov-2021 13:45:03,41.4904332296351,590.4,72,14.4,07:01:11,3.5083,4.75379403794038,46.2442272675755,34.1282397234707,34.1282397234707,1,0,45
10543807,215,14/11/2021 00:00:00,14-Nov-2021 06:45:09,14-Nov-2021 13:46:20,41.4904332296351,590.4,72,14.4,07:01:11,3.5083,4.75379403794038,46.2442272675755,34.1282397234707,34.1282397234707,2,0,45
10543813,215,14/11/2021 00:00:00,14-Nov-2021 07:14:55,14-Nov-2021 14:16:06,41.4904332296351,590.4,72,14.4,07:01:11,3.5083,4.75379403794038,46.2442272675755,34.1282397234707,34.1282397234707,3,0,45
10543811,215,14/11/2021 00:00:00,14-Nov-2021 07:18:33,14-Nov-2021 14:19:43,41.4904332296351,590.4,72,14.4,07:01:11,3.5083,4.75379403794038,46.2442272675755,34.1282397234707,34.1282397234707,4,0,45
10543812,215,14/11/2021 00:00:00,14-Nov-2021 07:32:44,14-Nov-2021 14:33:55,41.4904332296351,590.4,72,14.4,07:01:11,3.5083,4.75379403794038,46.2442272675755,34.1282397234707,34.1282397234707,5,0,45
10543809,215,14/11/2021 00:00:00,14-Nov-2021 07:34:53,14-Nov-2021 14:36:04,41.4904332296351,590.4,72,14.4,07:01:11,3.5083,4.75379403794038,46.2442272675755,34.1282397234707,34.1282397234707,6,0,45
10543810,215,14/11/2021 00:00:00,14-Nov-2021 08:01:10,14-Nov-2021 15:02:21,41.4904332296351,590.4,72,14.4,07:01:11,3.5083,4.75379403794038,46.2442272675755,34.1282397234707,34.1282397234707,7,0,45
10543815,215,14/11/2021 00:00:00,14-Nov-2021 08:06:06,14-Nov-2021 15:07:17,41.4904332296351,590.4,72,14.4,07:01:11,3.5083,4.75379403794038,46.2442272675755,34.1282397234707,34.1282397234707,8,0,45
10543814,215,14/11/2021 00:00:00,14-Nov-2021 08:06:27,14-Nov-2021 15:07:38,41.4904332296351,590.4,72,14.4,07:01:11,3.5083,4.75379403794038,46.2442272675755,34.1282397234707,34.1282397234707,9,0,45
10543821,215,15/11/2021 00:00:00,15-Nov-2021 06:40:12,15-Nov-2021 13:41:23,41.4904332296351,590.4,72,14.4,07:01:11,3.5083,4.75379403794038,46.2442272675755,34.1282397234707,34.1282397234707,1,0,45
10543818,215,15/11/2021 00:00:00,15-Nov-2021 06:53:40,15-Nov-2021 13:54:51,41.4904332296351,590.4,72,14.4,07:01:11,3.5083,4.75379403794038,46.2442272675755,34.1282397234707,34.1282397234707,2,0,45
10543817,215,15/11/2021 00:00:00,15-Nov-2021 07:12:02,15-Nov-2021 14:13:13,41.4904332296351,590.4,72,14.4,07:01:11,3.5083,4.75379403794038,46.2442272675755,34.1282397234707,34.1282397234707,3,0,45
10543819,215,15/11/2021 00:00:00,15-Nov-2021 07:22:41,15-Nov-2021 14:23:52,41.4904332296351,590.4,72,14.4,07:01:11,3.5083,4.75379403794038,46.2442272675755,34.1282397234707,34.1282397234707,4,0,45
10543824,215,15/11/2021 00:00:00,15-Nov-2021 07:33:06,15-Nov-2021 14:34:18,41.4904332296351,590.4,72,14.4,07:01:11,3.5083,4.75379403794038,46.2442272675755,34.1282397234707,34.1282397234707,5,0,45
10543816,215,15/11/2021 00:00:00,15-Nov-2021 07:46:03,15-Nov-2021 14:47:14,41.4904332296351,590.4,72,14.4,07:01:11,3.5083,4.75379403794038,46.2442272675755,34.1282397234707,34.1282397234707,6,0,45
10543822,215,15/11/2021 00:00:00,15-Nov-2021 08:01:21,15-Nov-2021 15:02:32,41.4904332296351,590.4,72,14.4,07:01:11,3.5083,4.75379403794038,46.2442272675755,34.1282397234707,34.1282397234707,7,0,45
10543823,215,15/11/2021 00:00:00,15-Nov-2021 08:07:42,15-Nov-2021 15:08:53,41.4904332296351,590.4,72,14.4,07:01:11,3.5083,4.75379403794038,46.2442272675755,34.1282397234707,34.1282397234707,8,0,45
10543820,215,15/11/2021 00:00:00,15-Nov-2021 08:10:49,15-Nov-2021 15:12:00,41.4904332296351,590.4,72,14.4,07:01:11,3.5083,4.75379403794038,46.2442272675755,34.1282397234707,34.1282397234707,9,0,45
10543826,215,15/11/2021 00:00:00,15-Nov-2021 15:19:55,15-Nov-2021 22:21:06,41.4904332296351,590.4,72,14.4,07:01:11,3.5083,4.75379403794038,46.2442272675755,34.1282397234707,34.1282397234707,1,0,45
10543825,215,15/11/2021 00:00:00,15-Nov-2021 15:41:52,15-Nov-2021 22:43:03,41.4904332296351,590.4,72,14.4,07:01:11,3.5083,4.75379403794038,46.2442272675755,34.1282397234707,34.1282397234707,2,0,45
10543827,215,15/11/2021 00:00:00,15-Nov-2021 16:29:29,15-Nov-2021 23:30:40,41.4904332296351,590.4,72,14.4,07:01:11,3.5083,4.75379403794038,46.2442272675755,34.1282397234707,34.1282397234707,3,0,45
10543828,215,16/11/2021 00:00:00,16-Nov-2021 06:38:23,16-Nov-2021 13:39:34,41.4904332296351,590.4,72,14.4,07:01:11,3.5083,4.75379403794038,46.2442272675755,34.1282397234707,34.1282397234707,1,0,45
10543836,215,16/11/2021 00:00:00,16-Nov-2021 06:39:16,16-Nov-2021 13:40:27,41.4904332296351,590.4,72,14.4,07:01:11,3.5083,4.75379403794038,46.2442272675755,34.1282397234707,34.1282397234707,2,0,45
10543834,215,16/11/2021 00:00:00,16-Nov-2021 06:56:15,16-Nov-2021 13:57:26,41.4904332296351,590.4,72,14.4,07:01:11,3.5083,4.75379403794038,46.2442272675755,34.1282397234707,34.1282397234707,3,0,45
10543832,215,16/11/2021 00:00:00,16-Nov-2021 07:05:24,16-Nov-2021 14:06:36,41.4904332296351,590.4,72,14.4,07:01:11,3.5083,4.75379403794038,46.2442272675755,34.1282397234707,34.1282397234707,4,0,45
10543835,215,16/11/2021 00:00:00,16-Nov-2021 07:29:23,16-Nov-2021 14:30:35,41.4904332296351,590.4,72,14.4,07:01:11,3.5083,4.75379403794038,46.2442272675755,34.1282397234707,34.1282397234707,5,0,45
10543833,215,16/11/2021 00:00:00,16-Nov-2021 07:38:43,16-Nov-2021 14:39:54,41.4904332296351,590.4,72,14.4,07:01:11,3.5083,4.75379403794038,46.2442272675755,34.1282397234707,34.1282397234707,6,0,45
10543830,215,16/11/2021 00:00:00,16-Nov-2021 07:41:35,16-Nov-2021 14:42:46,41.4904332296351,590.4,72,14.4,07:01:11,3.5083,4.75379403794038,46.2442272675755,34.1282397234707,34.1282397234707,7,0,45
10543829,215,16/11/2021 00:00:00,16-Nov-2021 07:42:19,16-Nov-2021 14:43:30,41.4904332296351,590.4,72,14.4,07:01:11,3.5083,4.75379403794038,46.2442272675755,34.1282397234707,34.1282397234707,8,0,45
10543831,215,16/11/2021 00:00:00,16-Nov-2021 08:04:08,16-Nov-2021 15:05:19,41.4904332296351,590.4,72,14.4,07:01:11,3.5083,4.75379403794038,46.2442272675755,34.1282397234707,34.1282397234707,9,0,45
10543837,215,16/11/2021 00:00:00,16-Nov-2021 15:24:04,16-Nov-2021 22:25:15,41.4904332296351,590.4,72,14.4,07:01:11,3.5083,4.75379403794038,46.2442272675755,34.1282397234707,34.1282397234707,1,0,45
10543838,215,16/11/2021 00:00:00,16-Nov-2021 15:31:47,16-Nov-2021 22:32:58,41.4904332296351,590.4,72,14.4,07:01:11,3.5083,4.75379403794038,46.2442272675755,34.1282397234707,34.1282397234707,2,0,45
10543844,215,17/11/2021 00:00:00,17-Nov-2021 06:30:25,17-Nov-2021 13:31:37,41.4904332296351,590.4,72,14.4,07:01:11,3.5083,4.75379403794038,46.2442272675755,34.1282397234707,34.1282397234707,1,0,45
10543842,215,17/11/2021 00:00:00,17-Nov-2021 06:37:49,17-Nov-2021 13:39:00,41.4904332296351,590.4,72,14.4,07:01:11,3.5083,4.75379403794038,46.2442272675755,34.1282397234707,34.1282397234707,2,0,45
10543847,215,17/11/2021 00:00:00,17-Nov-2021 07:08:15,17-Nov-2021 14:09:27,41.4904332296351,590.4,72,14.4,07:01:11,3.5083,4.75379403794038,46.2442272675755,34.1282397234707,34.1282397234707,3,0,45
10543841,215,17/11/2021 00:00:00,17-Nov-2021 07:19:51,17-Nov-2021 14:21:01,41.4904332296351,590.4,72,14.4,07:01:10,3.5083,4.75379403794038,46.2442272675755,34.1282397234707,34.1282397234707,4,0,45
10543840,215,17/11/2021 00:00:00,17-Nov-2021 07:30:07,17-Nov-2021 14:31:18,41.4904332296351,590.4,72,14.4,07:01:11,3.5083,4.75379403794038,46.2442272675755,34.1282397234707,34.1282397234707,5,0,45
10543843,215,17/11/2021 00:00:00,17-Nov-2021 07:30:28,17-Nov-2021 14:31:39,41.4904332296351,590.4,72,14.4,07:01:11,3.5083,4.75379403794038,46.2442272675755,34.1282397234707,34.1282397234707,6,0,45
10543845,215,17/11/2021 00:00:00,17-Nov-2021 08:02:02,17-Nov-2021 15:03:13,41.4904332296351,590.4,72,14.4,07:01:11,3.5083,4.75379403794038,46.2442272675755,34.1282397234707,34.1282397234707,7,0,45
10543839,215,17/11/2021 00:00:00,17-Nov-2021 08:15:07,17-Nov-2021 15:16:18,41.4904332296351,590.4,72,14.4,07:01:11,3.5083,4.75379403794038,46.2442272675755,34.1282397234707,34.1282397234707,8,0,45
10543846,215,17/11/2021 00:00:00,17-Nov-2021 08:18:58,17-Nov-2021 15:20:09,41.4904332296351,590.4,72,14.4,07:01:11,3.5083,4.75379403794038,46.2442272675755,34.1282397234707,34.1282397234707,9,0,45
10543851,215,18/11/2021 00:00:00,18-Nov-2021 06:33:16,18-Nov-2021 13:34:27,41.4904332296351,590.4,72,14.4,07:01:11,3.5083,4.75379403794038,46.2442272675755,34.1282397234707,34.1282397234707,1,0,45
10543849,215,18/11/2021 00:00:00,18-Nov-2021 06:33:31,18-Nov-2021 13:34:42,41.4904332296351,590.4,72,14.4,07:01:11,3.5083,4.75379403794038,46.2442272675755,34.1282397234707,34.1282397234707,2,0,45
10543850,215,18/11/2021 00:00:00,18-Nov-2021 06:46:25,18-Nov-2021 13:47:35,41.4904332296351,590.4,72,14.4,07:01:11,3.5083,4.75379403794038,46.2442272675755,34.1282397234707,34.1282397234707,3,0,45
10543856,215,18/11/2021 00:00:00,18-Nov-2021 07:05:31,18-Nov-2021 14:06:42,41.4904332296351,590.4,72,14.4,07:01:11,3.5083,4.75379403794038,46.2442272675755,34.1282397234707,34.1282397234707,4,0,45
10543854,215,18/11/2021 00:00:00,18-Nov-2021 07:09:21,18-Nov-2021 14:10:32,41.4904332296351,590.4,72,14.4,07:01:11,3.5083,4.75379403794038,46.2442272675755,34.1282397234707,34.1282397234707,5,0,45
10543852,215,18/11/2021 00:00:00,18-Nov-2021 07:23:04,18-Nov-2021 14:24:15,41.4904332296351,590.4,72,14.4,07:01:11,3.5083,4.75379403794038,46.2442272675755,34.1282397234707,34.1282397234707,6,0,45
10543853,215,18/11/2021 00:00:00,18-Nov-2021 08:20:44,18-Nov-2021 15:21:54,41.4904332296351,590.4,72,14.4,07:01:11,3.5083,4.75379403794038,46.2442272675755,34.1282397234707,34.1282397234707,7,0,45
10543848,215,18/11/2021 00:00:00,18-Nov-2021 08:22:23,18-Nov-2021 15:23:34,41.4904332296351,590.4,72,14.4,07:01:11,3.5083,4.75379403794038,46.2442272675755,34.1282397234707,34.1282397234707,8,0,45
10543855,215,18/11/2021 00:00:00,18-Nov-2021 08:28:27,18-Nov-2021 15:29:38,41.4904332296351,590.4,72,14.4,07:01:11,3.5083,4.75379403794038,46.2442272675755,34.1282397234707,34.1282397234707,9,0,45
10543857,215,18/11/2021 00:00:00,18-Nov-2021 15:54:23,18-Nov-2021 22:55:34,41.4904332296351,590.4,72,14.4,07:01:11,3.5083,4.75379403794038,46.2442272675755,34.1282397234707,34.1282397234707,1,0,45
10543863,215,19/11/2021 00:00:00,19-Nov-2021 06:33:42,19-Nov-2021 12:51:37,38.3672504928601,590.4,72,14.4,06:17:55,3.1417,4.2570460704607,42.6242965633208,31.4567308637308,31.4567308637308,1,0,45
10543858,215,19/11/2021 00:00:00,19-Nov-2021 06:37:21,19-Nov-2021 12:55:16,38.3672504928601,590.4,72,14.4,06:17:55,3.1417,4.2570460704607,42.6242965633208,31.4567308637308,31.4567308637308,2,0,45
10543866,215,19/11/2021 00:00:00,19-Nov-2021 07:01:06,19-Nov-2021 13:19:01,38.3672504928601,590.4,72,14.4,06:17:55,3.1417,4.2570460704607,42.6242965633208,31.4567308637308,31.4567308637308,3,0,45
10543864,215,19/11/2021 00:00:00,19-Nov-2021 07:11:19,19-Nov-2021 13:29:14,38.3672504928601,590.4,72,14.4,06:17:55,3.1417,4.2570460704607,42.6242965633208,31.4567308637308,31.4567308637308,4,0,45
10543860,215,19/11/2021 00:00:00,19-Nov-2021 07:40:46,19-Nov-2021 13:58:41,38.3672504928601,590.4,72,14.4,06:17:55,3.1417,4.2570460704607,42.6242965633208,31.4567308637308,31.4567308637308,5,0,45
10543865,215,19/11/2021 00:00:00,19-Nov-2021 07:57:06,19-Nov-2021 14:15:03,38.3672504928601,590.4,72,14.4,06:17:56,3.1417,4.2570460704607,42.6242965633208,31.4567308637308,31.4567308637308,6,0,45
10543862,215,19/11/2021 00:00:00,19-Nov-2021 08:02:13,19-Nov-2021 14:20:08,38.3672504928601,590.4,72,14.4,06:17:55,3.1417,4.2570460704607,42.6242965633208,31.4567308637308,31.4567308637308,7,0,45
10543859,215,19/11/2021 00:00:00,19-Nov-2021 08:15:27,19-Nov-2021 14:33:22,38.3672504928601,590.4,72,14.4,06:17:55,3.1417,4.2570460704607,42.6242965633208,31.4567308637308,31.4567308637308,8,0,45
10543861,215,19/11/2021 00:00:00,19-Nov-2021 08:27:50,19-Nov-2021 14:45:45,38.3672504928601,590.4,72,14.4,06:17:55,3.1417,4.2570460704607,42.6242965633208,31.4567308637308,31.4567308637308,9,0,45
10543873,215,20/11/2021 00:00:00,20-Nov-2021 06:36:44,20-Nov-2021 12:54:40,38.3672504928601,590.4,72,14.4,06:17:56,3.1417,4.2570460704607,42.6242965633208,31.4567308637308,31.4567308637308,1,0,45
10543872,215,20/11/2021 00:00:00,20-Nov-2021 06:55:38,20-Nov-2021 13:13:34,38.3672504928601,590.4,72,14.4,06:17:56,3.1417,4.2570460704607,42.6242965633208,31.4567308637308,31.4567308637308,2,0,45
10543874,215,20/11/2021 00:00:00,20-Nov-2021 07:12:37,20-Nov-2021 13:30:31,38.3672504928601,590.4,72,14.4,06:17:55,3.1417,4.2570460704607,42.6242965633208,31.4567308637308,31.4567308637308,3,0,45
10543870,215,20/11/2021 00:00:00,20-Nov-2021 07:40:19,20-Nov-2021 13:58:15,38.3672504928601,590.4,72,14.4,06:17:56,3.1417,4.2570460704607,42.6242965633208,31.4567308637308,31.4567308637308,4,0,45
10543867,215,20/11/2021 00:00:00,20-Nov-2021 07:43:44,20-Nov-2021 14:01:39,38.3672504928601,590.4,72,14.4,06:17:55,3.1417,4.2570460704607,42.6242965633208,31.4567308637308,31.4567308637308,5,0,45
10543871,215,20/11/2021 00:00:00,20-Nov-2021 08:48:02,20-Nov-2021 15:05:57,38.3672504928601,590.4,72,14.4,06:17:55,3.1417,4.2570460704607,42.6242965633208,31.4567308637308,31.4567308637308,6,0,45
10543868,215,20/11/2021 00:00:00,20-Nov-2021 09:24:10,20-Nov-2021 15:42:05,38.3672504928601,590.4,72,14.4,06:17:55,3.1417,4.2570460704607,42.6242965633208,31.4567308637308,31.4567308637308,7,0,45
10543869,215,20/11/2021 00:00:00,20-Nov-2021 09:26:11,20-Nov-2021 15:44:06,38.3672504928601,590.4,72,14.4,06:17:55,3.1417,4.2570460704607,42.6242965633208,31.4567308637308,31.4567308637308,8,0,45
10543878,215,21/11/2021 00:00:00,21-Nov-2021 06:48:22,21-Nov-2021 13:06:17,38.3672504928601,590.4,72,14.4,06:17:55,3.1417,4.2570460704607,42.6242965633208,31.4567308637308,31.4567308637308,1,0,45
10543875,215,21/11/2021 00:00:00,21-Nov-2021 06:51:48,21-Nov-2021 13:09:43,38.3672504928601,590.4,72,14.4,06:17:55,3.1417,4.2570460704607,42.6242965633208,31.4567308637308,31.4567308637308,2,0,45
10543883,215,21/11/2021 00:00:00,21-Nov-2021 07:06:23,21-Nov-2021 13:24:18,38.3672504928601,590.4,72,14.4,06:17:55,3.1417,4.2570460704607,42.6242965633208,31.4567308637308,31.4567308637308,3,0,45
10543876,215,21/11/2021 00:00:00,21-Nov-2021 07:09:17,21-Nov-2021 13:27:13,38.3672504928601,590.4,72,14.4,06:17:56,3.1417,4.2570460704607,42.6242965633208,31.4567308637308,31.4567308637308,4,0,45
10543879,215,21/11/2021 00:00:00,21-Nov-2021 07:13:50,21-Nov-2021 13:31:47,38.3672504928601,590.4,72,14.4,06:17:56,3.1417,4.2570460704607,42.6242965633208,31.4567308637308,31.4567308637308,5,0,45
10543881,215,21/11/2021 00:00:00,21-Nov-2021 07:42:48,21-Nov-2021 14:00:43,38.3672504928601,590.4,72,14.4,06:17:55,3.1417,4.2570460704607,42.6242965633208,31.4567308637308,31.4567308637308,6,0,45
10543880,215,21/11/2021 00:00:00,21-Nov-2021 08:17:51,21-Nov-2021 14:35:47,38.3672504928601,590.4,72,14.4,06:17:55,3.1417,4.2570460704607,42.6242965633208,31.4567308637308,31.4567308637308,7,0,45
10543882,215,21/11/2021 00:00:00,21-Nov-2021 08:18:07,21-Nov-2021 14:36:02,38.3672504928601,590.4,72,14.4,06:17:55,3.1417,4.2570460704607,42.6242965633208,31.4567308637308,31.4567308637308,8,0,45
10543877,215,21/11/2021 00:00:00,21-Nov-2021 08:22:15,21-Nov-2021 14:40:10,38.3672504928601,590.4,72,14.4,06:17:55,3.1417,4.2570460704607,42.6242965633208,31.4567308637308,31.4567308637308,9,0,45
10543888,215,22/11/2021 00:00:00,22-Nov-2021 06:32:34,22-Nov-2021 12:50:28,38.3672504928601,590.4,72,14.4,06:17:55,3.1417,4.2570460704607,42.6242965633208,31.4567308637308,31.4567308637308,1,0,45
10543889,215,22/11/2021 00:00:00,22-Nov-2021 06:35:42,22-Nov-2021 12:53:37,38.3672504928601,590.4,72,14.4,06:17:55,3.1417,4.2570460704607,42.6242965633208,31.4567308637308,31.4567308637308,2,0,45
10543892,215,22/11/2021 00:00:00,22-Nov-2021 06:51:39,22-Nov-2021 13:09:34,38.3672504928601,590.4,72,14.4,06:17:55,3.1417,4.2570460704607,42.6242965633208,31.4567308637308,31.4567308637308,3,0,45
10543887,215,22/11/2021 00:00:00,22-Nov-2021 06:59:06,22-Nov-2021 13:17:02,38.3672504928601,590.4,72,14.4,06:17:56,3.1417,4.2570460704607,42.6242965633208,31.4567308637308,31.4567308637308,4,0,45
10543886,215,22/11/2021 00:00:00,22-Nov-2021 06:59:51,22-Nov-2021 13:17:46,38.3672504928601,590.4,72,14.4,06:17:55,3.1417,4.2570460704607,42.6242965633208,31.4567308637308,31.4567308637308,5,0,45
10543885,215,22/11/2021 00:00:00,22-Nov-2021 07:00:51,22-Nov-2021 13:18:46,38.3672504928601,590.4,72,14.4,06:17:55,3.1417,4.2570460704607,42.6242965633208,31.4567308637308,31.4567308637308,6,0,45
10543891,215,22/11/2021 00:00:00,22-Nov-2021 07:02:51,22-Nov-2021 13:20:45,38.3672504928601,590.4,72,14.4,06:17:55,3.1417,4.2570460704607,42.6242965633208,31.4567308637308,31.4567308637308,7,0,45
10543890,215,22/11/2021 00:00:00,22-Nov-2021 07:19:05,22-Nov-2021 13:37:01,38.3672504928601,590.4,72,14.4,06:17:56,3.1417,4.2570460704607,42.6242965633208,31.4567308637308,31.4567308637308,8,0,45
10543884,215,22/11/2021 00:00:00,22-Nov-2021 07:19:16,22-Nov-2021 13:37:11,38.3672504928601,590.4,72,14.4,06:17:55,3.1417,4.2570460704607,42.6242965633208,31.4567308637308,31.4567308637308,9,0,45
10543894,215,22/11/2021 00:00:00,22-Nov-2021 15:16:31,22-Nov-2021 21:34:26,38.3672504928601,590.4,72,14.4,06:17:55,3.1417,4.2570460704607,42.6242965633208,31.4567308637308,31.4567308637308,1,0,45
10543895,215,22/11/2021 00:00:00,22-Nov-2021 15:45:48,22-Nov-2021 22:03:43,38.3672504928601,590.4,72,14.4,06:17:55,3.1417,4.2570460704607,42.6242965633208,31.4567308637308,31.4567308637308,2,0,45
10543893,215,22/11/2021 00:00:00,22-Nov-2021 16:20:56,22-Nov-2021 22:38:51,38.3672504928601,590.4,72,14.4,06:17:55,3.1417,4.2570460704607,42.6242965633208,31.4567308637308,31.4567308637308,3,0,45
10543896,215,22/11/2021 00:00:00,22-Nov-2021 16:25:04,22-Nov-2021 22:42:59,38.3672504928601,590.4,72,14.4,06:17:55,3.1417,4.2570460704607,42.6242965633208,31.4567308637308,31.4567308637308,4,0,45
10543900,215,23/11/2021 00:00:00,23-Nov-2021 06:40:59,23-Nov-2021 12:58:55,38.3672504928601,590.4,72,14.4,06:17:56,3.1417,4.2570460704607,42.6242965633208,31.4567308637308,31.4567308637308,1,0,45
10543901,215,23/11/2021 00:00:00,23-Nov-2021 06:59:39,23-Nov-2021 13:17:34,38.3672504928601,590.4,72,14.4,06:17:55,3.1417,4.2570460704607,42.6242965633208,31.4567308637308,31.4567308637308,2,0,45
10543902,215,23/11/2021 00:00:00,23-Nov-2021 07:05:29,23-Nov-2021 13:23:24,38.3672504928601,590.4,72,14.4,06:17:55,3.1417,4.2570460704607,42.6242965633208,31.4567308637308,31.4567308637308,3,0,45
10543903,215,23/11/2021 00:00:00,23-Nov-2021 07:34:12,23-Nov-2021 13:52:07,38.3672504928601,590.4,72,14.4,06:17:55,3.1417,4.2570460704607,42.6242965633208,31.4567308637308,31.4567308637308,4,0,45
10543898,215,23/11/2021 00:00:00,23-Nov-2021 07:36:16,23-Nov-2021 13:54:12,38.3672504928601,590.4,72,14.4,06:17:56,3.1417,4.2570460704607,42.6242965633208,31.4567308637308,31.4567308637308,5,0,45
10543899,215,23/11/2021 00:00:00,23-Nov-2021 08:03:23,23-Nov-2021 14:21:19,38.3672504928601,590.4,72,14.4,06:17:55,3.1417,4.2570460704607,42.6242965633208,31.4567308637308,31.4567308637308,6,0,45
10543904,215,23/11/2021 00:00:00,23-Nov-2021 08:16:59,23-Nov-2021 14:34:55,38.3672504928601,590.4,72,14.4,06:17:55,3.1417,4.2570460704607,42.6242965633208,31.4567308637308,31.4567308637308,7,0,45
10543897,215,23/11/2021 00:00:00,23-Nov-2021 08:21:52,23-Nov-2021 14:39:47,38.3672504928601,590.4,72,14.4,06:17:55,3.1417,4.2570460704607,42.6242965633208,31.4567308637308,31.4567308637308,8,0,45
10543905,215,23/11/2021 00:00:00,23-Nov-2021 08:27:08,23-Nov-2021 14:45:04,38.3672504928601,590.4,72,14.4,06:17:56,3.1417,4.2570460704607,42.6242965633208,31.4567308637308,31.4567308637308,9,0,45
10543906,215,23/11/2021 00:00:00,23-Nov-2021 14:44:39,23-Nov-2021 21:02:34,38.3672504928601,590.4,72,14.4,06:17:55,3.1417,4.2570460704607,42.6242965633208,31.4567308637308,31.4567308637308,1,0,45
10543908,215,23/11/2021 00:00:00,23-Nov-2021 15:07:36,23-Nov-2021 21:25:31,38.3672504928601,590.4,72,14.4,06:17:55,3.1417,4.2570460704607,42.6242965633208,31.4567308637308,31.4567308637308,2,0,45
10543907,215,23/11/2021 00:00:00,23-Nov-2021 16:17:39,23-Nov-2021 22:35:34,38.3672504928601,590.4,72,14.4,06:17:55,3.1417,4.2570460704607,42.6242965633208,31.4567308637308,31.4567308637308,3,0,45
10543912,215,24/11/2021 00:00:00,24-Nov-2021 06:30:21,24-Nov-2021 12:48:17,38.3672504928601,590.4,72,14.4,06:17:56,3.1417,4.2570460704607,42.6242965633208,31.4567308637308,31.4567308637308,1,0,45
10543914,215,24/11/2021 00:00:00,24-Nov-2021 06:31:45,24-Nov-2021 12:49:40,38.3672504928601,590.4,72,14.4,06:17:55,3.1417,4.2570460704607,42.6242965633208,31.4567308637308,31.4567308637308,2,0,45
10543913,215,24/11/2021 00:00:00,24-Nov-2021 06:40:19,24-Nov-2021 12:58:15,38.3672504928601,590.4,72,14.4,06:17:56,3.1417,4.2570460704607,42.6242965633208,31.4567308637308,31.4567308637308,3,0,45
10543915,215,24/11/2021 00:00:00,24-Nov-2021 06:49:19,24-Nov-2021 13:07:14,38.3672504928601,590.4,72,14.4,06:17:55,3.1417,4.2570460704607,42.6242965633208,31.4567308637308,31.4567308637308,4,0,45
10543909,215,24/11/2021 00:00:00,24-Nov-2021 07:03:03,24-Nov-2021 13:20:58,38.3672504928601,590.4,72,14.4,06:17:55,3.1417,4.2570460704607,42.6242965633208,31.4567308637308,31.4567308637308,5,0,45
10543910,215,24/11/2021 00:00:00,24-Nov-2021 07:14:18,24-Nov-2021 13:32:14,38.3672504928601,590.4,72,14.4,06:17:55,3.1417,4.2570460704607,42.6242965633208,31.4567308637308,31.4567308637308,6,0,45
10543911,215,24/11/2021 00:00:00,24-Nov-2021 07:37:10,24-Nov-2021 13:55:06,38.3672504928601,590.4,72,14.4,06:17:56,3.1417,4.2570460704607,42.6242965633208,31.4567308637308,31.4567308637308,7,0,45
10543916,215,24/11/2021 00:00:00,24-Nov-2021 07:53:26,24-Nov-2021 14:11:21,38.3672504928601,590.4,72,14.4,06:17:55,3.1417,4.2570460704607,42.6242965633208,31.4567308637308,31.4567308637308,8,0,45
10543917,215,24/11/2021 00:00:00,24-Nov-2021 08:07:47,24-Nov-2021 14:25:42,38.3672504928601,590.4,72,14.4,06:17:55,3.1417,4.2570460704607,42.6242965633208,31.4567308637308,31.4567308637308,9,0,45
10543918,215,24/11/2021 00:00:00,24-Nov-2021 16:22:43,24-Nov-2021 22:40:38,38.3672504928601,590.4,72,14.4,06:17:55,3.1417,4.2570460704607,42.6242965633208,31.4567308637308,31.4567308637308,1,0,45
10543927,215,25/11/2021 00:00:00,25-Nov-2021 06:37:35,25-Nov-2021 12:55:31,38.3672504928601,590.4,72,14.4,06:17:55,3.1417,4.2570460704607,42.6242965633208,31.4567308637308,31.4567308637308,1,0,45
10543921,215,25/11/2021 00:00:00,25-Nov-2021 06:53:30,25-Nov-2021 13:11:26,38.3672504928601,590.4,72,14.4,06:17:56,3.1417,4.2570460704607,42.6242965633208,31.4567308637308,31.4567308637308,2,0,45
10543923,215,25/11/2021 00:00:00,25-Nov-2021 06:53:54,25-Nov-2021 13:11:49,38.3672504928601,590.4,72,14.4,06:17:55,3.1417,4.2570460704607,42.6242965633208,31.4567308637308,31.4567308637308,3,0,45
10543920,215,25/11/2021 00:00:00,25-Nov-2021 07:25:56,25-Nov-2021 13:43:51,38.3672504928601,590.4,72,14.4,06:17:55,3.1417,4.2570460704607,42.6242965633208,31.4567308637308,31.4567308637308,4,0,45
10543924,215,25/11/2021 00:00:00,25-Nov-2021 07:44:07,25-Nov-2021 14:02:02,38.3672504928601,590.4,72,14.4,06:17:55,3.1417,4.2570460704607,42.6242965633208,31.4567308637308,31.4567308637308,5,0,45
10543919,215,25/11/2021 00:00:00,25-Nov-2021 08:02:27,25-Nov-2021 14:20:22,38.3672504928601,590.4,72,14.4,06:17:55,3.1417,4.2570460704607,42.6242965633208,31.4567308637308,31.4567308637308,6,0,45
10543925,215,25/11/2021 00:00:00,25-Nov-2021 08:07:39,25-Nov-2021 14:25:34,38.3672504928601,590.4,72,14.4,06:17:55,3.1417,4.2570460704607,42.6242965633208,31.4567308637308,31.4567308637308,7,0,45
10543926,215,25/11/2021 00:00:00,25-Nov-2021 08:13:32,25-Nov-2021 14:31:27,38.3672504928601,590.4,72,14.4,06:17:55,3.1417,4.2570460704607,42.6242965633208,31.4567308637308,31.4567308637308,8,0,45
10543922,215,25/11/2021 00:00:00,25-Nov-2021 08:14:53,25-Nov-2021 14:32:49,38.3672504928601,590.4,72,14.4,06:17:55,3.1417,4.2570460704607,42.6242965633208,31.4567308637308,31.4567308637308,9,0,45
10543928,215,25/11/2021 00:00:00,25-Nov-2021 15:54:46,25-Nov-2021 22:12:41,38.3672504928601,590.4,72,14.4,06:17:55,3.1417,4.2570460704607,42.6242965633208,31.4567308637308,31.4567308637308,1,0,45
10543932,215,26/11/2021 00:00:00,26-Nov-2021 06:48:05,26-Nov-2021 13:27:28,39.1367396740093,590.4,72,14.4,06:39:23,3.325,4.50542005420054,43.6421597282098,32.2079138794189,32.2079138794189,1,0,45
10543933,215,26/11/2021 00:00:00,26-Nov-2021 06:52:40,26-Nov-2021 13:32:05,39.1367396740093,590.4,72,14.4,06:39:24,3.325,4.50542005420054,43.6421597282098,32.2079138794189,32.2079138794189,2,0,45
10543934,215,26/11/2021 00:00:00,26-Nov-2021 07:18:16,26-Nov-2021 13:57:39,39.1367396740093,590.4,72,14.4,06:39:23,3.325,4.50542005420054,43.6421597282098,32.2079138794189,32.2079138794189,3,0,45
10543930,215,26/11/2021 00:00:00,26-Nov-2021 07:34:18,26-Nov-2021 14:13:42,39.1367396740093,590.4,72,14.4,06:39:24,3.325,4.50542005420054,43.6421597282098,32.2079138794189,32.2079138794189,4,0,45
10543929,215,26/11/2021 00:00:00,26-Nov-2021 08:13:58,26-Nov-2021 14:53:21,39.1367396740093,590.4,72,14.4,06:39:24,3.325,4.50542005420054,43.6421597282098,32.2079138794189,32.2079138794189,5,0,45
10543936,215,26/11/2021 00:00:00,26-Nov-2021 08:41:50,26-Nov-2021 15:21:14,39.1367396740093,590.4,72,14.4,06:39:23,3.325,4.50542005420054,43.6421597282098,32.2079138794189,32.2079138794189,6,0,45
10543935,215,26/11/2021 00:00:00,26-Nov-2021 08:54:30,26-Nov-2021 15:33:53,39.1367396740093,590.4,72,14.4,06:39:24,3.325,4.50542005420054,43.6421597282098,32.2079138794189,32.2079138794189,7,0,45
10543931,215,26/11/2021 00:00:00,26-Nov-2021 09:15:16,26-Nov-2021 15:54:39,39.1367396740093,590.4,72,14.4,06:39:23,3.325,4.50542005420054,43.6421597282098,32.2079138794189,32.2079138794189,8,0,45
10543940,215,27/11/2021 00:00:00,27-Nov-2021 06:38:33,27-Nov-2021 13:17:57,39.1367396740093,590.4,72,14.4,06:39:24,3.325,4.50542005420054,43.6421597282098,32.2079138794189,32.2079138794189,1,0,45
10543943,215,27/11/2021 00:00:00,27-Nov-2021 07:13:17,27-Nov-2021 13:52:41,39.1367396740093,590.4,72,14.4,06:39:24,3.325,4.50542005420054,43.6421597282098,32.2079138794189,32.2079138794189,2,0,45
10543942,215,27/11/2021 00:00:00,27-Nov-2021 07:45:28,27-Nov-2021 14:24:53,39.1367396740093,590.4,72,14.4,06:39:24,3.325,4.50542005420054,43.6421597282098,32.2079138794189,32.2079138794189,3,0,45
10543938,215,27/11/2021 00:00:00,27-Nov-2021 07:50:22,27-Nov-2021 14:29:44,39.1367396740093,590.4,72,14.4,06:39:23,3.325,4.50542005420054,43.6421597282098,32.2079138794189,32.2079138794189,4,0,45
10543941,215,27/11/2021 00:00:00,27-Nov-2021 08:04:00,27-Nov-2021 14:43:23,39.1367396740093,590.4,72,14.4,06:39:23,3.325,4.50542005420054,43.6421597282098,32.2079138794189,32.2079138794189,5,0,45
10543939,215,27/11/2021 00:00:00,27-Nov-2021 08:47:08,27-Nov-2021 15:26:32,39.1367396740093,590.4,72,14.4,06:39:24,3.325,4.50542005420054,43.6421597282098,32.2079138794189,32.2079138794189,6,0,45
10543937,215,27/11/2021 00:00:00,27-Nov-2021 09:28:53,27-Nov-2021 16:08:15,39.1367396740093,590.4,72,14.4,06:39:23,3.325,4.50542005420054,43.6421597282098,32.2079138794189,32.2079138794189,7,0,45
10543950,215,28/11/2021 00:00:00,28-Nov-2021 06:34:42,28-Nov-2021 13:14:04,39.1367396740093,590.4,72,14.4,06:39:23,3.325,4.50542005420054,43.6421597282098,32.2079138794189,32.2079138794189,1,0,45
10543951,215,28/11/2021 00:00:00,28-Nov-2021 06:45:03,28-Nov-2021 13:24:27,39.1367396740093,590.4,72,14.4,06:39:24,3.325,4.50542005420054,43.6421597282098,32.2079138794189,32.2079138794189,2,0,45
10543949,215,28/11/2021 00:00:00,28-Nov-2021 06:45:21,28-Nov-2021 13:24:44,39.1367396740093,590.4,72,14.4,06:39:23,3.325,4.50542005420054,43.6421597282098,32.2079138794189,32.2079138794189,3,0,45
10543946,215,28/11/2021 00:00:00,28-Nov-2021 06:52:47,28-Nov-2021 13:32:11,39.1367396740093,590.4,72,14.4,06:39:24,3.325,4.50542005420054,43.6421597282098,32.2079138794189,32.2079138794189,4,0,45
10543952,215,28/11/2021 00:00:00,28-Nov-2021 07:12:06,28-Nov-2021 13:51:30,39.1367396740093,590.4,72,14.4,06:39:23,3.325,4.50542005420054,43.6421597282098,32.2079138794189,32.2079138794189,5,0,45
10543945,215,28/11/2021 00:00:00,28-Nov-2021 07:34:21,28-Nov-2021 14:13:45,39.1367396740093,590.4,72,14.4,06:39:23,3.325,4.50542005420054,43.6421597282098,32.2079138794189,32.2079138794189,6,0,45
10543948,215,28/11/2021 00:00:00,28-Nov-2021 07:39:13,28-Nov-2021 14:18:36,39.1367396740093,590.4,72,14.4,06:39:23,3.325,4.50542005420054,43.6421597282098,32.2079138794189,32.2079138794189,7,0,45
10543947,215,28/11/2021 00:00:00,28-Nov-2021 07:41:43,28-Nov-2021 14:21:05,39.1367396740093,590.4,72,14.4,06:39:23,3.325,4.50542005420054,43.6421597282098,32.2079138794189,32.2079138794189,8,0,45
10543944,215,28/11/2021 00:00:00,28-Nov-2021 07:53:30,28-Nov-2021 14:32:54,39.1367396740093,590.4,72,14.4,06:39:24,3.325,4.50542005420054,43.6421597282098,32.2079138794189,32.2079138794189,9,0,45
10543959,215,29/11/2021 00:00:00,29-Nov-2021 06:50:19,29-Nov-2021 13:29:42,39.1367396740093,590.4,72,14.4,06:39:23,3.325,4.50542005420054,43.6421597282098,32.2079138794189,32.2079138794189,1,0,45
10543960,215,29/11/2021 00:00:00,29-Nov-2021 07:00:24,29-Nov-2021 13:39:46,39.1367396740093,590.4,72,14.4,06:39:23,3.325,4.50542005420054,43.6421597282098,32.2079138794189,32.2079138794189,2,0,45
10543958,215,29/11/2021 00:00:00,29-Nov-2021 07:04:09,29-Nov-2021 13:43:33,39.1367396740093,590.4,72,14.4,06:39:24,3.325,4.50542005420054,43.6421597282098,32.2079138794189,32.2079138794189,3,0,45
10543954,215,29/11/2021 00:00:00,29-Nov-2021 07:15:10,29-Nov-2021 13:54:34,39.1367396740093,590.4,72,14.4,06:39:24,3.325,4.50542005420054,43.6421597282098,32.2079138794189,32.2079138794189,4,0,45
10543957,215,29/11/2021 00:00:00,29-Nov-2021 07:50:17,29-Nov-2021 14:29:42,39.1367396740093,590.4,72,14.4,06:39:24,3.325,4.50542005420054,43.6421597282098,32.2079138794189,32.2079138794189,5,0,45
10543953,215,29/11/2021 00:00:00,29-Nov-2021 07:52:30,29-Nov-2021 14:31:54,39.1367396740093,590.4,72,14.4,06:39:23,3.325,4.50542005420054,43.6421597282098,32.2079138794189,32.2079138794189,6,0,45
10543955,215,29/11/2021 00:00:00,29-Nov-2021 07:56:41,29-Nov-2021 14:36:05,39.1367396740093,590.4,72,14.4,06:39:24,3.325,4.50542005420054,43.6421597282098,32.2079138794189,32.2079138794189,7,0,45
10543961,215,29/11/2021 00:00:00,29-Nov-2021 08:20:27,29-Nov-2021 14:59:51,39.1367396740093,590.4,72,14.4,06:39:23,3.325,4.50542005420054,43.6421597282098,32.2079138794189,32.2079138794189,8,0,45
10543956,215,29/11/2021 00:00:00,29-Nov-2021 08:20:41,29-Nov-2021 15:00:04,39.1367396740093,590.4,72,14.4,06:39:23,3.325,4.50542005420054,43.6421597282098,32.2079138794189,32.2079138794189,9,0,45
10543963,215,29/11/2021 00:00:00,29-Nov-2021 14:33:10,29-Nov-2021 21:12:33,39.1367396740093,590.4,72,14.4,06:39:23,3.325,4.50542005420054,43.6421597282098,32.2079138794189,32.2079138794189,1,0,45
10543964,215,29/11/2021 00:00:00,29-Nov-2021 15:34:52,29-Nov-2021 22:14:16,39.1367396740093,590.4,72,14.4,06:39:24,3.325,4.50542005420054,43.6421597282098,32.2079138794189,32.2079138794189,2,0,45
10543962,215,29/11/2021 00:00:00,29-Nov-2021 15:36:21,29-Nov-2021 22:15:44,39.1367396740093,590.4,72,14.4,06:39:23,3.325,4.50542005420054,43.6421597282098,32.2079138794189,32.2079138794189,3,0,45
10543972,215,30/11/2021 00:00:00,30-Nov-2021 06:32:16,30-Nov-2021 13:11:41,39.1367396740093,590.4,72,14.4,06:39:24,3.325,4.50542005420054,43.6421597282098,32.2079138794189,32.2079138794189,1,0,45
10543968,215,30/11/2021 00:00:00,30-Nov-2021 06:43:14,30-Nov-2021 13:22:36,39.1367396740093,590.4,72,14.4,06:39:23,3.325,4.50542005420054,43.6421597282098,32.2079138794189,32.2079138794189,2,0,45
10543971,215,30/11/2021 00:00:00,30-Nov-2021 06:44:23,30-Nov-2021 13:23:47,39.1367396740093,590.4,72,14.4,06:39:23,3.325,4.50542005420054,43.6421597282098,32.2079138794189,32.2079138794189,3,0,45
10543967,215,30/11/2021 00:00:00,30-Nov-2021 07:04:18,30-Nov-2021 13:43:41,39.1367396740093,590.4,72,14.4,06:39:23,3.325,4.50542005420054,43.6421597282098,32.2079138794189,32.2079138794189,4,0,45
10543965,215,30/11/2021 00:00:00,30-Nov-2021 07:22:07,30-Nov-2021 14:01:32,39.1367396740093,590.4,72,14.4,06:39:24,3.325,4.50542005420054,43.6421597282098,32.2079138794189,32.2079138794189,5,0,45
10543969,215,30/11/2021 00:00:00,30-Nov-2021 07:22:13,30-Nov-2021 14:01:36,39.1367396740093,590.4,72,14.4,06:39:23,3.325,4.50542005420054,43.6421597282098,32.2079138794189,32.2079138794189,6,0,45
10543966,215,30/11/2021 00:00:00,30-Nov-2021 07:40:31,30-Nov-2021 14:19:54,39.1367396740093,590.4,72,14.4,06:39:23,3.325,4.50542005420054,43.6421597282098,32.2079138794189,32.2079138794189,7,0,45
10543973,215,30/11/2021 00:00:00,30-Nov-2021 07:43:56,30-Nov-2021 14:23:18,39.1367396740093,590.4,72,14.4,06:39:23,3.325,4.50542005420054,43.6421597282098,32.2079138794189,32.2079138794189,8,0,45
10543970,215,30/11/2021 00:00:00,30-Nov-2021 07:59:45,30-Nov-2021 14:39:08,39.1367396740093,590.4,72,14.4,06:39:24,3.325,4.50542005420054,43.6421597282098,32.2079138794189,32.2079138794189,9,0,45
10543974,215,30/11/2021 00:00:00,30-Nov-2021 14:38:15,30-Nov-2021 21:17:38,39.1367396740093,590.4,72,14.4,06:39:23,3.325,4.50542005420054,43.6421597282098,32.2079138794189,32.2079138794189,1,0,45
10543975,215,30/11/2021 00:00:00,30-Nov-2021 14:42:20,30-Nov-2021 21:21:44,39.1367396740093,590.4,72,14.4,06:39:23,3.325,4.50542005420054,43.6421597282098,32.2079138794189,32.2079138794189,2,0,45
10543977,215,01/12/2021 00:00:00,01-Dec-2021 06:40:14,01-Dec-2021 13:19:37,39.1367396740093,590.4,72,14.4,06:39:24,3.325,4.50542005420054,43.6421597282098,32.2079138794189,32.2079138794189,1,0,45
10543981,215,01/12/2021 00:00:00,01-Dec-2021 06:43:55,01-Dec-2021 13:23:19,39.1367396740093,590.4,72,14.4,06:39:23,3.325,4.50542005420054,43.6421597282098,32.2079138794189,32.2079138794189,2,0,45
10543983,215,01/12/2021 00:00:00,01-Dec-2021 07:19:05,01-Dec-2021 13:58:27,39.1367396740093,590.4,72,14.4,06:39:23,3.325,4.50542005420054,43.6421597282098,32.2079138794189,32.2079138794189,3,0,45
10543979,215,01/12/2021 00:00:00,01-Dec-2021 07:28:45,01-Dec-2021 14:08:08,39.1367396740093,590.4,72,14.4,06:39:23,3.325,4.50542005420054,43.6421597282098,32.2079138794189,32.2079138794189,4,0,45
10543982,215,01/12/2021 00:00:00,01-Dec-2021 08:01:43,01-Dec-2021 14:41:06,39.1367396740093,590.4,72,14.4,06:39:24,3.325,4.50542005420054,43.6421597282098,32.2079138794189,32.2079138794189,5,0,45
10543976,215,01/12/2021 00:00:00,01-Dec-2021 08:19:55,01-Dec-2021 14:59:17,39.1367396740093,590.4,72,14.4,06:39:23,3.325,4.50542005420054,43.6421597282098,32.2079138794189,32.2079138794189,6,0,45
10543980,215,01/12/2021 00:00:00,01-Dec-2021 08:25:51,01-Dec-2021 15:05:13,39.1367396740093,590.4,72,14.4,06:39:23,3.325,4.50542005420054,43.6421597282098,32.2079138794189,32.2079138794189,7,0,45
10543978,215,01/12/2021 00:00:00,01-Dec-2021 08:27:15,01-Dec-2021 15:06:38,39.1367396740093,590.4,72,14.4,06:39:23,3.325,4.50542005420054,43.6421597282098,32.2079138794189,32.2079138794189,8,0,45
10543984,215,01/12/2021 00:00:00,01-Dec-2021 08:27:26,01-Dec-2021 15:06:48,39.1367396740093,590.4,72,14.4,06:39:23,3.325,4.50542005420054,43.6421597282098,32.2079138794189,32.2079138794189,9,0,45
10543985,215,02/12/2021 00:00:00,02-Dec-2021 06:33:41,02-Dec-2021 13:13:04,39.1367396740093,590.4,72,14.4,06:39:24,3.325,4.50542005420054,43.6421597282098,32.2079138794189,32.2079138794189,1,0,45
10543989,215,02/12/2021 00:00:00,02-Dec-2021 06:35:29,02-Dec-2021 13:14:52,39.1367396740093,590.4,72,14.4,06:39:23,3.325,4.50542005420054,43.6421597282098,32.2079138794189,32.2079138794189,2,0,45
10543991,215,02/12/2021 00:00:00,02-Dec-2021 06:49:57,02-Dec-2021 13:29:21,39.1367396740093,590.4,72,14.4,06:39:23,3.325,4.50542005420054,43.6421597282098,32.2079138794189,32.2079138794189,3,0,45
10543986,215,02/12/2021 00:00:00,02-Dec-2021 06:57:30,02-Dec-2021 13:36:54,39.1367396740093,590.4,72,14.4,06:39:23,3.325,4.50542005420054,43.6421597282098,32.2079138794189,32.2079138794189,4,0,45
10543993,215,02/12/2021 00:00:00,02-Dec-2021 07:00:50,02-Dec-2021 13:40:14,39.1367396740093,590.4,72,14.4,06:39:24,3.325,4.50542005420054,43.6421597282098,32.2079138794189,32.2079138794189,5,0,45
10543988,215,02/12/2021 00:00:00,02-Dec-2021 07:35:37,02-Dec-2021 14:15:00,39.1367396740093,590.4,72,14.4,06:39:24,3.325,4.50542005420054,43.6421597282098,32.2079138794189,32.2079138794189,6,0,45
10543987,215,02/12/2021 00:00:00,02-Dec-2021 07:52:21,02-Dec-2021 14:31:43,39.1367396740093,590.4,72,14.4,06:39:23,3.325,4.50542005420054,43.6421597282098,32.2079138794189,32.2079138794189,7,0,45
10543990,215,02/12/2021 00:00:00,02-Dec-2021 08:00:16,02-Dec-2021 14:39:40,39.1367396740093,590.4,72,14.4,06:39:24,3.325,4.50542005420054,43.6421597282098,32.2079138794189,32.2079138794189,8,0,45
10543992,215,02/12/2021 00:00:00,02-Dec-2021 08:10:24,02-Dec-2021 14:49:46,39.1367396740093,590.4,72,14.4,06:39:23,3.325,4.50542005420054,43.6421597282098,32.2079138794189,32.2079138794189,9,0,45
10543994,215,02/12/2021 00:00:00,02-Dec-2021 14:56:33,02-Dec-2021 21:35:57,39.1367396740093,590.4,72,14.4,06:39:24,3.325,4.50542005420054,43.6421597282098,32.2079138794189,32.2079138794189,1,0,45
10543995,215,03/12/2021 00:00:00,03-Dec-2021 06:41:10,03-Dec-2021 12:59:03,38.1368792208467,590.4,72,14.4,06:17:52,3.1417,4.2570460704607,42.3939252913074,31.2867168649849,31.2867168649849,1,0,45
10543999,215,03/12/2021 00:00:00,03-Dec-2021 07:04:48,03-Dec-2021 13:22:41,38.1368792208467,590.4,72,14.4,06:17:52,3.1417,4.2570460704607,42.3939252913074,31.2867168649849,31.2867168649849,2,0,45
10544003,215,03/12/2021 00:00:00,03-Dec-2021 07:24:55,03-Dec-2021 13:42:47,38.1368792208467,590.4,72,14.4,06:17:52,3.1417,4.2570460704607,42.3939252913074,31.2867168649849,31.2867168649849,3,0,45
10544000,215,03/12/2021 00:00:00,03-Dec-2021 07:27:58,03-Dec-2021 13:45:50,38.1368792208467,590.4,72,14.4,06:17:53,3.1417,4.2570460704607,42.3939252913074,31.2867168649849,31.2867168649849,4,0,45
10544001,215,03/12/2021 00:00:00,03-Dec-2021 08:01:54,03-Dec-2021 14:19:47,38.1368792208467,590.4,72,14.4,06:17:53,3.1417,4.2570460704607,42.3939252913074,31.2867168649849,31.2867168649849,5,0,45
10543997,215,03/12/2021 00:00:00,03-Dec-2021 08:02:31,03-Dec-2021 14:20:23,38.1368792208467,590.4,72,14.4,06:17:52,3.1417,4.2570460704607,42.3939252913074,31.2867168649849,31.2867168649849,6,0,45
10544002,215,03/12/2021 00:00:00,03-Dec-2021 08:08:35,03-Dec-2021 14:26:28,38.1368792208467,590.4,72,14.4,06:17:53,3.1417,4.2570460704607,42.3939252913074,31.2867168649849,31.2867168649849,7,0,45
10543996,215,03/12/2021 00:00:00,03-Dec-2021 08:19:17,03-Dec-2021 14:37:08,38.1368792208467,590.4,72,14.4,06:17:52,3.1417,4.2570460704607,42.3939252913074,31.2867168649849,31.2867168649849,8,0,45
10543998,215,03/12/2021 00:00:00,03-Dec-2021 08:21:48,03-Dec-2021 14:39:41,38.1368792208467,590.4,72,14.4,06:17:53,3.1417,4.2570460704607,42.3939252913074,31.2867168649849,31.2867168649849,9,0,45
10544004,215,04/12/2021 00:00:00,04-Dec-2021 07:06:17,04-Dec-2021 13:24:10,38.1368792208467,590.4,72,14.4,06:17:52,3.1417,4.2570460704607,42.3939252913074,31.2867168649849,31.2867168649849,1,0,45
10544005,215,04/12/2021 00:00:00,04-Dec-2021 07:10:22,04-Dec-2021 13:28:15,38.1368792208467,590.4,72,14.4,06:17:52,3.1417,4.2570460704607,42.3939252913074,31.2867168649849,31.2867168649849,2,0,45
10544006,215,04/12/2021 00:00:00,04-Dec-2021 07:19:44,04-Dec-2021 13:37:36,38.1368792208467,590.4,72,14.4,06:17:52,3.1417,4.2570460704607,42.3939252913074,31.2867168649849,31.2867168649849,3,0,45
10544008,215,04/12/2021 00:00:00,04-Dec-2021 07:54:59,04-Dec-2021 14:12:52,38.1368792208467,590.4,72,14.4,06:17:53,3.1417,4.2570460704607,42.3939252913074,31.2867168649849,31.2867168649849,4,0,45
10544007,215,04/12/2021 00:00:00,04-Dec-2021 08:01:22,04-Dec-2021 14:19:13,38.1368792208467,590.4,72,14.4,06:17:52,3.1417,4.2570460704607,42.3939252913074,31.2867168649849,31.2867168649849,5,0,45
10544011,215,04/12/2021 00:00:00,04-Dec-2021 08:30:42,04-Dec-2021 14:48:35,38.1368792208467,590.4,72,14.4,06:17:52,3.1417,4.2570460704607,42.3939252913074,31.2867168649849,31.2867168649849,6,0,45
10544010,215,04/12/2021 00:00:00,04-Dec-2021 08:41:38,04-Dec-2021 14:59:30,38.1368792208467,590.4,72,14.4,06:17:52,3.1417,4.2570460704607,42.3939252913074,31.2867168649849,31.2867168649849,7,0,45
10544009,215,04/12/2021 00:00:00,04-Dec-2021 09:19:16,04-Dec-2021 15:37:09,38.1368792208467,590.4,72,14.4,06:17:53,3.1417,4.2570460704607,42.3939252913074,31.2867168649849,31.2867168649849,8,0,45
10544019,215,05/12/2021 00:00:00,05-Dec-2021 06:36:02,05-Dec-2021 12:53:54,38.1368792208467,590.4,72,14.4,06:17:53,3.1417,4.2570460704607,42.3939252913074,31.2867168649849,31.2867168649849,1,0,45
10544012,215,05/12/2021 00:00:00,05-Dec-2021 06:40:09,05-Dec-2021 12:58:02,38.1368792208467,590.4,72,14.4,06:17:53,3.1417,4.2570460704607,42.3939252913074,31.2867168649849,31.2867168649849,2,0,45
10544017,215,05/12/2021 00:00:00,05-Dec-2021 06:41:55,05-Dec-2021 12:59:48,38.1368792208467,590.4,72,14.4,06:17:53,3.1417,4.2570460704607,42.3939252913074,31.2867168649849,31.2867168649849,3,0,45
10544018,215,05/12/2021 00:00:00,05-Dec-2021 06:52:39,05-Dec-2021 13:10:31,38.1368792208467,590.4,72,14.4,06:17:52,3.1417,4.2570460704607,42.3939252913074,31.2867168649849,31.2867168649849,4,0,45
10544020,215,05/12/2021 00:00:00,05-Dec-2021 07:07:41,05-Dec-2021 13:25:33,38.1368792208467,590.4,72,14.4,06:17:52,3.1417,4.2570460704607,42.3939252913074,31.2867168649849,31.2867168649849,5,0,45
10544016,215,05/12/2021 00:00:00,05-Dec-2021 07:15:10,05-Dec-2021 13:33:03,38.1368792208467,590.4,72,14.4,06:17:53,3.1417,4.2570460704607,42.3939252913074,31.2867168649849,31.2867168649849,6,0,45
10544013,215,05/12/2021 00:00:00,05-Dec-2021 07:40:26,05-Dec-2021 13:58:19,38.1368792208467,590.4,72,14.4,06:17:53,3.1417,4.2570460704607,42.3939252913074,31.2867168649849,31.2867168649849,7,0,45
10544014,215,05/12/2021 00:00:00,05-Dec-2021 07:50:18,05-Dec-2021 14:08:11,38.1368792208467,590.4,72,14.4,06:17:52,3.1417,4.2570460704607,42.3939252913074,31.2867168649849,31.2867168649849,8,0,45
10544015,215,05/12/2021 00:00:00,05-Dec-2021 07:54:14,05-Dec-2021 14:12:07,38.1368792208467,590.4,72,14.4,06:17:52,3.1417,4.2570460704607,42.3939252913074,31.2867168649849,31.2867168649849,9,0,45
10544022,215,06/12/2021 00:00:00,06-Dec-2021 06:32:15,06-Dec-2021 12:50:07,38.1368792208467,590.4,72,14.4,06:17:52,3.1417,4.2570460704607,42.3939252913074,31.2867168649849,31.2867168649849,1,0,45
10544028,215,06/12/2021 00:00:00,06-Dec-2021 06:48:36,06-Dec-2021 13:06:28,38.1368792208467,590.4,72,14.4,06:17:52,3.1417,4.2570460704607,42.3939252913074,31.2867168649849,31.2867168649849,2,0,45
10544025,215,06/12/2021 00:00:00,06-Dec-2021 07:07:08,06-Dec-2021 13:25:01,38.1368792208467,590.4,72,14.4,06:17:52,3.1417,4.2570460704607,42.3939252913074,31.2867168649849,31.2867168649849,3,0,45
10544024,215,06/12/2021 00:00:00,06-Dec-2021 07:20:03,06-Dec-2021 13:37:55,38.1368792208467,590.4,72,14.4,06:17:52,3.1417,4.2570460704607,42.3939252913074,31.2867168649849,31.2867168649849,4,0,45
10544027,215,06/12/2021 00:00:00,06-Dec-2021 07:49:22,06-Dec-2021 14:07:13,38.1368792208467,590.4,72,14.4,06:17:52,3.1417,4.2570460704607,42.3939252913074,31.2867168649849,31.2867168649849,5,0,45
10544026,215,06/12/2021 00:00:00,06-Dec-2021 07:53:45,06-Dec-2021 14:11:38,38.1368792208467,590.4,72,14.4,06:17:52,3.1417,4.2570460704607,42.3939252913074,31.2867168649849,31.2867168649849,6,0,45
10544021,215,06/12/2021 00:00:00,06-Dec-2021 07:58:38,06-Dec-2021 14:16:29,38.1368792208467,590.4,72,14.4,06:17:52,3.1417,4.2570460704607,42.3939252913074,31.2867168649849,31.2867168649849,7,0,45
10544029,215,06/12/2021 00:00:00,06-Dec-2021 07:59:48,06-Dec-2021 14:17:41,38.1368792208467,590.4,72,14.4,06:17:53,3.1417,4.2570460704607,42.3939252913074,31.2867168649849,31.2867168649849,8,0,45
10544023,215,06/12/2021 00:00:00,06-Dec-2021 08:18:44,06-Dec-2021 14:36:38,38.1368792208467,590.4,72,14.4,06:17:53,3.1417,4.2570460704607,42.3939252913074,31.2867168649849,31.2867168649849,9,0,45
10544032,215,06/12/2021 00:00:00,06-Dec-2021 14:30:45,06-Dec-2021 20:48:37,38.1368792208467,590.4,72,14.4,06:17:52,3.1417,4.2570460704607,42.3939252913074,31.2867168649849,31.2867168649849,1,0,45
10544030,215,06/12/2021 00:00:00,06-Dec-2021 15:32:09,06-Dec-2021 21:50:01,38.1368792208467,590.4,72,14.4,06:17:52,3.1417,4.2570460704607,42.3939252913074,31.2867168649849,31.2867168649849,2,0,45
10544033,215,06/12/2021 00:00:00,06-Dec-2021 15:39:04,06-Dec-2021 21:56:57,38.1368792208467,590.4,72,14.4,06:17:52,3.1417,4.2570460704607,42.3939252913074,31.2867168649849,31.2867168649849,3,0,45
10544031,215,06/12/2021 00:00:00,06-Dec-2021 15:51:44,06-Dec-2021 22:09:36,38.1368792208467,590.4,72,14.4,06:17:52,3.1417,4.2570460704607,42.3939252913074,31.2867168649849,31.2867168649849,4,0,45
10544042,215,07/12/2021 00:00:00,07-Dec-2021 06:37:12,07-Dec-2021 12:55:04,38.1368792208467,590.4,72,14.4,06:17:52,3.1417,4.2570460704607,42.3939252913074,31.2867168649849,31.2867168649849,1,0,45
10544041,215,07/12/2021 00:00:00,07-Dec-2021 06:42:17,07-Dec-2021 13:00:11,38.1368792208467,590.4,72,14.4,06:17:53,3.1417,4.2570460704607,42.3939252913074,31.2867168649849,31.2867168649849,2,0,45
10544037,215,07/12/2021 00:00:00,07-Dec-2021 07:08:26,07-Dec-2021 13:26:18,38.1368792208467,590.4,72,14.4,06:17:53,3.1417,4.2570460704607,42.3939252913074,31.2867168649849,31.2867168649849,3,0,45
10544035,215,07/12/2021 00:00:00,07-Dec-2021 07:09:06,07-Dec-2021 13:26:58,38.1368792208467,590.4,72,14.4,06:17:52,3.1417,4.2570460704607,42.3939252913074,31.2867168649849,31.2867168649849,4,0,45
10544039,215,07/12/2021 00:00:00,07-Dec-2021 07:16:06,07-Dec-2021 13:33:58,38.1368792208467,590.4,72,14.4,06:17:52,3.1417,4.2570460704607,42.3939252913074,31.2867168649849,31.2867168649849,5,0,45
10544038,215,07/12/2021 00:00:00,07-Dec-2021 07:29:23,07-Dec-2021 13:47:15,38.1368792208467,590.4,72,14.4,06:17:52,3.1417,4.2570460704607,42.3939252913074,31.2867168649849,31.2867168649849,6,0,45
10544040,215,07/12/2021 00:00:00,07-Dec-2021 07:35:34,07-Dec-2021 13:53:28,38.1368792208467,590.4,72,14.4,06:17:53,3.1417,4.2570460704607,42.3939252913074,31.2867168649849,31.2867168649849,7,0,45
10544034,215,07/12/2021 00:00:00,07-Dec-2021 08:23:45,07-Dec-2021 14:41:36,38.1368792208467,590.4,72,14.4,06:17:52,3.1417,4.2570460704607,42.3939252913074,31.2867168649849,31.2867168649849,8,0,45
10544036,215,07/12/2021 00:00:00,07-Dec-2021 08:25:46,07-Dec-2021 14:43:39,38.1368792208467,590.4,72,14.4,06:17:53,3.1417,4.2570460704607,42.3939252913074,31.2867168649849,31.2867168649849,9,0,45
10544043,215,07/12/2021 00:00:00,07-Dec-2021 14:40:51,07-Dec-2021 20:58:44,38.1368792208467,590.4,72,14.4,06:17:53,3.1417,4.2570460704607,42.3939252913074,31.2867168649849,31.2867168649849,1,0,45
10544044,215,07/12/2021 00:00:00,07-Dec-2021 16:14:22,07-Dec-2021 22:32:14,38.1368792208467,590.4,72,14.4,06:17:52,3.1417,4.2570460704607,42.3939252913074,31.2867168649849,31.2867168649849,2,0,45
10544045,215,07/12/2021 00:00:00,07-Dec-2021 16:23:20,07-Dec-2021 22:41:13,38.1368792208467,590.4,72,14.4,06:17:52,3.1417,4.2570460704607,42.3939252913074,31.2867168649849,31.2867168649849,3,0,45
10544046,215,08/12/2021 00:00:00,08-Dec-2021 07:32:35,08-Dec-2021 13:50:28,38.1368792208467,590.4,72,14.4,06:17:53,3.1417,4.2570460704607,42.3939252913074,31.2867168649849,31.2867168649849,1,0,45
10544048,215,08/12/2021 00:00:00,08-Dec-2021 07:39:47,08-Dec-2021 13:57:40,38.1368792208467,590.4,72,14.4,06:17:52,3.1417,4.2570460704607,42.3939252913074,31.2867168649849,31.2867168649849,2,0,45
10544047,215,08/12/2021 00:00:00,08-Dec-2021 07:58:40,08-Dec-2021 14:16:33,38.1368792208467,590.4,72,14.4,06:17:53,3.1417,4.2570460704607,42.3939252913074,31.2867168649849,31.2867168649849,3,0,45
10544050,215,08/12/2021 00:00:00,08-Dec-2021 08:01:10,08-Dec-2021 14:19:03,38.1368792208467,590.4,72,14.4,06:17:52,3.1417,4.2570460704607,42.3939252913074,31.2867168649849,31.2867168649849,4,0,45
10544052,215,08/12/2021 00:00:00,08-Dec-2021 08:13:16,08-Dec-2021 14:31:08,38.1368792208467,590.4,72,14.4,06:17:52,3.1417,4.2570460704607,42.3939252913074,31.2867168649849,31.2867168649849,5,0,45
10544049,215,08/12/2021 00:00:00,08-Dec-2021 08:18:41,08-Dec-2021 14:36:32,38.1368792208467,590.4,72,14.4,06:17:52,3.1417,4.2570460704607,42.3939252913074,31.2867168649849,31.2867168649849,6,0,45
10544051,215,08/12/2021 00:00:00,08-Dec-2021 08:25:27,08-Dec-2021 14:43:19,38.1368792208467,590.4,72,14.4,06:17:53,3.1417,4.2570460704607,42.3939252913074,31.2867168649849,31.2867168649849,7,0,45
10544053,215,08/12/2021 00:00:00,08-Dec-2021 08:25:53,08-Dec-2021 14:43:46,38.1368792208467,590.4,72,14.4,06:17:53,3.1417,4.2570460704607,42.3939252913074,31.2867168649849,31.2867168649849,8,0,45
10544054,215,08/12/2021 00:00:00,08-Dec-2021 08:29:49,08-Dec-2021 14:47:40,38.1368792208467,590.4,72,14.4,06:17:52,3.1417,4.2570460704607,42.3939252913074,31.2867168649849,31.2867168649849,9,0,45
10544055,215,08/12/2021 00:00:00,08-Dec-2021 14:33:03,08-Dec-2021 20:50:56,38.1368792208467,590.4,72,14.4,06:17:52,3.1417,4.2570460704607,42.3939252913074,31.2867168649849,31.2867168649849,10,0,45
10544061,215,09/12/2021 00:00:00,09-Dec-2021 06:32:39,09-Dec-2021 12:50:33,38.1368792208467,590.4,72,14.4,06:17:53,3.1417,4.2570460704607,42.3939252913074,31.2867168649849,31.2867168649849,1,0,45
10544060,215,09/12/2021 00:00:00,09-Dec-2021 06:40:11,09-Dec-2021 12:58:04,38.1368792208467,590.4,72,14.4,06:17:53,3.1417,4.2570460704607,42.3939252913074,31.2867168649849,31.2867168649849,2,0,45
10544059,215,09/12/2021 00:00:00,09-Dec-2021 06:40:29,09-Dec-2021 12:58:21,38.1368792208467,590.4,72,14.4,06:17:52,3.1417,4.2570460704607,42.3939252913074,31.2867168649849,31.2867168649849,3,0,45
10544057,215,09/12/2021 00:00:00,09-Dec-2021 06:55:07,09-Dec-2021 13:12:58,38.1368792208467,590.4,72,14.4,06:17:52,3.1417,4.2570460704607,42.3939252913074,31.2867168649849,31.2867168649849,4,0,45
10544058,215,09/12/2021 00:00:00,09-Dec-2021 07:08:10,09-Dec-2021 13:26:02,38.1368792208467,590.4,72,14.4,06:17:52,3.1417,4.2570460704607,42.3939252913074,31.2867168649849,31.2867168649849,5,0,45
10544056,215,09/12/2021 00:00:00,09-Dec-2021 07:16:40,09-Dec-2021 13:34:33,38.1368792208467,590.4,72,14.4,06:17:52,3.1417,4.2570460704607,42.3939252913074,31.2867168649849,31.2867168649849,6,0,45
10544063,215,09/12/2021 00:00:00,09-Dec-2021 07:23:18,09-Dec-2021 13:41:09,38.1368792208467,590.4,72,14.4,06:17:52,3.1417,4.2570460704607,42.3939252913074,31.2867168649849,31.2867168649849,7,0,45
10544062,215,09/12/2021 00:00:00,09-Dec-2021 07:49:55,09-Dec-2021 14:07:48,38.1368792208467,590.4,72,14.4,06:17:52,3.1417,4.2570460704607,42.3939252913074,31.2867168649849,31.2867168649849,8,0,45
10544064,215,09/12/2021 00:00:00,09-Dec-2021 08:10:40,09-Dec-2021 14:28:32,38.1368792208467,590.4,72,14.4,06:17:52,3.1417,4.2570460704607,42.3939252913074,31.2867168649849,31.2867168649849,9,0,45
10544065,215,09/12/2021 00:00:00,09-Dec-2021 15:07:04,09-Dec-2021 21:24:57,38.1368792208467,590.4,72,14.4,06:17:52,3.1417,4.2570460704607,42.3939252913074,31.2867168649849,31.2867168649849,1,0,45
10544066,215,09/12/2021 00:00:00,09-Dec-2021 16:21:14,09-Dec-2021 22:39:06,38.1368792208467,590.4,72,14.4,06:17:52,3.1417,4.2570460704607,42.3939252913074,31.2867168649849,31.2867168649849,2,0,45
10544067,215,10/12/2021 00:00:00,10-Dec-2021 06:56:18,10-Dec-2021 13:35:30,40.3190428932172,590.4,72,14.4,06:39:12,3.325,4.50542005420054,44.8244629474177,33.0804536551943,33.0804536551943,1,0,45
10544074,215,10/12/2021 00:00:00,10-Dec-2021 07:19:18,10-Dec-2021 13:58:30,40.3190428932172,590.4,72,14.4,06:39:12,3.325,4.50542005420054,44.8244629474177,33.0804536551943,33.0804536551943,2,0,45
10544070,215,10/12/2021 00:00:00,10-Dec-2021 07:55:50,10-Dec-2021 14:35:02,40.3190428932172,590.4,72,14.4,06:39:13,3.325,4.50542005420054,44.8244629474177,33.0804536551943,33.0804536551943,3,0,45
10544069,215,10/12/2021 00:00:00,10-Dec-2021 08:38:58,10-Dec-2021 15:18:11,40.3190428932172,590.4,72,14.4,06:39:13,3.325,4.50542005420054,44.8244629474177,33.0804536551943,33.0804536551943,4,0,45
10544073,215,10/12/2021 00:00:00,10-Dec-2021 08:57:42,10-Dec-2021 15:36:55,40.3190428932172,590.4,72,14.4,06:39:13,3.325,4.50542005420054,44.8244629474177,33.0804536551943,33.0804536551943,5,0,45
10544068,215,10/12/2021 00:00:00,10-Dec-2021 08:58:35,10-Dec-2021 15:37:47,40.3190428932172,590.4,72,14.4,06:39:12,3.325,4.50542005420054,44.8244629474177,33.0804536551943,33.0804536551943,6,0,45
10544071,215,10/12/2021 00:00:00,10-Dec-2021 09:06:04,10-Dec-2021 15:45:16,40.3190428932172,590.4,72,14.4,06:39:12,3.325,4.50542005420054,44.8244629474177,33.0804536551943,33.0804536551943,7,0,45
10544072,215,10/12/2021 00:00:00,10-Dec-2021 09:06:44,10-Dec-2021 15:45:56,40.3190428932172,590.4,72,14.4,06:39:12,3.325,4.50542005420054,44.8244629474177,33.0804536551943,33.0804536551943,8,0,45
10544076,215,11/12/2021 00:00:00,11-Dec-2021 06:44:12,11-Dec-2021 13:23:24,40.3190428932172,590.4,72,14.4,06:39:12,3.325,4.50542005420054,44.8244629474177,33.0804536551943,33.0804536551943,1,0,45
10544078,215,11/12/2021 00:00:00,11-Dec-2021 07:12:21,11-Dec-2021 13:51:34,40.3190428932172,590.4,72,14.4,06:39:12,3.325,4.50542005420054,44.8244629474177,33.0804536551943,33.0804536551943,2,0,45
10544079,215,11/12/2021 00:00:00,11-Dec-2021 07:34:21,11-Dec-2021 14:13:34,40.3190428932172,590.4,72,14.4,06:39:12,3.325,4.50542005420054,44.8244629474177,33.0804536551943,33.0804536551943,3,0,45
10544080,215,11/12/2021 00:00:00,11-Dec-2021 07:49:40,11-Dec-2021 14:28:51,40.3190428932172,590.4,72,14.4,06:39:12,3.325,4.50542005420054,44.8244629474177,33.0804536551943,33.0804536551943,4,0,45
10544081,215,11/12/2021 00:00:00,11-Dec-2021 08:15:19,11-Dec-2021 14:54:32,40.3190428932172,590.4,72,14.4,06:39:13,3.325,4.50542005420054,44.8244629474177,33.0804536551943,33.0804536551943,5,0,45
10544075,215,11/12/2021 00:00:00,11-Dec-2021 09:14:26,11-Dec-2021 15:53:38,40.3190428932172,590.4,72,14.4,06:39:12,3.325,4.50542005420054,44.8244629474177,33.0804536551943,33.0804536551943,6,0,45
10544077,215,11/12/2021 00:00:00,11-Dec-2021 09:23:34,11-Dec-2021 16:02:46,40.3190428932172,590.4,72,14.4,06:39:12,3.325,4.50542005420054,44.8244629474177,33.0804536551943,33.0804536551943,7,0,45
10544089,215,12/12/2021 00:00:00,12-Dec-2021 06:37:06,12-Dec-2021 13:16:17,40.3190428932172,590.4,72,14.4,06:39:12,3.325,4.50542005420054,44.8244629474177,33.0804536551943,33.0804536551943,1,0,45
10544083,215,12/12/2021 00:00:00,12-Dec-2021 07:08:03,12-Dec-2021 13:47:15,40.3190428932172,590.4,72,14.4,06:39:12,3.325,4.50542005420054,44.8244629474177,33.0804536551943,33.0804536551943,2,0,45
10544082,215,12/12/2021 00:00:00,12-Dec-2021 07:18:28,12-Dec-2021 13:57:40,40.3190428932172,590.4,72,14.4,06:39:12,3.325,4.50542005420054,44.8244629474177,33.0804536551943,33.0804536551943,3,0,45
10544085,215,12/12/2021 00:00:00,12-Dec-2021 07:22:36,12-Dec-2021 14:01:48,40.3190428932172,590.4,72,14.4,06:39:12,3.325,4.50542005420054,44.8244629474177,33.0804536551943,33.0804536551943,4,0,45
10544088,215,12/12/2021 00:00:00,12-Dec-2021 07:26:23,12-Dec-2021 14:05:35,40.3190428932172,590.4,72,14.4,06:39:12,3.325,4.50542005420054,44.8244629474177,33.0804536551943,33.0804536551943,5,0,45
10544086,215,12/12/2021 00:00:00,12-Dec-2021 08:06:40,12-Dec-2021 14:45:52,40.3190428932172,590.4,72,14.4,06:39:12,3.325,4.50542005420054,44.8244629474177,33.0804536551943,33.0804536551943,6,0,45
10544087,215,12/12/2021 00:00:00,12-Dec-2021 08:12:54,12-Dec-2021 14:52:06,40.3190428932172,590.4,72,14.4,06:39:12,3.325,4.50542005420054,44.8244629474177,33.0804536551943,33.0804536551943,7,0,45
10544084,215,12/12/2021 00:00:00,12-Dec-2021 09:02:46,12-Dec-2021 15:41:59,40.3190428932172,590.4,72,14.4,06:39:13,3.325,4.50542005420054,44.8244629474177,33.0804536551943,33.0804536551943,8,0,45
10544097,215,13/12/2021 00:00:00,13-Dec-2021 06:32:07,13-Dec-2021 13:11:19,40.3190428932172,590.4,72,14.4,06:39:12,3.325,4.50542005420054,44.8244629474177,33.0804536551943,33.0804536551943,1,0,45
10544096,215,13/12/2021 00:00:00,13-Dec-2021 06:38:55,13-Dec-2021 13:18:07,40.3190428932172,590.4,72,14.4,06:39:12,3.325,4.50542005420054,44.8244629474177,33.0804536551943,33.0804536551943,2,0,45
10544090,215,13/12/2021 00:00:00,13-Dec-2021 06:39:04,13-Dec-2021 13:18:16,40.3190428932172,590.4,72,14.4,06:39:12,3.325,4.50542005420054,44.8244629474177,33.0804536551943,33.0804536551943,3,0,45
10544098,215,13/12/2021 00:00:00,13-Dec-2021 07:44:40,13-Dec-2021 14:23:52,40.3190428932172,590.4,72,14.4,06:39:12,3.325,4.50542005420054,44.8244629474177,33.0804536551943,33.0804536551943,4,0,45
10544091,215,13/12/2021 00:00:00,13-Dec-2021 08:01:18,13-Dec-2021 14:40:31,40.3190428932172,590.4,72,14.4,06:39:12,3.325,4.50542005420054,44.8244629474177,33.0804536551943,33.0804536551943,5,0,45
10544092,215,13/12/2021 00:00:00,13-Dec-2021 08:03:09,13-Dec-2021 14:42:21,40.3190428932172,590.4,72,14.4,06:39:12,3.325,4.50542005420054,44.8244629474177,33.0804536551943,33.0804536551943,6,0,45
10544094,215,13/12/2021 00:00:00,13-Dec-2021 08:19:25,13-Dec-2021 14:58:37,40.3190428932172,590.4,72,14.4,06:39:12,3.325,4.50542005420054,44.8244629474177,33.0804536551943,33.0804536551943,7,0,45
10544093,215,13/12/2021 00:00:00,13-Dec-2021 08:21:41,13-Dec-2021 15:00:53,40.3190428932172,590.4,72,14.4,06:39:12,3.325,4.50542005420054,44.8244629474177,33.0804536551943,33.0804536551943,8,0,45
10544095,215,13/12/2021 00:00:00,13-Dec-2021 08:28:34,13-Dec-2021 15:07:46,40.3190428932172,590.4,72,14.4,06:39:12,3.325,4.50542005420054,44.8244629474177,33.0804536551943,33.0804536551943,9,0,45
10544101,215,13/12/2021 00:00:00,13-Dec-2021 14:56:59,13-Dec-2021 21:36:11,40.3190428932172,590.4,72,14.4,06:39:12,3.325,4.50542005420054,44.8244629474177,33.0804536551943,33.0804536551943,1,0,45
10544099,215,13/12/2021 00:00:00,13-Dec-2021 16:17:46,13-Dec-2021 22:56:58,40.3190428932172,590.4,72,14.4,06:39:12,3.325,4.50542005420054,44.8244629474177,33.0804536551943,33.0804536551943,2,0,45
10544100,215,13/12/2021 00:00:00,13-Dec-2021 16:27:23,13-Dec-2021 23:06:35,40.3190428932172,590.4,72,14.4,06:39:12,3.325,4.50542005420054,44.8244629474177,33.0804536551943,33.0804536551943,3,0,45
10544109,215,14/12/2021 00:00:00,14-Dec-2021 07:05:58,14-Dec-2021 13:45:10,40.3190428932172,590.4,72,14.4,06:39:12,3.325,4.50542005420054,44.8244629474177,33.0804536551943,33.0804536551943,1,0,45
10544107,215,14/12/2021 00:00:00,14-Dec-2021 07:15:03,14-Dec-2021 13:54:17,40.3190428932172,590.4,72,14.4,06:39:13,3.325,4.50542005420054,44.8244629474177,33.0804536551943,33.0804536551943,2,0,45
10544106,215,14/12/2021 00:00:00,14-Dec-2021 07:51:53,14-Dec-2021 14:31:05,40.3190428932172,590.4,72,14.4,06:39:12,3.325,4.50542005420054,44.8244629474177,33.0804536551943,33.0804536551943,3,0,45
10544103,215,14/12/2021 00:00:00,14-Dec-2021 07:53:10,14-Dec-2021 14:32:22,40.3190428932172,590.4,72,14.4,06:39:12,3.325,4.50542005420054,44.8244629474177,33.0804536551943,33.0804536551943,4,0,45
10544110,215,14/12/2021 00:00:00,14-Dec-2021 07:58:19,14-Dec-2021 14:37:31,40.3190428932172,590.4,72,14.4,06:39:12,3.325,4.50542005420054,44.8244629474177,33.0804536551943,33.0804536551943,5,0,45
10544104,215,14/12/2021 00:00:00,14-Dec-2021 08:01:31,14-Dec-2021 14:40:43,40.3190428932172,590.4,72,14.4,06:39:12,3.325,4.50542005420054,44.8244629474177,33.0804536551943,33.0804536551943,6,0,45
10544102,215,14/12/2021 00:00:00,14-Dec-2021 08:02:57,14-Dec-2021 14:42:09,40.3190428932172,590.4,72,14.4,06:39:12,3.325,4.50542005420054,44.8244629474177,33.0804536551943,33.0804536551943,7,0,45
10544105,215,14/12/2021 00:00:00,14-Dec-2021 08:20:22,14-Dec-2021 14:59:34,40.3190428932172,590.4,72,14.4,06:39:12,3.325,4.50542005420054,44.8244629474177,33.0804536551943,33.0804536551943,8,0,45
10544108,215,14/12/2021 00:00:00,14-Dec-2021 08:26:58,14-Dec-2021 15:06:10,40.3190428932172,590.4,72,14.4,06:39:12,3.325,4.50542005420054,44.8244629474177,33.0804536551943,33.0804536551943,9,0,45
10544112,215,14/12/2021 00:00:00,14-Dec-2021 14:53:27,14-Dec-2021 21:32:39,40.3190428932172,590.4,72,14.4,06:39:12,3.325,4.50542005420054,44.8244629474177,33.0804536551943,33.0804536551943,1,0,45
10544111,215,14/12/2021 00:00:00,14-Dec-2021 15:31:48,14-Dec-2021 22:11:02,40.3190428932172,590.4,72,14.4,06:39:13,3.325,4.50542005420054,44.8244629474177,33.0804536551943,33.0804536551943,2,0,45
10544114,215,15/12/2021 00:00:00,15-Dec-2021 06:39:16,15-Dec-2021 13:18:28,40.3190428932172,590.4,72,14.4,06:39:12,3.325,4.50542005420054,44.8244629474177,33.0804536551943,33.0804536551943,1,0,45
10544119,215,15/12/2021 00:00:00,15-Dec-2021 06:48:13,15-Dec-2021 13:27:25,40.3190428932172,590.4,72,14.4,06:39:12,3.325,4.50542005420054,44.8244629474177,33.0804536551943,33.0804536551943,2,0,45
10544115,215,15/12/2021 00:00:00,15-Dec-2021 06:51:30,15-Dec-2021 13:30:42,40.3190428932172,590.4,72,14.4,06:39:12,3.325,4.50542005420054,44.8244629474177,33.0804536551943,33.0804536551943,3,0,45
10544113,215,15/12/2021 00:00:00,15-Dec-2021 06:52:24,15-Dec-2021 13:31:37,40.3190428932172,590.4,72,14.4,06:39:13,3.325,4.50542005420054,44.8244629474177,33.0804536551943,33.0804536551943,4,0,45
10544120,215,15/12/2021 00:00:00,15-Dec-2021 06:56:39,15-Dec-2021 13:35:52,40.3190428932172,590.4,72,14.4,06:39:12,3.325,4.50542005420054,44.8244629474177,33.0804536551943,33.0804536551943,5,0,45
10544117,215,15/12/2021 00:00:00,15-Dec-2021 06:58:57,15-Dec-2021 13:38:09,40.3190428932172,590.4,72,14.4,06:39:12,3.325,4.50542005420054,44.8244629474177,33.0804536551943,33.0804536551943,6,0,45
10544121,215,15/12/2021 00:00:00,15-Dec-2021 07:09:26,15-Dec-2021 13:48:38,40.3190428932172,590.4,72,14.4,06:39:12,3.325,4.50542005420054,44.8244629474177,33.0804536551943,33.0804536551943,7,0,45
10544118,215,15/12/2021 00:00:00,15-Dec-2021 07:50:07,15-Dec-2021 14:29:19,40.3190428932172,590.4,72,14.4,06:39:12,3.325,4.50542005420054,44.8244629474177,33.0804536551943,33.0804536551943,8,0,45
10544116,215,15/12/2021 00:00:00,15-Dec-2021 07:55:47,15-Dec-2021 14:34:59,40.3190428932172,590.4,72,14.4,06:39:12,3.325,4.50542005420054,44.8244629474177,33.0804536551943,33.0804536551943,9,0,45
10544124,215,16/12/2021 00:00:00,16-Dec-2021 06:57:52,16-Dec-2021 13:37:04,40.3190428932172,590.4,72,14.4,06:39:12,3.325,4.50542005420054,44.8244629474177,33.0804536551943,33.0804536551943,1,0,45
10544126,215,16/12/2021 00:00:00,16-Dec-2021 06:58:19,16-Dec-2021 13:37:31,40.3190428932172,590.4,72,14.4,06:39:12,3.325,4.50542005420054,44.8244629474177,33.0804536551943,33.0804536551943,2,0,45
10544129,215,16/12/2021 00:00:00,16-Dec-2021 07:16:35,16-Dec-2021 13:55:47,40.3190428932172,590.4,72,14.4,06:39:12,3.325,4.50542005420054,44.8244629474177,33.0804536551943,33.0804536551943,3,0,45
10544122,215,16/12/2021 00:00:00,16-Dec-2021 07:21:31,16-Dec-2021 14:00:43,40.3190428932172,590.4,72,14.4,06:39:12,3.325,4.50542005420054,44.8244629474177,33.0804536551943,33.0804536551943,4,0,45
10544123,215,16/12/2021 00:00:00,16-Dec-2021 07:22:23,16-Dec-2021 14:01:35,40.3190428932172,590.4,72,14.4,06:39:12,3.325,4.50542005420054,44.8244629474177,33.0804536551943,33.0804536551943,5,0,45
10544128,215,16/12/2021 00:00:00,16-Dec-2021 07:28:52,16-Dec-2021 14:08:04,40.3190428932172,590.4,72,14.4,06:39:12,3.325,4.50542005420054,44.8244629474177,33.0804536551943,33.0804536551943,6,0,45
10544127,215,16/12/2021 00:00:00,16-Dec-2021 07:36:26,16-Dec-2021 14:15:38,40.3190428932172,590.4,72,14.4,06:39:13,3.325,4.50542005420054,44.8244629474177,33.0804536551943,33.0804536551943,7,0,45
10544130,215,16/12/2021 00:00:00,16-Dec-2021 07:38:54,16-Dec-2021 14:18:06,40.3190428932172,590.4,72,14.4,06:39:12,3.325,4.50542005420054,44.8244629474177,33.0804536551943,33.0804536551943,8,0,45
10544125,215,16/12/2021 00:00:00,16-Dec-2021 08:14:44,16-Dec-2021 14:53:56,40.3190428932172,590.4,72,14.4,06:39:12,3.325,4.50542005420054,44.8244629474177,33.0804536551943,33.0804536551943,9,0,45
10544131,215,16/12/2021 00:00:00,16-Dec-2021 14:38:40,16-Dec-2021 21:17:52,40.3190428932172,590.4,72,14.4,06:39:12,3.325,4.50542005420054,44.8244629474177,33.0804536551943,33.0804536551943,1,0,45
10544136,215,17/12/2021 00:00:00,17-Dec-2021 06:56:51,17-Dec-2021 13:15:19,36.806007240809,590.4,72,14.4,06:18:29,3.15,4.26829268292683,41.0742999237358,30.312833343717,30.312833343717,1,0,45
10544139,215,17/12/2021 00:00:00,17-Dec-2021 07:32:44,17-Dec-2021 13:51:13,36.806007240809,590.4,72,14.4,06:18:28,3.15,4.26829268292683,41.0742999237358,30.312833343717,30.312833343717,2,0,45
10544133,215,17/12/2021 00:00:00,17-Dec-2021 07:43:50,17-Dec-2021 14:02:19,36.806007240809,590.4,72,14.4,06:18:29,3.15,4.26829268292683,41.0742999237358,30.312833343717,30.312833343717,3,0,45
10544132,215,17/12/2021 00:00:00,17-Dec-2021 07:45:50,17-Dec-2021 14:04:19,36.806007240809,590.4,72,14.4,06:18:29,3.15,4.26829268292683,41.0742999237358,30.312833343717,30.312833343717,4,0,45
10544134,215,17/12/2021 00:00:00,17-Dec-2021 07:53:18,17-Dec-2021 14:11:46,36.806007240809,590.4,72,14.4,06:18:28,3.15,4.26829268292683,41.0742999237358,30.312833343717,30.312833343717,5,0,45
10544138,215,17/12/2021 00:00:00,17-Dec-2021 07:56:13,17-Dec-2021 14:14:42,36.806007240809,590.4,72,14.4,06:18:28,3.15,4.26829268292683,41.0742999237358,30.312833343717,30.312833343717,6,0,45
10544140,215,17/12/2021 00:00:00,17-Dec-2021 08:08:27,17-Dec-2021 14:26:57,36.806007240809,590.4,72,14.4,06:18:29,3.15,4.26829268292683,41.0742999237358,30.312833343717,30.312833343717,7,0,45
10544135,215,17/12/2021 00:00:00,17-Dec-2021 08:14:38,17-Dec-2021 14:33:06,36.806007240809,590.4,72,14.4,06:18:28,3.15,4.26829268292683,41.0742999237358,30.312833343717,30.312833343717,8,0,45
10544137,215,17/12/2021 00:00:00,17-Dec-2021 08:15:15,17-Dec-2021 14:33:44,36.806007240809,590.4,72,14.4,06:18:28,3.15,4.26829268292683,41.0742999237358,30.312833343717,30.312833343717,9,0,45
10544141,215,17/12/2021 00:00:00,17-Dec-2021 15:28:38,17-Dec-2021 21:47:07,36.806007240809,590.4,72,14.4,06:18:29,3.15,4.26829268292683,41.0742999237358,30.312833343717,30.312833343717,1,0,45
10544150,215,18/12/2021 00:00:00,18-Dec-2021 07:15:09,18-Dec-2021 13:33:38,36.806007240809,590.4,72,14.4,06:18:29,3.15,4.26829268292683,41.0742999237358,30.312833343717,30.312833343717,1,0,45
10544148,215,18/12/2021 00:00:00,18-Dec-2021 07:30:18,18-Dec-2021 13:48:47,36.806007240809,590.4,72,14.4,06:18:29,3.15,4.26829268292683,41.0742999237358,30.312833343717,30.312833343717,2,0,45
10544146,215,18/12/2021 00:00:00,18-Dec-2021 07:34:35,18-Dec-2021 13:53:04,36.806007240809,590.4,72,14.4,06:18:28,3.15,4.26829268292683,41.0742999237358,30.312833343717,30.312833343717,3,0,45
10544142,215,18/12/2021 00:00:00,18-Dec-2021 07:47:23,18-Dec-2021 14:05:51,36.806007240809,590.4,72,14.4,06:18:28,3.15,4.26829268292683,41.0742999237358,30.312833343717,30.312833343717,4,0,45
10544147,215,18/12/2021 00:00:00,18-Dec-2021 07:48:18,18-Dec-2021 14:06:47,36.806007240809,590.4,72,14.4,06:18:28,3.15,4.26829268292683,41.0742999237358,30.312833343717,30.312833343717,5,0,45
10544145,215,18/12/2021 00:00:00,18-Dec-2021 07:52:08,18-Dec-2021 14:10:37,36.806007240809,590.4,72,14.4,06:18:29,3.15,4.26829268292683,41.0742999237358,30.312833343717,30.312833343717,6,0,45
10544143,215,18/12/2021 00:00:00,18-Dec-2021 08:11:15,18-Dec-2021 14:29:43,36.806007240809,590.4,72,14.4,06:18:29,3.15,4.26829268292683,41.0742999237358,30.312833343717,30.312833343717,7,0,45
10544144,215,18/12/2021 00:00:00,18-Dec-2021 08:18:50,18-Dec-2021 14:37:20,36.806007240809,590.4,72,14.4,06:18:29,3.15,4.26829268292683,41.0742999237358,30.312833343717,30.312833343717,8,0,45
10544149,215,18/12/2021 00:00:00,18-Dec-2021 08:29:14,18-Dec-2021 14:47:44,36.806007240809,590.4,72,14.4,06:18:29,3.15,4.26829268292683,41.0742999237358,30.312833343717,30.312833343717,9,0,45
10544151,215,18/12/2021 00:00:00,18-Dec-2021 15:50:02,18-Dec-2021 22:08:30,36.806007240809,590.4,72,14.4,06:18:29,3.15,4.26829268292683,41.0742999237358,30.312833343717,30.312833343717,1,0,45
10544160,215,19/12/2021 00:00:00,19-Dec-2021 06:46:38,19-Dec-2021 13:05:07,36.806007240809,590.4,72,14.4,06:18:28,3.15,4.26829268292683,41.0742999237358,30.312833343717,30.312833343717,1,0,45
10544152,215,19/12/2021 00:00:00,19-Dec-2021 07:08:18,19-Dec-2021 13:26:47,36.806007240809,590.4,72,14.4,06:18:29,3.15,4.26829268292683,41.0742999237358,30.312833343717,30.312833343717,2,0,45
10544153,215,19/12/2021 00:00:00,19-Dec-2021 07:24:10,19-Dec-2021 13:42:38,36.806007240809,590.4,72,14.4,06:18:29,3.15,4.26829268292683,41.0742999237358,30.312833343717,30.312833343717,3,0,45
10544158,215,19/12/2021 00:00:00,19-Dec-2021 07:25:40,19-Dec-2021 13:44:07,36.806007240809,590.4,72,14.4,06:18:28,3.15,4.26829268292683,41.0742999237358,30.312833343717,30.312833343717,4,0,45
10544157,215,19/12/2021 00:00:00,19-Dec-2021 07:40:01,19-Dec-2021 13:58:30,36.806007240809,590.4,72,14.4,06:18:28,3.15,4.26829268292683,41.0742999237358,30.312833343717,30.312833343717,5,0,45
10544156,215,19/12/2021 00:00:00,19-Dec-2021 07:58:40,19-Dec-2021 14:17:09,36.806007240809,590.4,72,14.4,06:18:29,3.15,4.26829268292683,41.0742999237358,30.312833343717,30.312833343717,6,0,45
10544155,215,19/12/2021 00:00:00,19-Dec-2021 08:00:08,19-Dec-2021 14:18:36,36.806007240809,590.4,72,14.4,06:18:28,3.15,4.26829268292683,41.0742999237358,30.312833343717,30.312833343717,7,0,45
10544154,215,19/12/2021 00:00:00,19-Dec-2021 08:01:39,19-Dec-2021 14:20:08,36.806007240809,590.4,72,14.4,06:18:29,3.15,4.26829268292683,41.0742999237358,30.312833343717,30.312833343717,8,0,45
10544159,215,19/12/2021 00:00:00,19-Dec-2021 08:26:55,19-Dec-2021 14:45:23,36.806007240809,590.4,72,14.4,06:18:28,3.15,4.26829268292683,41.0742999237358,30.312833343717,30.312833343717,9,0,45
10544161,215,19/12/2021 00:00:00,19-Dec-2021 16:02:11,19-Dec-2021 22:20:40,36.806007240809,590.4,72,14.4,06:18:28,3.15,4.26829268292683,41.0742999237358,30.312833343717,30.312833343717,1,0,45
10544163,215,20/12/2021 00:00:00,20-Dec-2021 06:59:34,20-Dec-2021 13:18:01,36.806007240809,590.4,72,14.4,06:18:28,3.15,4.26829268292683,41.0742999237358,30.312833343717,30.312833343717,1,0,45
10544162,215,20/12/2021 00:00:00,20-Dec-2021 07:03:09,20-Dec-2021 13:21:37,36.806007240809,590.4,72,14.4,06:18:29,3.15,4.26829268292683,41.0742999237358,30.312833343717,30.312833343717,2,0,45
10544167,215,20/12/2021 00:00:00,20-Dec-2021 07:03:48,20-Dec-2021 13:22:16,36.806007240809,590.4,72,14.4,06:18:28,3.15,4.26829268292683,41.0742999237358,30.312833343717,30.312833343717,3,0,45
10544165,215,20/12/2021 00:00:00,20-Dec-2021 07:07:38,20-Dec-2021 13:26:06,36.806007240809,590.4,72,14.4,06:18:28,3.15,4.26829268292683,41.0742999237358,30.312833343717,30.312833343717,4,0,45
10544166,215,20/12/2021 00:00:00,20-Dec-2021 07:28:09,20-Dec-2021 13:46:39,36.806007240809,590.4,72,14.4,06:18:29,3.15,4.26829268292683,41.0742999237358,30.312833343717,30.312833343717,5,0,45
10544169,215,20/12/2021 00:00:00,20-Dec-2021 08:00:50,20-Dec-2021 14:19:18,36.806007240809,590.4,72,14.4,06:18:28,3.15,4.26829268292683,41.0742999237358,30.312833343717,30.312833343717,6,0,45
10544168,215,20/12/2021 00:00:00,20-Dec-2021 08:07:48,20-Dec-2021 14:26:15,36.806007240809,590.4,72,14.4,06:18:28,3.15,4.26829268292683,41.0742999237358,30.312833343717,30.312833343717,7,0,45
10544170,215,20/12/2021 00:00:00,20-Dec-2021 08:13:14,20-Dec-2021 14:31:42,36.806007240809,590.4,72,14.4,06:18:29,3.15,4.26829268292683,41.0742999237358,30.312833343717,30.312833343717,8,0,45
10544164,215,20/12/2021 00:00:00,20-Dec-2021 08:25:32,20-Dec-2021 14:44:01,36.806007240809,590.4,72,14.4,06:18:28,3.15,4.26829268292683,41.0742999237358,30.312833343717,30.312833343717,9,0,45
10544171,215,20/12/2021 00:00:00,20-Dec-2021 15:24:42,20-Dec-2021 21:43:09,36.806007240809,590.4,72,14.4,06:18:28,3.15,4.26829268292683,41.0742999237358,30.312833343717,30.312833343717,1,0,45
10544172,215,21/12/2021 00:00:00,21-Dec-2021 06:37:44,21-Dec-2021 12:56:13,36.806007240809,590.4,72,14.4,06:18:28,3.15,4.26829268292683,41.0742999237358,30.312833343717,30.312833343717,1,0,45
10544174,215,21/12/2021 00:00:00,21-Dec-2021 06:48:46,21-Dec-2021 13:07:14,36.806007240809,590.4,72,14.4,06:18:28,3.15,4.26829268292683,41.0742999237358,30.312833343717,30.312833343717,2,0,45
10544176,215,21/12/2021 00:00:00,21-Dec-2021 06:56:39,21-Dec-2021 13:15:09,36.806007240809,590.4,72,14.4,06:18:29,3.15,4.26829268292683,41.0742999237358,30.312833343717,30.312833343717,3,0,45
10544173,215,21/12/2021 00:00:00,21-Dec-2021 07:01:32,21-Dec-2021 13:20:00,36.806007240809,590.4,72,14.4,06:18:29,3.15,4.26829268292683,41.0742999237358,30.312833343717,30.312833343717,4,0,45
10544180,215,21/12/2021 00:00:00,21-Dec-2021 07:18:28,21-Dec-2021 13:36:56,36.806007240809,590.4,72,14.4,06:18:29,3.15,4.26829268292683,41.0742999237358,30.312833343717,30.312833343717,5,0,45
10544175,215,21/12/2021 00:00:00,21-Dec-2021 08:01:08,21-Dec-2021 14:19:35,36.806007240809,590.4,72,14.4,06:18:28,3.15,4.26829268292683,41.0742999237358,30.312833343717,30.312833343717,6,0,45
10544178,215,21/12/2021 00:00:00,21-Dec-2021 08:03:43,21-Dec-2021 14:22:11,36.806007240809,590.4,72,14.4,06:18:28,3.15,4.26829268292683,41.0742999237358,30.312833343717,30.312833343717,7,0,45
10544179,215,21/12/2021 00:00:00,21-Dec-2021 08:10:12,21-Dec-2021 14:28:42,36.806007240809,590.4,72,14.4,06:18:29,3.15,4.26829268292683,41.0742999237358,30.312833343717,30.312833343717,8,0,45
10544177,215,21/12/2021 00:00:00,21-Dec-2021 08:10:30,21-Dec-2021 14:28:58,36.806007240809,590.4,72,14.4,06:18:28,3.15,4.26829268292683,41.0742999237358,30.312833343717,30.312833343717,9,0,45
10544181,215,21/12/2021 00:00:00,21-Dec-2021 14:45:41,21-Dec-2021 21:04:11,36.806007240809,590.4,72,14.4,06:18:29,3.15,4.26829268292683,41.0742999237358,30.312833343717,30.312833343717,1,0,45
10544182,215,22/12/2021 00:00:00,22-Dec-2021 06:34:55,22-Dec-2021 12:53:24,36.806007240809,590.4,72,14.4,06:18:29,3.15,4.26829268292683,41.0742999237358,30.312833343717,30.312833343717,1,0,45
10544186,215,22/12/2021 00:00:00,22-Dec-2021 06:44:44,22-Dec-2021 13:03:12,36.806007240809,590.4,72,14.4,06:18:29,3.15,4.26829268292683,41.0742999237358,30.312833343717,30.312833343717,2,0,45
10544189,215,22/12/2021 00:00:00,22-Dec-2021 06:53:03,22-Dec-2021 13:11:32,36.806007240809,590.4,72,14.4,06:18:28,3.15,4.26829268292683,41.0742999237358,30.312833343717,30.312833343717,3,0,45
10544188,215,22/12/2021 00:00:00,22-Dec-2021 07:20:00,22-Dec-2021 13:38:29,36.806007240809,590.4,72,14.4,06:18:28,3.15,4.26829268292683,41.0742999237358,30.312833343717,30.312833343717,4,0,45
10544184,215,22/12/2021 00:00:00,22-Dec-2021 07:21:18,22-Dec-2021 13:39:46,36.806007240809,590.4,72,14.4,06:18:29,3.15,4.26829268292683,41.0742999237358,30.312833343717,30.312833343717,5,0,45
10544190,215,22/12/2021 00:00:00,22-Dec-2021 07:21:56,22-Dec-2021 13:40:24,36.806007240809,590.4,72,14.4,06:18:29,3.15,4.26829268292683,41.0742999237358,30.312833343717,30.312833343717,6,0,45
10544185,215,22/12/2021 00:00:00,22-Dec-2021 07:26:09,22-Dec-2021 13:44:37,36.806007240809,590.4,72,14.4,06:18:29,3.15,4.26829268292683,41.0742999237358,30.312833343717,30.312833343717,7,0,45
10544183,215,22/12/2021 00:00:00,22-Dec-2021 07:36:27,22-Dec-2021 13:54:57,36.806007240809,590.4,72,14.4,06:18:29,3.15,4.26829268292683,41.0742999237358,30.312833343717,30.312833343717,8,0,45
10544187,215,22/12/2021 00:00:00,22-Dec-2021 08:10:37,22-Dec-2021 14:29:06,36.806007240809,590.4,72,14.4,06:18:29,3.15,4.26829268292683,41.0742999237358,30.312833343717,30.312833343717,9,0,45
10544191,215,22/12/2021 00:00:00,22-Dec-2021 15:23:45,22-Dec-2021 21:42:13,36.806007240809,590.4,72,14.4,06:18:28,3.15,4.26829268292683,41.0742999237358,30.312833343717,30.312833343717,1,0,45
10544194,215,23/12/2021 00:00:00,23-Dec-2021 06:47:56,23-Dec-2021 13:06:24,36.806007240809,590.4,72,14.4,06:18:29,3.15,4.26829268292683,41.0742999237358,30.312833343717,30.312833343717,1,0,45
10544196,215,23/12/2021 00:00:00,23-Dec-2021 06:54:39,23-Dec-2021 13:13:08,36.806007240809,590.4,72,14.4,06:18:29,3.15,4.26829268292683,41.0742999237358,30.312833343717,30.312833343717,2,0,45
10544200,215,23/12/2021 00:00:00,23-Dec-2021 07:15:11,23-Dec-2021 13:33:41,36.806007240809,590.4,72,14.4,06:18:29,3.15,4.26829268292683,41.0742999237358,30.312833343717,30.312833343717,3,0,45
10544197,215,23/12/2021 00:00:00,23-Dec-2021 07:25:33,23-Dec-2021 13:44:01,36.806007240809,590.4,72,14.4,06:18:28,3.15,4.26829268292683,41.0742999237358,30.312833343717,30.312833343717,4,0,45
10544195,215,23/12/2021 00:00:00,23-Dec-2021 07:28:37,23-Dec-2021 13:47:05,36.806007240809,590.4,72,14.4,06:18:29,3.15,4.26829268292683,41.0742999237358,30.312833343717,30.312833343717,5,0,45
10544193,215,23/12/2021 00:00:00,23-Dec-2021 07:43:22,23-Dec-2021 14:01:50,36.806007240809,590.4,72,14.4,06:18:28,3.15,4.26829268292683,41.0742999237358,30.312833343717,30.312833343717,6,0,45
10544199,215,23/12/2021 00:00:00,23-Dec-2021 07:48:09,23-Dec-2021 14:06:36,36.806007240809,590.4,72,14.4,06:18:28,3.15,4.26829268292683,41.0742999237358,30.312833343717,30.312833343717,7,0,45
10544192,215,23/12/2021 00:00:00,23-Dec-2021 08:19:15,23-Dec-2021 14:37:43,36.806007240809,590.4,72,14.4,06:18:28,3.15,4.26829268292683,41.0742999237358,30.312833343717,30.312833343717,8,0,45
10544198,215,23/12/2021 00:00:00,23-Dec-2021 08:24:54,23-Dec-2021 14:43:22,36.806007240809,590.4,72,14.4,06:18:28,3.15,4.26829268292683,41.0742999237358,30.312833343717,30.312833343717,9,0,45
10544201,215,23/12/2021 00:00:00,23-Dec-2021 15:56:33,23-Dec-2021 22:15:01,36.806007240809,590.4,72,14.4,06:18:28,3.15,4.26829268292683,41.0742999237358,30.312833343717,30.312833343717,1,0,45
10544210,215,24/12/2021 00:00:00,24-Dec-2021 06:58:51,24-Dec-2021 12:44:52,34.1672429758691,590.4,72,14.4,05:46:01,2.8833,3.90691056910569,38.0741535449748,28.0987253161914,28.0987253161914,1,0,45
10544209,215,24/12/2021 00:00:00,24-Dec-2021 07:06:46,24-Dec-2021 12:52:47,34.1672429758691,590.4,72,14.4,05:46:00,2.8833,3.90691056910569,38.0741535449748,28.0987253161914,28.0987253161914,2,0,45
10544204,215,24/12/2021 00:00:00,24-Dec-2021 07:28:22,24-Dec-2021 13:14:23,34.1672429758691,590.4,72,14.4,05:46:01,2.8833,3.90691056910569,38.0741535449748,28.0987253161914,28.0987253161914,3,0,45
10544203,215,24/12/2021 00:00:00,24-Dec-2021 07:31:14,24-Dec-2021 13:17:14,34.1672429758691,590.4,72,14.4,05:46:00,2.8833,3.90691056910569,38.0741535449748,28.0987253161914,28.0987253161914,4,0,45
10544208,215,24/12/2021 00:00:00,24-Dec-2021 07:36:34,24-Dec-2021 13:22:35,34.1672429758691,590.4,72,14.4,05:46:01,2.8833,3.90691056910569,38.0741535449748,28.0987253161914,28.0987253161914,5,0,45
10544207,215,24/12/2021 00:00:00,24-Dec-2021 07:40:16,24-Dec-2021 13:26:17,34.1672429758691,590.4,72,14.4,05:46:01,2.8833,3.90691056910569,38.0741535449748,28.0987253161914,28.0987253161914,6,0,45
10544202,215,24/12/2021 00:00:00,24-Dec-2021 08:03:16,24-Dec-2021 13:49:18,34.1672429758691,590.4,72,14.4,05:46:01,2.8833,3.90691056910569,38.0741535449748,28.0987253161914,28.0987253161914,7,0,45
10544206,215,24/12/2021 00:00:00,24-Dec-2021 08:10:45,24-Dec-2021 13:56:46,34.1672429758691,590.4,72,14.4,05:46:01,2.8833,3.90691056910569,38.0741535449748,28.0987253161914,28.0987253161914,8,0,45
10544205,215,24/12/2021 00:00:00,24-Dec-2021 08:27:49,24-Dec-2021 14:13:50,34.1672429758691,590.4,72,14.4,05:46:01,2.8833,3.90691056910569,38.0741535449748,28.0987253161914,28.0987253161914,9,0,45
10544212,215,25/12/2021 00:00:00,25-Dec-2021 06:52:11,25-Dec-2021 12:38:12,34.1672429758691,590.4,72,14.4,05:46:01,2.8833,3.90691056910569,38.0741535449748,28.0987253161914,28.0987253161914,1,0,45
10544214,215,25/12/2021 00:00:00,25-Dec-2021 07:11:06,25-Dec-2021 12:57:06,34.1672429758691,590.4,72,14.4,05:46:00,2.8833,3.90691056910569,38.0741535449748,28.0987253161914,28.0987253161914,2,0,45
10544215,215,25/12/2021 00:00:00,25-Dec-2021 07:49:50,25-Dec-2021 13:35:49,34.1672429758691,590.4,72,14.4,05:46:00,2.8833,3.90691056910569,38.0741535449748,28.0987253161914,28.0987253161914,3,0,45
10544218,215,25/12/2021 00:00:00,25-Dec-2021 08:11:54,25-Dec-2021 13:57:54,34.1672429758691,590.4,72,14.4,05:46:00,2.8833,3.90691056910569,38.0741535449748,28.0987253161914,28.0987253161914,4,0,45
10544213,215,25/12/2021 00:00:00,25-Dec-2021 08:46:39,25-Dec-2021 14:32:40,34.1672429758691,590.4,72,14.4,05:46:01,2.8833,3.90691056910569,38.0741535449748,28.0987253161914,28.0987253161914,5,0,45
10544217,215,25/12/2021 00:00:00,25-Dec-2021 08:48:35,25-Dec-2021 14:34:35,34.1672429758691,590.4,72,14.4,05:46:00,2.8833,3.90691056910569,38.0741535449748,28.0987253161914,28.0987253161914,6,0,45
10544216,215,25/12/2021 00:00:00,25-Dec-2021 08:52:43,25-Dec-2021 14:38:44,34.1672429758691,590.4,72,14.4,05:46:00,2.8833,3.90691056910569,38.0741535449748,28.0987253161914,28.0987253161914,7,0,45
10544211,215,25/12/2021 00:00:00,25-Dec-2021 09:01:00,25-Dec-2021 14:47:01,34.1672429758691,590.4,72,14.4,05:46:00,2.8833,3.90691056910569,38.0741535449748,28.0987253161914,28.0987253161914,8,0,45
10544219,215,26/12/2021 00:00:00,26-Dec-2021 06:33:22,26-Dec-2021 12:19:23,34.1672429758691,590.4,72,14.4,05:46:01,2.8833,3.90691056910569,38.0741535449748,28.0987253161914,28.0987253161914,1,0,45
10544220,215,26/12/2021 00:00:00,26-Dec-2021 07:00:54,26-Dec-2021 12:46:53,34.1672429758691,590.4,72,14.4,05:46:00,2.8833,3.90691056910569,38.0741535449748,28.0987253161914,28.0987253161914,2,0,45
10544223,215,26/12/2021 00:00:00,26-Dec-2021 07:03:41,26-Dec-2021 12:49:42,34.1672429758691,590.4,72,14.4,05:46:00,2.8833,3.90691056910569,38.0741535449748,28.0987253161914,28.0987253161914,3,0,45
10544227,215,26/12/2021 00:00:00,26-Dec-2021 07:47:10,26-Dec-2021 13:33:10,34.1672429758691,590.4,72,14.4,05:46:00,2.8833,3.90691056910569,38.0741535449748,28.0987253161914,28.0987253161914,4,0,45
10544225,215,26/12/2021 00:00:00,26-Dec-2021 07:54:03,26-Dec-2021 13:40:04,34.1672429758691,590.4,72,14.4,05:46:01,2.8833,3.90691056910569,38.0741535449748,28.0987253161914,28.0987253161914,5,0,45
10544221,215,26/12/2021 00:00:00,26-Dec-2021 08:02:40,26-Dec-2021 13:48:40,34.1672429758691,590.4,72,14.4,05:46:00,2.8833,3.90691056910569,38.0741535449748,28.0987253161914,28.0987253161914,6,0,45
10544226,215,26/12/2021 00:00:00,26-Dec-2021 08:06:43,26-Dec-2021 13:52:45,34.1672429758691,590.4,72,14.4,05:46:01,2.8833,3.90691056910569,38.0741535449748,28.0987253161914,28.0987253161914,7,0,45
10544222,215,26/12/2021 00:00:00,26-Dec-2021 08:11:45,26-Dec-2021 13:57:45,34.1672429758691,590.4,72,14.4,05:46:00,2.8833,3.90691056910569,38.0741535449748,28.0987253161914,28.0987253161914,8,0,45
10544224,215,26/12/2021 00:00:00,26-Dec-2021 08:25:38,26-Dec-2021 14:11:40,34.1672429758691,590.4,72,14.4,05:46:01,2.8833,3.90691056910569,38.0741535449748,28.0987253161914,28.0987253161914,9,0,45
10544233,215,27/12/2021 00:00:00,27-Dec-2021 06:31:17,27-Dec-2021 12:17:19,34.1672429758691,590.4,72,14.4,05:46:01,2.8833,3.90691056910569,38.0741535449748,28.0987253161914,28.0987253161914,1,0,45
10544235,215,27/12/2021 00:00:00,27-Dec-2021 06:35:52,27-Dec-2021 12:21:52,34.1672429758691,590.4,72,14.4,05:46:00,2.8833,3.90691056910569,38.0741535449748,28.0987253161914,28.0987253161914,2,0,45
10544230,215,27/12/2021 00:00:00,27-Dec-2021 06:46:18,27-Dec-2021 12:32:19,34.1672429758691,590.4,72,14.4,05:46:01,2.8833,3.90691056910569,38.0741535449748,28.0987253161914,28.0987253161914,3,0,45
10544228,215,27/12/2021 00:00:00,27-Dec-2021 07:04:02,27-Dec-2021 12:50:03,34.1672429758691,590.4,72,14.4,05:46:01,2.8833,3.90691056910569,38.0741535449748,28.0987253161914,28.0987253161914,4,0,45
10544234,215,27/12/2021 00:00:00,27-Dec-2021 07:12:26,27-Dec-2021 12:58:27,34.1672429758691,590.4,72,14.4,05:46:01,2.8833,3.90691056910569,38.0741535449748,28.0987253161914,28.0987253161914,5,0,45
10544229,215,27/12/2021 00:00:00,27-Dec-2021 07:22:36,27-Dec-2021 13:08:37,34.1672429758691,590.4,72,14.4,05:46:01,2.8833,3.90691056910569,38.0741535449748,28.0987253161914,28.0987253161914,6,0,45
10544232,215,27/12/2021 00:00:00,27-Dec-2021 07:47:18,27-Dec-2021 13:33:18,34.1672429758691,590.4,72,14.4,05:46:00,2.8833,3.90691056910569,38.0741535449748,28.0987253161914,28.0987253161914,7,0,45
10544231,215,27/12/2021 00:00:00,27-Dec-2021 08:11:24,27-Dec-2021 13:57:25,34.1672429758691,590.4,72,14.4,05:46:01,2.8833,3.90691056910569,38.0741535449748,28.0987253161914,28.0987253161914,8,0,45
10544236,215,27/12/2021 00:00:00,27-Dec-2021 08:13:30,27-Dec-2021 13:59:30,34.1672429758691,590.4,72,14.4,05:46:00,2.8833,3.90691056910569,38.0741535449748,28.0987253161914,28.0987253161914,9,0,45
10544238,215,27/12/2021 00:00:00,27-Dec-2021 14:46:00,27-Dec-2021 20:32:01,34.1672429758691,590.4,72,14.4,05:46:01,2.8833,3.90691056910569,38.0741535449748,28.0987253161914,28.0987253161914,1,0,45
10544237,215,27/12/2021 00:00:00,27-Dec-2021 15:15:19,27-Dec-2021 21:01:19,34.1672429758691,590.4,72,14.4,05:46:00,2.8833,3.90691056910569,38.0741535449748,28.0987253161914,28.0987253161914,2,0,45
10544239,215,27/12/2021 00:00:00,27-Dec-2021 15:47:21,27-Dec-2021 21:33:23,34.1672429758691,590.4,72,14.4,05:46:01,2.8833,3.90691056910569,38.0741535449748,28.0987253161914,28.0987253161914,3,0,45
10544247,215,28/12/2021 00:00:00,28-Dec-2021 06:31:10,28-Dec-2021 12:17:11,34.1672429758691,590.4,72,14.4,05:46:01,2.8833,3.90691056910569,38.0741535449748,28.0987253161914,28.0987253161914,1,0,45
10544246,215,28/12/2021 00:00:00,28-Dec-2021 07:00:42,28-Dec-2021 12:46:44,34.1672429758691,590.4,72,14.4,05:46:01,2.8833,3.90691056910569,38.0741535449748,28.0987253161914,28.0987253161914,2,0,45
10544248,215,28/12/2021 00:00:00,28-Dec-2021 07:12:46,28-Dec-2021 12:58:45,34.1672429758691,590.4,72,14.4,05:46:00,2.8833,3.90691056910569,38.0741535449748,28.0987253161914,28.0987253161914,3,0,45
10544240,215,28/12/2021 00:00:00,28-Dec-2021 07:26:30,28-Dec-2021 13:12:31,34.1672429758691,590.4,72,14.4,05:46:01,2.8833,3.90691056910569,38.0741535449748,28.0987253161914,28.0987253161914,4,0,45
10544244,215,28/12/2021 00:00:00,28-Dec-2021 07:37:17,28-Dec-2021 13:23:18,34.1672429758691,590.4,72,14.4,05:46:01,2.8833,3.90691056910569,38.0741535449748,28.0987253161914,28.0987253161914,5,0,45
10544243,215,28/12/2021 00:00:00,28-Dec-2021 07:59:49,28-Dec-2021 13:45:50,34.1672429758691,590.4,72,14.4,05:46:01,2.8833,3.90691056910569,38.0741535449748,28.0987253161914,28.0987253161914,6,0,45
10544242,215,28/12/2021 00:00:00,28-Dec-2021 08:09:04,28-Dec-2021 13:55:06,34.1672429758691,590.4,72,14.4,05:46:01,2.8833,3.90691056910569,38.0741535449748,28.0987253161914,28.0987253161914,7,0,45
10544245,215,28/12/2021 00:00:00,28-Dec-2021 08:13:50,28-Dec-2021 13:59:49,34.1672429758691,590.4,72,14.4,05:46:00,2.8833,3.90691056910569,38.0741535449748,28.0987253161914,28.0987253161914,8,0,45
10544241,215,28/12/2021 00:00:00,28-Dec-2021 08:14:30,28-Dec-2021 14:00:31,34.1672429758691,590.4,72,14.4,05:46:01,2.8833,3.90691056910569,38.0741535449748,28.0987253161914,28.0987253161914,9,0,45
10544249,215,28/12/2021 00:00:00,28-Dec-2021 15:47:36,28-Dec-2021 21:33:37,34.1672429758691,590.4,72,14.4,05:46:00,2.8833,3.90691056910569,38.0741535449748,28.0987253161914,28.0987253161914,1,0,45
10544250,215,28/12/2021 00:00:00,28-Dec-2021 15:56:44,28-Dec-2021 21:42:45,34.1672429758691,590.4,72,14.4,05:46:01,2.8833,3.90691056910569,38.0741535449748,28.0987253161914,28.0987253161914,2,0,45
10544259,215,29/12/2021 00:00:00,29-Dec-2021 06:37:10,29-Dec-2021 12:23:10,34.1672429758691,590.4,72,14.4,05:46:00,2.8833,3.90691056910569,38.0741535449748,28.0987253161914,28.0987253161914,1,0,45
10544258,215,29/12/2021 00:00:00,29-Dec-2021 07:07:24,29-Dec-2021 12:53:25,34.1672429758691,590.4,72,14.4,05:46:01,2.8833,3.90691056910569,38.0741535449748,28.0987253161914,28.0987253161914,2,0,45
10544256,215,29/12/2021 00:00:00,29-Dec-2021 07:08:06,29-Dec-2021 12:54:07,34.1672429758691,590.4,72,14.4,05:46:01,2.8833,3.90691056910569,38.0741535449748,28.0987253161914,28.0987253161914,3,0,45
10544252,215,29/12/2021 00:00:00,29-Dec-2021 07:12:06,29-Dec-2021 12:58:07,34.1672429758691,590.4,72,14.4,05:46:01,2.8833,3.90691056910569,38.0741535449748,28.0987253161914,28.0987253161914,4,0,45
10544253,215,29/12/2021 00:00:00,29-Dec-2021 07:18:31,29-Dec-2021 13:04:32,34.1672429758691,590.4,72,14.4,05:46:00,2.8833,3.90691056910569,38.0741535449748,28.0987253161914,28.0987253161914,5,0,45
10544255,215,29/12/2021 00:00:00,29-Dec-2021 07:53:05,29-Dec-2021 13:39:06,34.1672429758691,590.4,72,14.4,05:46:01,2.8833,3.90691056910569,38.0741535449748,28.0987253161914,28.0987253161914,6,0,45
10544254,215,29/12/2021 00:00:00,29-Dec-2021 07:59:18,29-Dec-2021 13:45:19,34.1672429758691,590.4,72,14.4,05:46:01,2.8833,3.90691056910569,38.0741535449748,28.0987253161914,28.0987253161914,7,0,45
10544251,215,29/12/2021 00:00:00,29-Dec-2021 08:10:08,29-Dec-2021 13:56:09,34.1672429758691,590.4,72,14.4,05:46:01,2.8833,3.90691056910569,38.0741535449748,28.0987253161914,28.0987253161914,8,0,45
10544257,215,29/12/2021 00:00:00,29-Dec-2021 08:18:33,29-Dec-2021 14:04:34,34.1672429758691,590.4,72,14.4,05:46:01,2.8833,3.90691056910569,38.0741535449748,28.0987253161914,28.0987253161914,9,0,45
10544266,215,30/12/2021 00:00:00,30-Dec-2021 06:48:21,30-Dec-2021 12:34:23,34.1672429758691,590.4,72,14.4,05:46:01,2.8833,3.90691056910569,38.0741535449748,28.0987253161914,28.0987253161914,1,0,45
10544264,215,30/12/2021 00:00:00,30-Dec-2021 06:48:49,30-Dec-2021 12:34:50,34.1672429758691,590.4,72,14.4,05:46:01,2.8833,3.90691056910569,38.0741535449748,28.0987253161914,28.0987253161914,2,0,45
10544265,215,30/12/2021 00:00:00,30-Dec-2021 06:53:30,30-Dec-2021 12:39:30,34.1672429758691,590.4,72,14.4,05:46:00,2.8833,3.90691056910569,38.0741535449748,28.0987253161914,28.0987253161914,3,0,45
10544262,215,30/12/2021 00:00:00,30-Dec-2021 07:04:13,30-Dec-2021 12:50:13,34.1672429758691,590.4,72,14.4,05:46:01,2.8833,3.90691056910569,38.0741535449748,28.0987253161914,28.0987253161914,4,0,45
10544267,215,30/12/2021 00:00:00,30-Dec-2021 07:23:12,30-Dec-2021 13:09:13,34.1672429758691,590.4,72,14.4,05:46:01,2.8833,3.90691056910569,38.0741535449748,28.0987253161914,28.0987253161914,5,0,45
10544260,215,30/12/2021 00:00:00,30-Dec-2021 07:59:55,30-Dec-2021 13:45:56,34.1672429758691,590.4,72,14.4,05:46:01,2.8833,3.90691056910569,38.0741535449748,28.0987253161914,28.0987253161914,6,0,45
10544261,215,30/12/2021 00:00:00,30-Dec-2021 08:06:57,30-Dec-2021 13:52:57,34.1672429758691,590.4,72,14.4,05:46:00,2.8833,3.90691056910569,38.0741535449748,28.0987253161914,28.0987253161914,7,0,45
10544268,215,30/12/2021 00:00:00,30-Dec-2021 08:21:09,30-Dec-2021 14:07:09,34.1672429758691,590.4,72,14.4,05:46:00,2.8833,3.90691056910569,38.0741535449748,28.0987253161914,28.0987253161914,8,0,45
10544263,215,30/12/2021 00:00:00,30-Dec-2021 08:24:34,30-Dec-2021 14:10:34,34.1672429758691,590.4,72,14.4,05:46:01,2.8833,3.90691056910569,38.0741535449748,28.0987253161914,28.0987253161914,9,0,45
10544269,215,30/12/2021 00:00:00,30-Dec-2021 15:57:05,30-Dec-2021 21:43:05,34.1672429758691,590.4,72,14.4,05:46:00,2.8833,3.90691056910569,38.0741535449748,28.0987253161914,28.0987253161914,1,0,45
10544271,215,31/12/2021 00:00:00,31-Dec-2021 07:33:51,31-Dec-2021 13:46:27,38.9411653742768,590.4,72,14.4,06:12:36,3.1,4.20054200542005,43.1417073796969,31.8385800462163,31.8385800462163,1,0,45
10544273,215,31/12/2021 00:00:00,31-Dec-2021 08:03:31,31-Dec-2021 14:16:07,38.9411653742768,590.4,72,14.4,06:12:36,3.1,4.20054200542005,43.1417073796969,31.8385800462163,31.8385800462163,2,0,45
10544270,215,31/12/2021 00:00:00,31-Dec-2021 08:45:46,31-Dec-2021 14:58:23,38.9411653742768,590.4,72,14.4,06:12:37,3.1,4.20054200542005,43.1417073796969,31.8385800462163,31.8385800462163,3,0,45
10544272,215,31/12/2021 00:00:00,31-Dec-2021 09:21:25,31-Dec-2021 15:34:01,38.9411653742768,590.4,72,14.4,06:12:36,3.1,4.20054200542005,43.1417073796969,31.8385800462163,31.8385800462163,4,0,45
